# Temperatura_=_65.14
# Concentracion g/m^3_=_24000.0
# C_Vs_to_Am_M_A/Vsm_=_65563218390.804596
# pendiente_HvsI_1/m_=_3716.3
# ordenada_HvsI_A/m_=_1297.0
# frecuencia_Hz_=_302481.83453606215

Tiempo_(s)	Campo_(V.s)	Magnetizacion_(V.s)	Campo_(kA/m)	Magnetizacion_(A/m)
0.000000e+00	-7.941716e-06	-2.554735e-08	-5.685150e+01	-1.672761e+03
1.000000e-08	-7.937074e-06	-2.553385e-08	-5.681827e+01	-1.672097e+03
2.000000e-08	-7.929984e-06	-2.551546e-08	-5.676752e+01	-1.671173e+03
3.000000e-08	-7.920228e-06	-2.550037e-08	-5.669767e+01	-1.669967e+03
4.000000e-08	-7.907550e-06	-2.548014e-08	-5.660692e+01	-1.668469e+03
5.000000e-08	-7.891927e-06	-2.544985e-08	-5.649508e+01	-1.666683e+03
6.000000e-08	-7.873673e-06	-2.540935e-08	-5.636441e+01	-1.664629e+03
7.000000e-08	-7.853144e-06	-2.537620e-08	-5.621745e+01	-1.662343e+03
8.000000e-08	-7.829968e-06	-2.543542e-08	-5.605154e+01	-1.659867e+03
9.000000e-08	-7.803670e-06	-2.541267e-08	-5.586328e+01	-1.657248e+03
1.000000e-07	-7.774278e-06	-2.529844e-08	-5.565288e+01	-1.654530e+03
1.100000e-07	-7.742025e-06	-2.523888e-08	-5.542199e+01	-1.651747e+03
1.200000e-07	-7.706956e-06	-2.519031e-08	-5.517095e+01	-1.648915e+03
1.300000e-07	-7.669395e-06	-2.509301e-08	-5.490206e+01	-1.646034e+03
1.400000e-07	-7.629763e-06	-2.498530e-08	-5.461836e+01	-1.643081e+03
1.500000e-07	-7.587824e-06	-2.506822e-08	-5.431813e+01	-1.640014e+03
1.600000e-07	-7.543147e-06	-2.499221e-08	-5.399830e+01	-1.636771e+03
1.700000e-07	-7.495820e-06	-2.485225e-08	-5.365951e+01	-1.633283e+03
1.800000e-07	-7.445698e-06	-2.489023e-08	-5.330071e+01	-1.629476e+03
1.900000e-07	-7.392527e-06	-2.472255e-08	-5.292008e+01	-1.625282e+03
2.000000e-07	-7.336578e-06	-2.463332e-08	-5.251956e+01	-1.620650e+03
2.100000e-07	-7.277993e-06	-2.457642e-08	-5.210018e+01	-1.615550e+03
2.200000e-07	-7.216781e-06	-2.446764e-08	-5.166199e+01	-1.609981e+03
2.300000e-07	-7.152903e-06	-2.442539e-08	-5.120471e+01	-1.603967e+03
2.400000e-07	-7.086233e-06	-2.428941e-08	-5.072745e+01	-1.597553e+03
2.500000e-07	-7.016921e-06	-2.423130e-08	-5.023127e+01	-1.590795e+03
2.600000e-07	-6.944901e-06	-2.413418e-08	-4.971571e+01	-1.583750e+03
2.700000e-07	-6.870048e-06	-2.400498e-08	-4.917987e+01	-1.576461e+03
2.800000e-07	-6.792460e-06	-2.385154e-08	-4.862445e+01	-1.568953e+03
2.900000e-07	-6.712209e-06	-2.374898e-08	-4.804996e+01	-1.561224e+03
3.000000e-07	-6.629499e-06	-2.367683e-08	-4.745788e+01	-1.553250e+03
3.100000e-07	-6.544545e-06	-2.349058e-08	-4.684972e+01	-1.544990e+03
3.200000e-07	-6.457270e-06	-2.338312e-08	-4.622496e+01	-1.536396e+03
3.300000e-07	-6.367658e-06	-2.325745e-08	-4.558346e+01	-1.527427e+03
3.400000e-07	-6.275796e-06	-2.310019e-08	-4.492586e+01	-1.518055e+03
3.500000e-07	-6.181712e-06	-2.293655e-08	-4.425235e+01	-1.508272e+03
3.600000e-07	-6.085379e-06	-2.279491e-08	-4.356274e+01	-1.498089e+03
3.700000e-07	-5.986755e-06	-2.265868e-08	-4.285673e+01	-1.487532e+03
3.800000e-07	-5.886047e-06	-2.248380e-08	-4.213581e+01	-1.476630e+03
3.900000e-07	-5.783295e-06	-2.231857e-08	-4.140025e+01	-1.465407e+03
4.000000e-07	-5.678464e-06	-2.213611e-08	-4.064981e+01	-1.453870e+03
4.100000e-07	-5.571626e-06	-2.196263e-08	-3.988499e+01	-1.442010e+03
4.200000e-07	-5.462836e-06	-2.175662e-08	-3.910621e+01	-1.429798e+03
4.300000e-07	-5.352020e-06	-2.156210e-08	-3.831292e+01	-1.417195e+03
4.400000e-07	-5.239142e-06	-2.137012e-08	-3.750488e+01	-1.404160e+03
4.500000e-07	-5.124260e-06	-2.117189e-08	-3.668248e+01	-1.390657e+03
4.600000e-07	-5.007428e-06	-2.095739e-08	-3.584613e+01	-1.376666e+03
4.700000e-07	-4.888722e-06	-2.073537e-08	-3.499636e+01	-1.362182e+03
4.800000e-07	-4.768212e-06	-2.051757e-08	-3.413368e+01	-1.347214e+03
4.900000e-07	-4.646053e-06	-2.027838e-08	-3.325919e+01	-1.331776e+03
5.000000e-07	-4.522208e-06	-2.003041e-08	-3.237264e+01	-1.315881e+03
5.100000e-07	-4.396699e-06	-1.977496e-08	-3.147417e+01	-1.299530e+03
5.200000e-07	-4.269540e-06	-1.953253e-08	-3.056389e+01	-1.282706e+03
5.300000e-07	-4.140802e-06	-1.927195e-08	-2.964231e+01	-1.265380e+03
5.400000e-07	-4.010608e-06	-1.899454e-08	-2.871030e+01	-1.247511e+03
5.500000e-07	-3.878923e-06	-1.871019e-08	-2.776762e+01	-1.229057e+03
5.600000e-07	-3.745837e-06	-1.842058e-08	-2.681491e+01	-1.209985e+03
5.700000e-07	-3.611260e-06	-1.811122e-08	-2.585153e+01	-1.190277e+03
5.800000e-07	-3.475176e-06	-1.779350e-08	-2.487737e+01	-1.169931e+03
5.900000e-07	-3.337779e-06	-1.748764e-08	-2.389380e+01	-1.148961e+03
6.000000e-07	-3.199138e-06	-1.717104e-08	-2.290132e+01	-1.127383e+03
6.100000e-07	-3.059080e-06	-1.683296e-08	-2.189870e+01	-1.105207e+03
6.200000e-07	-2.917585e-06	-1.648023e-08	-2.088580e+01	-1.082426e+03
6.300000e-07	-2.774973e-06	-1.612623e-08	-1.986490e+01	-1.059010e+03
6.400000e-07	-2.631439e-06	-1.575358e-08	-1.883740e+01	-1.034906e+03
6.500000e-07	-2.487030e-06	-1.536879e-08	-1.780363e+01	-1.010047e+03
6.600000e-07	-2.341723e-06	-1.497809e-08	-1.676344e+01	-9.843605e+02
6.700000e-07	-2.195509e-06	-1.457505e-08	-1.571675e+01	-9.577850e+02
6.800000e-07	-2.048558e-06	-1.415157e-08	-1.466479e+01	-9.302774e+02
6.900000e-07	-1.900964e-06	-1.371264e-08	-1.360822e+01	-9.018178e+02
7.000000e-07	-1.752736e-06	-1.327117e-08	-1.254712e+01	-8.724050e+02
7.100000e-07	-1.604023e-06	-1.281227e-08	-1.148254e+01	-8.420461e+02
7.200000e-07	-1.454889e-06	-1.233617e-08	-1.041495e+01	-8.107413e+02
7.300000e-07	-1.305318e-06	-1.184690e-08	-9.344240e+00	-7.784707e+02
7.400000e-07	-1.155266e-06	-1.134203e-08	-8.270080e+00	-7.451872e+02
7.500000e-07	-1.004712e-06	-1.081581e-08	-7.192322e+00	-7.108175e+02
7.600000e-07	-8.537277e-07	-1.027078e-08	-6.111488e+00	-6.752738e+02
7.700000e-07	-7.024802e-07	-9.707908e-09	-5.028769e+00	-6.384728e+02
7.800000e-07	-5.510610e-07	-9.122304e-09	-3.944821e+00	-6.003546e+02
7.900000e-07	-3.994042e-07	-8.518936e-09	-2.859171e+00	-5.608978e+02
8.000000e-07	-2.475683e-07	-7.902497e-09	-1.772240e+00	-5.201212e+02
8.100000e-07	-9.563387e-08	-7.272750e-09	-6.846038e-01	-4.780705e+02
8.200000e-07	5.633414e-08	-6.619552e-09	4.032731e-01	-4.347893e+02
8.300000e-07	2.083408e-07	-5.942422e-09	1.491426e+00	-3.902799e+02
8.400000e-07	3.603455e-07	-5.240471e-09	2.579566e+00	-3.444636e+02
8.500000e-07	5.122333e-07	-4.513172e-09	3.666869e+00	-2.971514e+02
8.600000e-07	6.639875e-07	-3.757498e-09	4.753215e+00	-2.480360e+02
8.700000e-07	8.155310e-07	-2.970435e-09	5.838053e+00	-1.967132e+02
8.800000e-07	9.667784e-07	-2.146948e-09	6.920771e+00	-1.427323e+02
8.900000e-07	1.117686e-06	-1.277521e-09	8.001056e+00	-8.567264e+01
9.000000e-07	1.268201e-06	-3.614941e-10	9.078535e+00	-2.523125e+01
9.100000e-07	1.418195e-06	6.064468e-10	1.015228e+01	3.869150e+01
9.200000e-07	1.567639e-06	1.627717e-09	1.122209e+01	1.059276e+02
9.300000e-07	1.716604e-06	2.697612e-09	1.228847e+01	1.760117e+02
9.400000e-07	1.864985e-06	3.803059e-09	1.335067e+01	2.481946e+02
9.500000e-07	2.012663e-06	4.928628e-09	1.440783e+01	3.215004e+02
9.600000e-07	2.159629e-06	6.053123e-09	1.545990e+01	3.948186e+02
9.700000e-07	2.305805e-06	7.151930e-09	1.650632e+01	4.670165e+02
9.800000e-07	2.451127e-06	8.212116e-09	1.754661e+01	5.370533e+02
9.900000e-07	2.595522e-06	9.224851e-09	1.858028e+01	6.040761e+02
1.000000e-06	2.738942e-06	1.018338e-08	1.960697e+01	6.674843e+02
1.010000e-06	2.881321e-06	1.107900e-08	2.062620e+01	7.269530e+02
1.020000e-06	3.022511e-06	1.191754e-08	2.163692e+01	7.824163e+02
1.030000e-06	3.162409e-06	1.270051e-08	2.263839e+01	8.340175e+02
1.040000e-06	3.300998e-06	1.342981e-08	2.363049e+01	8.820393e+02
1.050000e-06	3.438374e-06	1.411269e-08	2.461392e+01	9.268299e+02
1.060000e-06	3.574472e-06	1.475449e-08	2.558819e+01	9.687376e+02
1.070000e-06	3.709156e-06	1.535332e-08	2.655233e+01	1.008067e+03
1.080000e-06	3.842492e-06	1.591132e-08	2.750683e+01	1.045055e+03
1.090000e-06	3.974483e-06	1.643735e-08	2.845170e+01	1.079879e+03
1.100000e-06	4.105067e-06	1.693117e-08	2.938649e+01	1.112666e+03
1.110000e-06	4.234277e-06	1.739605e-08	3.031146e+01	1.143524e+03
1.120000e-06	4.362011e-06	1.783357e-08	3.122585e+01	1.172564e+03
1.130000e-06	4.488170e-06	1.824932e-08	3.212897e+01	1.199913e+03
1.140000e-06	4.612812e-06	1.864426e-08	3.302124e+01	1.225716e+03
1.150000e-06	4.735909e-06	1.901762e-08	3.390244e+01	1.250133e+03
1.160000e-06	4.857406e-06	1.937298e-08	3.477219e+01	1.273318e+03
1.170000e-06	4.977135e-06	1.971105e-08	3.562928e+01	1.295406e+03
1.180000e-06	5.094956e-06	2.003345e-08	3.647271e+01	1.316503e+03
1.190000e-06	5.210809e-06	2.034215e-08	3.730205e+01	1.336674e+03
1.200000e-06	5.324589e-06	2.063668e-08	3.811656e+01	1.355958e+03
1.210000e-06	5.436315e-06	2.091515e-08	3.891636e+01	1.374369e+03
1.220000e-06	5.546111e-06	2.117734e-08	3.970234e+01	1.391919e+03
1.230000e-06	5.654019e-06	2.142830e-08	4.047481e+01	1.408626e+03
1.240000e-06	5.759908e-06	2.166898e-08	4.123282e+01	1.424524e+03
1.250000e-06	5.863656e-06	2.189903e-08	4.197552e+01	1.439665e+03
1.260000e-06	5.965250e-06	2.212120e-08	4.270279e+01	1.454115e+03
1.270000e-06	6.064673e-06	2.233665e-08	4.341451e+01	1.467943e+03
1.280000e-06	6.161796e-06	2.254085e-08	4.410978e+01	1.481206e+03
1.290000e-06	6.256603e-06	2.273316e-08	4.478846e+01	1.493948e+03
1.300000e-06	6.349184e-06	2.291745e-08	4.545122e+01	1.506190e+03
1.310000e-06	6.439567e-06	2.309350e-08	4.609823e+01	1.517934e+03
1.320000e-06	6.527652e-06	2.326052e-08	4.672879e+01	1.529170e+03
1.330000e-06	6.613419e-06	2.342210e-08	4.734277e+01	1.539885e+03
1.340000e-06	6.696949e-06	2.357902e-08	4.794072e+01	1.550075e+03
1.350000e-06	6.778039e-06	2.372792e-08	4.852121e+01	1.559746e+03
1.360000e-06	6.856566e-06	2.386962e-08	4.908336e+01	1.568920e+03
1.370000e-06	6.932562e-06	2.400674e-08	4.962738e+01	1.577630e+03
1.380000e-06	7.005928e-06	2.413852e-08	5.015258e+01	1.585911e+03
1.390000e-06	7.076729e-06	2.426206e-08	5.065941e+01	1.593794e+03
1.400000e-06	7.145081e-06	2.437758e-08	5.114871e+01	1.601299e+03
1.410000e-06	7.210886e-06	2.448764e-08	5.161979e+01	1.608431e+03
1.420000e-06	7.274098e-06	2.459201e-08	5.207230e+01	1.615186e+03
1.430000e-06	7.334873e-06	2.468865e-08	5.250736e+01	1.621548e+03
1.440000e-06	7.393100e-06	2.477903e-08	5.292418e+01	1.627506e+03
1.450000e-06	7.448655e-06	2.486249e-08	5.332188e+01	1.633055e+03
1.460000e-06	7.501451e-06	2.493983e-08	5.369982e+01	1.638203e+03
1.470000e-06	7.551125e-06	2.501416e-08	5.405542e+01	1.642974e+03
1.480000e-06	7.597837e-06	2.508472e-08	5.438981e+01	1.647399e+03
1.490000e-06	7.641959e-06	2.515047e-08	5.470566e+01	1.651512e+03
1.500000e-06	7.683344e-06	2.521134e-08	5.500192e+01	1.655344e+03
1.510000e-06	7.721918e-06	2.526742e-08	5.527806e+01	1.658912e+03
1.520000e-06	7.757891e-06	2.531690e-08	5.553557e+01	1.662216e+03
1.530000e-06	7.791123e-06	2.536112e-08	5.577347e+01	1.665242e+03
1.540000e-06	7.821465e-06	2.540146e-08	5.599067e+01	1.667965e+03
1.550000e-06	7.849145e-06	2.543849e-08	5.618882e+01	1.670359e+03
1.560000e-06	7.873970e-06	2.547024e-08	5.636654e+01	1.672403e+03
1.570000e-06	7.895858e-06	2.549566e-08	5.652322e+01	1.674087e+03
1.580000e-06	7.915052e-06	2.551736e-08	5.666062e+01	1.675421e+03
1.590000e-06	7.931391e-06	2.553354e-08	5.677758e+01	1.676428e+03
1.600000e-06	7.944735e-06	2.554552e-08	5.687311e+01	1.677143e+03
1.610000e-06	7.955001e-06	2.555514e-08	5.694660e+01	1.677602e+03
1.620000e-06	7.962226e-06	2.556219e-08	5.699832e+01	1.677839e+03
1.630000e-06	7.966664e-06	2.556620e-08	5.703009e+01	1.677874e+03
1.640000e-06	7.968258e-06	2.556585e-08	5.704150e+01	1.677713e+03
1.650000e-06	7.967035e-06	2.555456e-08	5.703275e+01	1.677346e+03
1.660000e-06	7.963207e-06	2.553709e-08	5.700534e+01	1.676751e+03
1.670000e-06	7.956665e-06	2.552354e-08	5.695851e+01	1.675902e+03
1.680000e-06	7.947482e-06	2.550508e-08	5.689278e+01	1.674777e+03
1.690000e-06	7.935712e-06	2.548335e-08	5.680852e+01	1.673361e+03
1.700000e-06	7.921072e-06	2.546602e-08	5.670372e+01	1.671655e+03
1.710000e-06	7.903799e-06	2.545667e-08	5.658006e+01	1.669673e+03
1.720000e-06	7.884283e-06	2.541295e-08	5.644036e+01	1.667448e+03
1.730000e-06	7.862132e-06	2.526237e-08	5.628179e+01	1.665020e+03
1.740000e-06	7.836587e-06	2.525340e-08	5.609893e+01	1.662436e+03
1.750000e-06	7.807358e-06	2.526706e-08	5.588968e+01	1.659742e+03
1.760000e-06	7.774917e-06	2.520078e-08	5.565745e+01	1.656973e+03
1.770000e-06	7.740083e-06	2.517828e-08	5.540809e+01	1.654153e+03
1.780000e-06	7.703137e-06	2.524745e-08	5.514361e+01	1.651287e+03
1.790000e-06	7.664097e-06	2.512675e-08	5.486414e+01	1.648357e+03
1.800000e-06	7.622889e-06	2.502682e-08	5.456915e+01	1.645326e+03
1.810000e-06	7.579069e-06	2.511525e-08	5.425546e+01	1.642139e+03
1.820000e-06	7.532631e-06	2.494086e-08	5.392302e+01	1.638728e+03
1.830000e-06	7.483445e-06	2.502465e-08	5.357093e+01	1.635018e+03
1.840000e-06	7.431297e-06	2.497294e-08	5.319762e+01	1.630939e+03
1.850000e-06	7.376296e-06	2.485887e-08	5.280389e+01	1.626435e+03
1.860000e-06	7.318454e-06	2.487690e-08	5.238982e+01	1.621469e+03
1.870000e-06	7.258085e-06	2.462587e-08	5.195766e+01	1.616032e+03
1.880000e-06	7.195019e-06	2.462128e-08	5.150620e+01	1.610140e+03
1.890000e-06	7.129090e-06	2.450951e-08	5.103424e+01	1.603833e+03
1.900000e-06	7.060430e-06	2.439392e-08	5.054274e+01	1.597166e+03
1.910000e-06	6.988976e-06	2.433179e-08	5.003122e+01	1.590197e+03
1.920000e-06	6.914886e-06	2.418557e-08	4.950085e+01	1.582973e+03
1.930000e-06	6.838008e-06	2.414363e-08	4.895051e+01	1.575525e+03
1.940000e-06	6.758414e-06	2.392829e-08	4.838072e+01	1.567859e+03
1.950000e-06	6.676396e-06	2.386681e-08	4.779359e+01	1.559958e+03
1.960000e-06	6.591901e-06	2.373223e-08	4.718872e+01	1.551783e+03
1.970000e-06	6.504918e-06	2.355909e-08	4.656605e+01	1.543288e+03
1.980000e-06	6.415570e-06	2.346085e-08	4.592644e+01	1.534429e+03
1.990000e-06	6.324052e-06	2.330440e-08	4.527130e+01	1.525172e+03
2.000000e-06	6.230336e-06	2.320043e-08	4.460043e+01	1.515505e+03
2.010000e-06	6.134306e-06	2.299913e-08	4.391299e+01	1.505433e+03
2.020000e-06	6.036110e-06	2.285566e-08	4.321004e+01	1.494979e+03
2.030000e-06	5.935806e-06	2.267255e-08	4.249201e+01	1.484171e+03
2.040000e-06	5.833364e-06	2.251114e-08	4.175867e+01	1.473037e+03
2.050000e-06	5.728859e-06	2.233934e-08	4.101056e+01	1.461588e+03
2.060000e-06	5.622387e-06	2.216283e-08	4.024837e+01	1.449822e+03
2.070000e-06	5.513972e-06	2.199622e-08	3.947228e+01	1.437713e+03
2.080000e-06	5.403620e-06	2.178336e-08	3.868231e+01	1.425225e+03
2.090000e-06	5.291281e-06	2.158414e-08	3.787812e+01	1.412316e+03
2.100000e-06	5.176962e-06	2.136968e-08	3.705976e+01	1.398948e+03
2.110000e-06	5.060657e-06	2.117563e-08	3.622717e+01	1.385097e+03
2.120000e-06	4.942407e-06	2.095249e-08	3.538067e+01	1.370752e+03
2.130000e-06	4.822236e-06	2.073183e-08	3.452042e+01	1.355919e+03
2.140000e-06	4.700270e-06	2.049467e-08	3.364731e+01	1.340613e+03
2.150000e-06	4.576639e-06	2.026177e-08	3.276229e+01	1.324847e+03
2.160000e-06	4.451329e-06	2.000416e-08	3.186524e+01	1.308626e+03
2.170000e-06	4.324472e-06	1.974295e-08	3.095713e+01	1.291938e+03
2.180000e-06	4.195985e-06	1.948185e-08	3.003734e+01	1.274758e+03
2.190000e-06	4.065928e-06	1.920795e-08	2.910632e+01	1.257048e+03
2.200000e-06	3.934315e-06	1.892557e-08	2.816415e+01	1.238763e+03
2.210000e-06	3.801180e-06	1.864330e-08	2.721109e+01	1.219869e+03
2.220000e-06	3.666724e-06	1.836463e-08	2.624858e+01	1.200342e+03
2.230000e-06	3.530893e-06	1.805341e-08	2.527622e+01	1.180177e+03
2.240000e-06	3.393698e-06	1.772463e-08	2.429410e+01	1.159382e+03
2.250000e-06	3.255245e-06	1.739086e-08	2.330297e+01	1.137975e+03
2.260000e-06	3.115499e-06	1.706084e-08	2.230258e+01	1.115969e+03
2.270000e-06	2.974556e-06	1.671492e-08	2.129363e+01	1.093361e+03
2.280000e-06	2.832472e-06	1.636530e-08	2.027651e+01	1.070130e+03
2.290000e-06	2.689319e-06	1.600379e-08	1.925174e+01	1.046228e+03
2.300000e-06	2.545196e-06	1.562175e-08	1.822002e+01	1.021590e+03
2.310000e-06	2.400096e-06	1.522368e-08	1.718131e+01	9.961461e+02
2.320000e-06	2.254198e-06	1.482342e-08	1.613688e+01	9.698288e+02
2.330000e-06	2.107601e-06	1.441816e-08	1.508745e+01	9.425894e+02
2.340000e-06	1.960303e-06	1.399166e-08	1.403301e+01	9.144013e+02
2.350000e-06	1.812321e-06	1.354687e-08	1.297366e+01	8.852590e+02
2.360000e-06	1.663731e-06	1.308955e-08	1.190997e+01	8.551686e+02
2.370000e-06	1.514592e-06	1.261468e-08	1.084235e+01	8.241337e+02
2.380000e-06	1.364965e-06	1.212253e-08	9.771225e+00	7.921415e+02
2.390000e-06	1.214915e-06	1.161573e-08	8.697078e+00	7.591526e+02
2.400000e-06	1.064456e-06	1.109069e-08	7.620004e+00	7.251006e+02
2.410000e-06	9.136982e-07	1.054870e-08	6.540792e+00	6.899002e+02
2.420000e-06	7.627238e-07	9.991443e-09	5.460028e+00	6.534647e+02
2.430000e-06	6.115217e-07	9.419865e-09	4.377634e+00	6.157256e+02
2.440000e-06	4.601245e-07	8.825818e-09	3.293843e+00	5.766498e+02
2.450000e-06	3.084953e-07	8.208874e-09	2.208392e+00	5.362451e+02
2.460000e-06	1.566370e-07	7.572342e-09	1.121300e+00	4.945520e+02
2.470000e-06	4.694152e-09	6.917606e-09	3.360351e-02	4.516183e+02
2.480000e-06	-1.472122e-07	6.245111e-09	-1.053832e+00	4.074624e+02
2.490000e-06	-2.991094e-07	5.554878e-09	-2.141202e+00	3.620324e+02
2.500000e-06	-4.509598e-07	4.840088e-09	-3.228237e+00	3.151727e+02
2.510000e-06	-6.026483e-07	4.090031e-09	-4.314113e+00	2.666090e+02
2.520000e-06	-7.541461e-07	3.306503e-09	-5.398623e+00	2.159608e+02
2.530000e-06	-9.053757e-07	2.491400e-09	-6.481215e+00	1.627841e+02
2.540000e-06	-1.056255e-06	1.638917e-09	-7.561299e+00	1.066406e+02
2.550000e-06	-1.206774e-06	7.404236e-10	-8.638801e+00	4.718464e+01
2.560000e-06	-1.356955e-06	-2.093095e-10	-9.713884e+00	-1.574920e+01
2.570000e-06	-1.506737e-06	-1.213695e-09	-1.078611e+01	-8.207421e+01
2.580000e-06	-1.655949e-06	-2.271637e-09	-1.185426e+01	-1.514106e+02
2.590000e-06	-1.804473e-06	-3.369264e-09	-1.291748e+01	-2.230862e+02
2.600000e-06	-1.952311e-06	-4.490252e-09	-1.397580e+01	-2.961818e+02
2.610000e-06	-2.099330e-06	-5.620309e-09	-1.502825e+01	-3.696145e+02
2.620000e-06	-2.245465e-06	-6.739693e-09	-1.607437e+01	-4.422460e+02
2.630000e-06	-2.390843e-06	-7.823588e-09	-1.711507e+01	-5.129982e+02
2.640000e-06	-2.535312e-06	-8.857265e-09	-1.814926e+01	-5.809565e+02
2.650000e-06	-2.678724e-06	-9.837812e-09	-1.917589e+01	-6.454439e+02
2.660000e-06	-2.821145e-06	-1.076253e-08	-2.019542e+01	-7.060568e+02
2.670000e-06	-2.962539e-06	-1.163023e-08	-2.120761e+01	-7.626590e+02
2.680000e-06	-3.102732e-06	-1.244110e-08	-2.221119e+01	-8.153407e+02
2.690000e-06	-3.241605e-06	-1.319609e-08	-2.320533e+01	-8.643525e+02
2.700000e-06	-3.379294e-06	-1.389856e-08	-2.419099e+01	-9.100309e+02
2.710000e-06	-3.515801e-06	-1.455516e-08	-2.516818e+01	-9.527299e+02
2.720000e-06	-3.650963e-06	-1.517452e-08	-2.613575e+01	-9.927696e+02
2.730000e-06	-3.784811e-06	-1.575645e-08	-2.709392e+01	-1.030408e+03
2.740000e-06	-3.917284e-06	-1.629955e-08	-2.804224e+01	-1.065836e+03
2.750000e-06	-4.048308e-06	-1.680771e-08	-2.898019e+01	-1.099195e+03
2.760000e-06	-4.178019e-06	-1.728433e-08	-2.990873e+01	-1.130595e+03
2.770000e-06	-4.306352e-06	-1.773303e-08	-3.082742e+01	-1.160144e+03
2.780000e-06	-4.433154e-06	-1.815703e-08	-3.173514e+01	-1.187963e+03
2.790000e-06	-4.558357e-06	-1.855891e-08	-3.263141e+01	-1.214193e+03
2.800000e-06	-4.681905e-06	-1.893938e-08	-3.351585e+01	-1.238991e+03
2.810000e-06	-4.803824e-06	-1.930125e-08	-3.438862e+01	-1.262514e+03
2.820000e-06	-4.924064e-06	-1.964683e-08	-3.524936e+01	-1.284905e+03
2.830000e-06	-5.042425e-06	-1.997502e-08	-3.609666e+01	-1.306277e+03
2.840000e-06	-5.158717e-06	-2.028606e-08	-3.692915e+01	-1.326709e+03
2.850000e-06	-5.272894e-06	-2.058199e-08	-3.774649e+01	-1.346246e+03
2.860000e-06	-5.385018e-06	-2.086460e-08	-3.854914e+01	-1.364906e+03
2.870000e-06	-5.495090e-06	-2.113482e-08	-3.933710e+01	-1.382702e+03
2.880000e-06	-5.603222e-06	-2.139228e-08	-4.011118e+01	-1.399648e+03
2.890000e-06	-5.709462e-06	-2.163755e-08	-4.087170e+01	-1.415774e+03
2.900000e-06	-5.813638e-06	-2.187166e-08	-4.161746e+01	-1.431126e+03
2.910000e-06	-5.915666e-06	-2.209619e-08	-4.234783e+01	-1.445768e+03
2.920000e-06	-6.015482e-06	-2.231267e-08	-4.306238e+01	-1.459768e+03
2.930000e-06	-6.113104e-06	-2.252125e-08	-4.376122e+01	-1.473189e+03
2.940000e-06	-6.208591e-06	-2.272111e-08	-4.444476e+01	-1.486078e+03
2.950000e-06	-6.301859e-06	-2.291220e-08	-4.511243e+01	-1.498463e+03
2.960000e-06	-6.392862e-06	-2.309433e-08	-4.576388e+01	-1.510351e+03
2.970000e-06	-6.481599e-06	-2.326604e-08	-4.639912e+01	-1.521735e+03
2.980000e-06	-6.567941e-06	-2.342649e-08	-4.701721e+01	-1.532601e+03
2.990000e-06	-6.651865e-06	-2.357971e-08	-4.761799e+01	-1.542942e+03
3.000000e-06	-6.733440e-06	-2.372771e-08	-4.820194e+01	-1.552761e+03
3.010000e-06	-6.812615e-06	-2.386846e-08	-4.876873e+01	-1.562075e+03
3.020000e-06	-6.889194e-06	-2.400464e-08	-4.931692e+01	-1.570915e+03
3.030000e-06	-6.963150e-06	-2.413617e-08	-4.984635e+01	-1.579316e+03
3.040000e-06	-7.034544e-06	-2.425957e-08	-5.035743e+01	-1.587312e+03
3.050000e-06	-7.103370e-06	-2.437501e-08	-5.085012e+01	-1.594925e+03
3.060000e-06	-7.169788e-06	-2.448080e-08	-5.132559e+01	-1.602165e+03
3.070000e-06	-7.233789e-06	-2.458071e-08	-5.178374e+01	-1.609030e+03
3.080000e-06	-7.295127e-06	-2.467523e-08	-5.222284e+01	-1.615507e+03
3.090000e-06	-7.353818e-06	-2.476331e-08	-5.264298e+01	-1.621583e+03
3.100000e-06	-7.409921e-06	-2.484859e-08	-5.304460e+01	-1.627249e+03
3.110000e-06	-7.463214e-06	-2.493038e-08	-5.342610e+01	-1.632512e+03
3.120000e-06	-7.513503e-06	-2.500565e-08	-5.378610e+01	-1.637389e+03
3.130000e-06	-7.560769e-06	-2.507489e-08	-5.412446e+01	-1.641910e+03
3.140000e-06	-7.605469e-06	-2.514080e-08	-5.444445e+01	-1.646110e+03
3.150000e-06	-7.647781e-06	-2.520298e-08	-5.474734e+01	-1.650021e+03
3.160000e-06	-7.687393e-06	-2.525819e-08	-5.503090e+01	-1.653665e+03
3.170000e-06	-7.724192e-06	-2.530579e-08	-5.529433e+01	-1.657046e+03
3.180000e-06	-7.758286e-06	-2.535105e-08	-5.553840e+01	-1.660155e+03
3.190000e-06	-7.789579e-06	-2.539082e-08	-5.576241e+01	-1.662969e+03
3.200000e-06	-7.817933e-06	-2.542486e-08	-5.596539e+01	-1.665461e+03
3.210000e-06	-7.843525e-06	-2.545381e-08	-5.614859e+01	-1.667607e+03
3.220000e-06	-7.866314e-06	-2.548279e-08	-5.631173e+01	-1.669396e+03
3.230000e-06	-7.886272e-06	-2.551019e-08	-5.645460e+01	-1.670829e+03
3.240000e-06	-7.903500e-06	-2.552869e-08	-5.657793e+01	-1.671928e+03
3.250000e-06	-7.917695e-06	-2.553946e-08	-5.667954e+01	-1.672723e+03
3.260000e-06	-7.928741e-06	-2.554371e-08	-5.675862e+01	-1.673253e+03
3.270000e-06	-7.936864e-06	-2.554550e-08	-5.681677e+01	-1.673552e+03
3.280000e-06	-7.942052e-06	-2.554593e-08	-5.685390e+01	-1.673645e+03
3.290000e-06	-7.944453e-06	-2.554130e-08	-5.687110e+01	-1.673541e+03
3.300000e-06	-7.944201e-06	-2.553975e-08	-5.686929e+01	-1.673236e+03
