# Temperatura_=_47.24
# Concentracion g/m^3_=_24000.0
# C_Vs_to_Am_M_A/Vsm_=_65563218390.804596
# pendiente_HvsI_1/m_=_3716.3
# ordenada_HvsI_A/m_=_1297.0
# frecuencia_Hz_=_302480.71045333345

Tiempo_(s)	Campo_(V.s)	Magnetizacion_(V.s)	Campo_(kA/m)	Magnetizacion_(A/m)
0.000000e+00	-7.930743e-06	-2.406385e-08	-5.686963e+01	-1.576315e+03
1.000000e-08	-7.928749e-06	-2.406616e-08	-5.685533e+01	-1.575882e+03
2.000000e-08	-7.924038e-06	-2.405706e-08	-5.682155e+01	-1.575251e+03
3.000000e-08	-7.916819e-06	-2.404252e-08	-5.676978e+01	-1.574401e+03
4.000000e-08	-7.906831e-06	-2.402562e-08	-5.669816e+01	-1.573309e+03
5.000000e-08	-7.893949e-06	-2.400319e-08	-5.660579e+01	-1.571958e+03
6.000000e-08	-7.878202e-06	-2.397243e-08	-5.649287e+01	-1.570343e+03
7.000000e-08	-7.859883e-06	-2.393307e-08	-5.636151e+01	-1.568473e+03
8.000000e-08	-7.839304e-06	-2.390779e-08	-5.621394e+01	-1.566374e+03
9.000000e-08	-7.816067e-06	-2.396656e-08	-5.604731e+01	-1.564083e+03
1.000000e-07	-7.789678e-06	-2.393363e-08	-5.585808e+01	-1.561648e+03
1.100000e-07	-7.760190e-06	-2.383125e-08	-5.564663e+01	-1.559115e+03
1.200000e-07	-7.727897e-06	-2.378107e-08	-5.541506e+01	-1.556524e+03
1.300000e-07	-7.692850e-06	-2.373408e-08	-5.516375e+01	-1.553899e+03
1.400000e-07	-7.655352e-06	-2.363644e-08	-5.489486e+01	-1.551243e+03
1.500000e-07	-7.615748e-06	-2.353933e-08	-5.461087e+01	-1.548535e+03
1.600000e-07	-7.573795e-06	-2.363225e-08	-5.431003e+01	-1.545729e+03
1.700000e-07	-7.529091e-06	-2.353105e-08	-5.398947e+01	-1.542762e+03
1.800000e-07	-7.481702e-06	-2.343363e-08	-5.364965e+01	-1.539557e+03
1.900000e-07	-7.431485e-06	-2.346173e-08	-5.328956e+01	-1.536039e+03
2.000000e-07	-7.378247e-06	-2.329911e-08	-5.290780e+01	-1.532141e+03
2.100000e-07	-7.322239e-06	-2.324245e-08	-5.250618e+01	-1.527814e+03
2.200000e-07	-7.263588e-06	-2.314830e-08	-5.208560e+01	-1.523038e+03
2.300000e-07	-7.202353e-06	-2.305738e-08	-5.164650e+01	-1.517818e+03
2.400000e-07	-7.138458e-06	-2.302359e-08	-5.118833e+01	-1.512184e+03
2.500000e-07	-7.071779e-06	-2.289739e-08	-5.071019e+01	-1.506185e+03
2.600000e-07	-7.002451e-06	-2.283886e-08	-5.021305e+01	-1.499877e+03
2.700000e-07	-6.930476e-06	-2.274656e-08	-4.969693e+01	-1.493311e+03
2.800000e-07	-6.855737e-06	-2.262351e-08	-4.916100e+01	-1.486525e+03
2.900000e-07	-6.778222e-06	-2.247406e-08	-4.860515e+01	-1.479535e+03
3.000000e-07	-6.697986e-06	-2.239891e-08	-4.802980e+01	-1.472335e+03
3.100000e-07	-6.615297e-06	-2.233120e-08	-4.743685e+01	-1.464898e+03
3.200000e-07	-6.530390e-06	-2.215813e-08	-4.682800e+01	-1.457185e+03
3.300000e-07	-6.443217e-06	-2.206507e-08	-4.620290e+01	-1.449154e+03
3.400000e-07	-6.353640e-06	-2.193435e-08	-4.556057e+01	-1.440768e+03
3.500000e-07	-6.261794e-06	-2.178369e-08	-4.490196e+01	-1.432006e+03
3.600000e-07	-6.167793e-06	-2.163134e-08	-4.422790e+01	-1.422862e+03
3.700000e-07	-6.071512e-06	-2.149699e-08	-4.353749e+01	-1.413349e+03
3.800000e-07	-5.972946e-06	-2.137028e-08	-4.283069e+01	-1.403486e+03
3.900000e-07	-5.872257e-06	-2.120862e-08	-4.210868e+01	-1.393298e+03
4.000000e-07	-5.769516e-06	-2.105253e-08	-4.137194e+01	-1.382802e+03
4.100000e-07	-5.664746e-06	-2.088077e-08	-4.062066e+01	-1.372003e+03
4.200000e-07	-5.557969e-06	-2.072518e-08	-3.985498e+01	-1.360889e+03
4.300000e-07	-5.449217e-06	-2.053135e-08	-3.907514e+01	-1.349437e+03
4.400000e-07	-5.338503e-06	-2.034690e-08	-3.828124e+01	-1.337610e+03
4.500000e-07	-5.225788e-06	-2.016877e-08	-3.747299e+01	-1.325374e+03
4.600000e-07	-5.111080e-06	-1.998161e-08	-3.665044e+01	-1.312697e+03
4.700000e-07	-4.994388e-06	-1.977653e-08	-3.581366e+01	-1.299560e+03
4.800000e-07	-4.875805e-06	-1.956753e-08	-3.496333e+01	-1.285956e+03
4.900000e-07	-4.755467e-06	-1.936599e-08	-3.410042e+01	-1.271887e+03
5.000000e-07	-4.633439e-06	-1.914056e-08	-3.322538e+01	-1.257362e+03
5.100000e-07	-4.509680e-06	-1.890831e-08	-3.233793e+01	-1.242389e+03
5.200000e-07	-4.384250e-06	-1.867077e-08	-3.143850e+01	-1.226968e+03
5.300000e-07	-4.257261e-06	-1.844086e-08	-3.052789e+01	-1.211087e+03
5.400000e-07	-4.128751e-06	-1.818758e-08	-2.960637e+01	-1.194724e+03
5.500000e-07	-3.998682e-06	-1.792429e-08	-2.867367e+01	-1.177850e+03
5.600000e-07	-3.867043e-06	-1.766247e-08	-2.772972e+01	-1.160433e+03
5.700000e-07	-3.734005e-06	-1.738867e-08	-2.677573e+01	-1.142446e+03
5.800000e-07	-3.599575e-06	-1.709395e-08	-2.581176e+01	-1.123870e+03
5.900000e-07	-3.463702e-06	-1.679727e-08	-2.483745e+01	-1.104698e+03
6.000000e-07	-3.326516e-06	-1.651243e-08	-2.385372e+01	-1.084930e+03
6.100000e-07	-3.188062e-06	-1.620929e-08	-2.286090e+01	-1.064569e+03
6.200000e-07	-3.048223e-06	-1.588689e-08	-2.185815e+01	-1.043614e+03
6.300000e-07	-2.906987e-06	-1.555674e-08	-2.084537e+01	-1.022055e+03
6.400000e-07	-2.764579e-06	-1.522129e-08	-1.982419e+01	-9.998660e+02
6.500000e-07	-2.621147e-06	-1.486415e-08	-1.879567e+01	-9.770091e+02
6.600000e-07	-2.476765e-06	-1.449852e-08	-1.776034e+01	-9.534374e+02
6.700000e-07	-2.331496e-06	-1.413077e-08	-1.671865e+01	-9.291021e+02
6.800000e-07	-2.185410e-06	-1.374788e-08	-1.567110e+01	-9.039605e+02
6.900000e-07	-2.038644e-06	-1.335017e-08	-1.461867e+01	-8.779814e+02
7.000000e-07	-1.891295e-06	-1.294447e-08	-1.356206e+01	-8.511460e+02
7.100000e-07	-1.743329e-06	-1.253245e-08	-1.250103e+01	-8.234454e+02
7.200000e-07	-1.594767e-06	-1.209608e-08	-1.143573e+01	-7.948723e+02
7.300000e-07	-1.445807e-06	-1.164269e-08	-1.036756e+01	-7.654127e+02
7.400000e-07	-1.296495e-06	-1.118008e-08	-9.296885e+00	-7.350383e+02
7.500000e-07	-1.146774e-06	-1.070290e-08	-8.223268e+00	-7.037036e+02
7.600000e-07	-9.965766e-07	-1.020748e-08	-7.146234e+00	-6.713492e+02
7.700000e-07	-8.459258e-07	-9.698098e-09	-6.065950e+00	-6.379115e+02
7.800000e-07	-6.949737e-07	-9.173112e-09	-4.983505e+00	-6.033357e+02
7.900000e-07	-5.437817e-07	-8.623526e-09	-3.899340e+00	-5.675887e+02
8.000000e-07	-3.923586e-07	-8.060214e-09	-2.813518e+00	-5.306668e+02
8.100000e-07	-2.408126e-07	-7.486904e-09	-1.726815e+00	-4.925937e+02
8.200000e-07	-8.917480e-08	-6.898594e-09	-6.394530e-01	-4.534071e+02
8.300000e-07	6.257115e-08	-6.287341e-09	4.486840e-01	-4.131342e+02
8.400000e-07	2.142930e-07	-5.655646e-09	1.536649e+00	-3.717618e+02
8.500000e-07	3.658942e-07	-5.003743e-09	2.623747e+00	-3.292059e+02
8.600000e-07	5.173763e-07	-4.328467e-09	3.709992e+00	-2.852921e+02
8.700000e-07	6.687602e-07	-3.630661e-09	4.795534e+00	-2.397516e+02
8.800000e-07	8.199524e-07	-2.906989e-09	5.879700e+00	-1.922403e+02
8.900000e-07	9.708918e-07	-2.148438e-09	6.962053e+00	-1.423805e+02
9.000000e-07	1.121473e-06	-1.348300e-09	8.041841e+00	-8.982128e+01
9.100000e-07	1.271614e-06	-5.068128e-10	9.118470e+00	-3.430800e+01
9.200000e-07	1.421338e-06	3.822623e-10	1.019210e+01	2.425036e+01
9.300000e-07	1.570587e-06	1.317774e-09	1.126234e+01	8.572958e+01
9.400000e-07	1.719286e-06	2.294808e-09	1.232862e+01	1.497648e+02
9.500000e-07	1.867332e-06	3.303531e-09	1.339023e+01	2.157582e+02
9.600000e-07	2.014703e-06	4.331297e-09	1.444700e+01	2.829202e+02
9.700000e-07	2.161398e-06	5.360745e-09	1.549892e+01	3.503382e+02
9.800000e-07	2.307346e-06	6.373216e-09	1.654547e+01	4.170635e+02
9.900000e-07	2.452434e-06	7.362545e-09	1.758587e+01	4.822005e+02
1.000000e-06	2.596589e-06	8.316183e-09	1.861958e+01	5.449855e+02
1.010000e-06	2.739758e-06	9.222286e-09	1.964621e+01	6.048433e+02
1.020000e-06	2.881804e-06	1.007600e-08	2.066479e+01	6.614132e+02
1.030000e-06	3.022669e-06	1.088222e-08	2.167490e+01	7.145453e+02
1.040000e-06	3.162321e-06	1.163803e-08	2.267632e+01	7.642694e+02
1.050000e-06	3.300695e-06	1.234413e-08	2.366857e+01	8.107470e+02
1.060000e-06	3.437765e-06	1.300858e-08	2.465146e+01	8.542159e+02
1.070000e-06	3.573497e-06	1.363411e-08	2.562477e+01	8.949393e+02
1.080000e-06	3.707900e-06	1.421574e-08	2.658854e+01	9.331666e+02
1.090000e-06	3.840963e-06	1.475573e-08	2.754271e+01	9.691111e+02
1.100000e-06	3.972675e-06	1.526703e-08	2.848719e+01	1.002944e+03
1.110000e-06	4.103046e-06	1.574780e-08	2.942204e+01	1.034803e+03
1.120000e-06	4.231935e-06	1.619997e-08	3.034628e+01	1.064805e+03
1.130000e-06	4.359279e-06	1.662790e-08	3.125944e+01	1.093062e+03
1.140000e-06	4.485180e-06	1.703648e-08	3.216225e+01	1.119696e+03
1.150000e-06	4.609593e-06	1.742354e-08	3.305439e+01	1.144838e+03
1.160000e-06	4.732411e-06	1.778559e-08	3.393509e+01	1.168626e+03
1.170000e-06	4.853498e-06	1.812984e-08	3.480337e+01	1.191198e+03
1.180000e-06	4.972801e-06	1.846026e-08	3.565887e+01	1.212677e+03
1.190000e-06	5.090383e-06	1.877234e-08	3.650202e+01	1.233165e+03
1.200000e-06	5.206036e-06	1.906751e-08	3.733135e+01	1.252733e+03
1.210000e-06	5.319562e-06	1.935201e-08	3.814542e+01	1.271431e+03
1.220000e-06	5.431009e-06	1.962511e-08	3.894458e+01	1.289283e+03
1.230000e-06	5.540554e-06	1.988379e-08	3.973010e+01	1.306308e+03
1.240000e-06	5.648248e-06	2.012819e-08	4.050236e+01	1.322523e+03
1.250000e-06	5.753935e-06	2.036195e-08	4.126022e+01	1.337954e+03
1.260000e-06	5.857470e-06	2.058554e-08	4.200264e+01	1.352639e+03
1.270000e-06	5.958864e-06	2.079793e-08	4.272972e+01	1.366626e+03
1.280000e-06	6.058098e-06	2.100032e-08	4.344130e+01	1.379970e+03
1.290000e-06	6.155026e-06	2.119295e-08	4.413635e+01	1.392725e+03
1.300000e-06	6.249640e-06	2.137908e-08	4.481480e+01	1.404934e+03
1.310000e-06	6.342024e-06	2.155928e-08	4.547727e+01	1.416630e+03
1.320000e-06	6.432172e-06	2.172877e-08	4.612370e+01	1.427831e+03
1.330000e-06	6.520023e-06	2.188986e-08	4.675366e+01	1.438546e+03
1.340000e-06	6.605566e-06	2.204614e-08	4.736707e+01	1.448774e+03
1.350000e-06	6.688755e-06	2.219555e-08	4.796361e+01	1.458517e+03
1.360000e-06	6.769553e-06	2.233640e-08	4.854299e+01	1.467781e+03
1.370000e-06	6.847909e-06	2.247028e-08	4.910486e+01	1.476579e+03
1.380000e-06	6.923735e-06	2.260013e-08	4.964859e+01	1.484928e+03
1.390000e-06	6.996893e-06	2.272439e-08	5.017320e+01	1.492851e+03
1.400000e-06	7.067465e-06	2.284009e-08	5.067925e+01	1.500370e+03
1.410000e-06	7.135618e-06	2.295050e-08	5.116796e+01	1.507502e+03
1.420000e-06	7.201215e-06	2.305605e-08	5.163834e+01	1.514256e+03
1.430000e-06	7.264226e-06	2.315347e-08	5.209018e+01	1.520636e+03
1.440000e-06	7.324795e-06	2.324461e-08	5.252450e+01	1.526641e+03
1.450000e-06	7.382840e-06	2.333163e-08	5.294074e+01	1.532271e+03
1.460000e-06	7.438232e-06	2.341278e-08	5.333794e+01	1.537526e+03
1.470000e-06	7.490811e-06	2.348544e-08	5.371497e+01	1.542419e+03
1.480000e-06	7.540295e-06	2.355150e-08	5.406981e+01	1.546965e+03
1.490000e-06	7.586789e-06	2.361445e-08	5.440321e+01	1.551188e+03
1.500000e-06	7.630639e-06	2.367666e-08	5.471765e+01	1.555115e+03
1.510000e-06	7.671824e-06	2.373707e-08	5.501298e+01	1.558765e+03
1.520000e-06	7.710243e-06	2.379222e-08	5.528847e+01	1.562154e+03
1.530000e-06	7.745995e-06	2.384032e-08	5.554484e+01	1.565284e+03
1.540000e-06	7.779052e-06	2.388289e-08	5.578189e+01	1.568145e+03
1.550000e-06	7.809338e-06	2.392274e-08	5.599906e+01	1.570722e+03
1.560000e-06	7.836907e-06	2.395793e-08	5.619675e+01	1.572992e+03
1.570000e-06	7.861551e-06	2.398720e-08	5.637347e+01	1.574938e+03
1.580000e-06	7.883268e-06	2.401226e-08	5.652920e+01	1.576549e+03
1.590000e-06	7.902329e-06	2.403275e-08	5.666587e+01	1.577829e+03
1.600000e-06	7.918595e-06	2.404823e-08	5.678252e+01	1.578791e+03
1.610000e-06	7.931848e-06	2.406035e-08	5.687755e+01	1.579464e+03
1.620000e-06	7.941932e-06	2.407032e-08	5.694986e+01	1.579880e+03
1.630000e-06	7.948968e-06	2.407732e-08	5.700031e+01	1.580070e+03
1.640000e-06	7.953255e-06	2.407988e-08	5.703106e+01	1.580062e+03
1.650000e-06	7.954711e-06	2.408036e-08	5.704150e+01	1.579870e+03
1.660000e-06	7.953353e-06	2.406839e-08	5.703176e+01	1.579497e+03
1.670000e-06	7.949465e-06	2.405171e-08	5.700388e+01	1.578931e+03
1.680000e-06	7.942926e-06	2.403729e-08	5.695699e+01	1.578154e+03
1.690000e-06	7.933657e-06	2.401977e-08	5.689052e+01	1.577141e+03
1.700000e-06	7.921680e-06	2.400184e-08	5.680464e+01	1.575874e+03
1.710000e-06	7.906915e-06	2.398662e-08	5.669877e+01	1.574343e+03
1.720000e-06	7.889612e-06	2.398014e-08	5.657468e+01	1.572552e+03
1.730000e-06	7.870031e-06	2.393219e-08	5.643428e+01	1.570522e+03
1.740000e-06	7.847791e-06	2.379932e-08	5.627480e+01	1.568288e+03
1.750000e-06	7.822122e-06	2.380285e-08	5.609073e+01	1.565893e+03
1.760000e-06	7.792795e-06	2.380853e-08	5.588043e+01	1.563387e+03
1.770000e-06	7.760338e-06	2.374430e-08	5.564769e+01	1.560810e+03
1.780000e-06	7.725496e-06	2.373283e-08	5.539784e+01	1.558194e+03
1.790000e-06	7.688494e-06	2.379374e-08	5.513252e+01	1.555549e+03
1.800000e-06	7.649424e-06	2.364885e-08	5.485235e+01	1.552860e+03
1.810000e-06	7.608210e-06	2.358273e-08	5.455681e+01	1.550091e+03
1.820000e-06	7.564361e-06	2.364690e-08	5.424238e+01	1.547183e+03
1.830000e-06	7.517858e-06	2.348842e-08	5.390892e+01	1.544063e+03
1.840000e-06	7.468657e-06	2.358486e-08	5.355611e+01	1.540653e+03
1.850000e-06	7.416564e-06	2.349010e-08	5.318256e+01	1.536882e+03
1.860000e-06	7.361571e-06	2.344221e-08	5.278822e+01	1.532696e+03
1.870000e-06	7.303749e-06	2.345503e-08	5.237359e+01	1.528065e+03
1.880000e-06	7.243393e-06	2.320822e-08	5.194079e+01	1.522984e+03
1.890000e-06	7.180324e-06	2.321423e-08	5.148854e+01	1.517478e+03
1.900000e-06	7.114419e-06	2.308685e-08	5.101595e+01	1.511590e+03
1.910000e-06	7.045793e-06	2.299306e-08	5.052384e+01	1.505375e+03
1.920000e-06	6.974350e-06	2.292634e-08	5.001154e+01	1.498886e+03
1.930000e-06	6.900223e-06	2.282182e-08	4.947999e+01	1.492167e+03
1.940000e-06	6.823357e-06	2.277230e-08	4.892880e+01	1.485242e+03
1.950000e-06	6.743774e-06	2.255357e-08	4.835813e+01	1.478111e+03
1.960000e-06	6.661749e-06	2.249822e-08	4.776995e+01	1.470753e+03
1.970000e-06	6.577317e-06	2.235144e-08	4.716450e+01	1.463133e+03
1.980000e-06	6.490419e-06	2.221829e-08	4.654138e+01	1.455208e+03
1.990000e-06	6.401131e-06	2.212444e-08	4.590111e+01	1.446939e+03
2.000000e-06	6.309659e-06	2.198539e-08	4.524519e+01	1.438298e+03
2.010000e-06	6.215953e-06	2.188296e-08	4.457325e+01	1.429276e+03
2.020000e-06	6.119968e-06	2.168875e-08	4.388495e+01	1.419879e+03
2.030000e-06	6.021845e-06	2.155590e-08	4.318134e+01	1.410125e+03
2.040000e-06	5.921620e-06	2.138627e-08	4.246265e+01	1.400039e+03
2.050000e-06	5.819248e-06	2.124566e-08	4.172856e+01	1.389640e+03
2.060000e-06	5.714796e-06	2.107649e-08	4.097955e+01	1.378938e+03
2.070000e-06	5.608450e-06	2.091584e-08	4.021697e+01	1.367927e+03
2.080000e-06	5.500191e-06	2.075472e-08	3.944067e+01	1.356587e+03
2.090000e-06	5.389928e-06	2.055248e-08	3.865000e+01	1.344884e+03
2.100000e-06	5.277684e-06	2.036087e-08	3.784512e+01	1.332782e+03
2.110000e-06	5.163519e-06	2.016305e-08	3.702647e+01	1.320249e+03
2.120000e-06	5.047381e-06	1.998065e-08	3.619367e+01	1.307261e+03
2.130000e-06	4.929242e-06	1.977066e-08	3.534652e+01	1.293806e+03
2.140000e-06	4.809221e-06	1.956778e-08	3.448588e+01	1.279885e+03
2.150000e-06	4.687455e-06	1.934857e-08	3.361272e+01	1.265505e+03
2.160000e-06	4.563913e-06	1.912707e-08	3.272683e+01	1.250675e+03
2.170000e-06	4.438642e-06	1.887697e-08	3.182854e+01	1.235398e+03
2.180000e-06	4.311824e-06	1.863713e-08	3.091915e+01	1.219666e+03
2.190000e-06	4.183430e-06	1.839630e-08	2.999846e+01	1.203461e+03
2.200000e-06	4.053547e-06	1.813677e-08	2.906710e+01	1.186754e+03
2.210000e-06	3.922173e-06	1.786474e-08	2.812505e+01	1.169514e+03
2.220000e-06	3.789309e-06	1.759910e-08	2.717231e+01	1.151712e+03
2.230000e-06	3.655052e-06	1.733282e-08	2.620958e+01	1.133326e+03
2.240000e-06	3.519442e-06	1.703710e-08	2.523715e+01	1.114345e+03
2.250000e-06	3.382496e-06	1.673259e-08	2.425514e+01	1.094768e+03
2.260000e-06	3.244243e-06	1.642392e-08	2.326376e+01	1.074597e+03
2.270000e-06	3.104699e-06	1.611124e-08	2.226312e+01	1.053833e+03
2.280000e-06	2.963898e-06	1.578231e-08	2.125347e+01	1.032469e+03
2.290000e-06	2.822005e-06	1.545388e-08	2.023598e+01	1.010486e+03
2.300000e-06	2.679092e-06	1.511081e-08	1.921119e+01	9.878479e+02
2.310000e-06	2.535182e-06	1.474609e-08	1.817924e+01	9.645108e+02
2.320000e-06	2.390291e-06	1.436842e-08	1.714026e+01	9.404254e+02
2.330000e-06	2.244620e-06	1.399103e-08	1.609568e+01	9.155464e+02
2.340000e-06	2.098319e-06	1.360612e-08	1.504659e+01	8.898385e+02
2.350000e-06	1.951312e-06	1.320201e-08	1.399243e+01	8.632790e+02
2.360000e-06	1.803589e-06	1.278510e-08	1.293314e+01	8.358566e+02
2.370000e-06	1.655271e-06	1.235619e-08	1.186958e+01	8.075644e+02
2.380000e-06	1.506429e-06	1.191037e-08	1.080227e+01	7.783914e+02
2.390000e-06	1.357113e-06	1.145005e-08	9.731560e+00	7.483146e+02
2.400000e-06	1.207334e-06	1.097616e-08	8.657528e+00	7.172939e+02
2.410000e-06	1.057120e-06	1.048255e-08	7.580375e+00	6.852737e+02
2.420000e-06	9.065865e-07	9.970202e-09	6.500934e+00	6.521903e+02
2.430000e-06	7.557492e-07	9.446246e-09	5.419313e+00	6.179845e+02
2.440000e-06	6.046623e-07	8.911263e-09	4.335902e+00	5.826153e+02
2.450000e-06	4.533939e-07	8.355227e-09	3.251189e+00	5.460690e+02
2.460000e-06	3.019851e-07	7.778685e-09	2.165469e+00	5.083615e+02
2.470000e-06	1.504758e-07	7.185596e-09	1.079029e+00	4.695281e+02
2.480000e-06	-1.123864e-09	6.576615e-09	-8.058981e-03	4.296026e+02
2.490000e-06	-1.527267e-07	5.953075e-09	-1.095170e+00	3.885882e+02
2.500000e-06	-3.042963e-07	5.313897e-09	-2.182042e+00	3.464266e+02
2.510000e-06	-4.558197e-07	4.649956e-09	-3.268583e+00	3.029736e+02
2.520000e-06	-6.072244e-07	3.953523e-09	-4.354274e+00	2.579899e+02
2.530000e-06	-7.584968e-07	3.229590e-09	-5.439015e+00	2.111521e+02
2.540000e-06	-9.095782e-07	2.479284e-09	-6.522387e+00	1.620875e+02
2.550000e-06	-1.060339e-06	1.695269e-09	-7.603462e+00	1.104291e+02
2.560000e-06	-1.210666e-06	8.698758e-10	-8.681420e+00	5.588381e+01
2.570000e-06	-1.360499e-06	-8.057102e-13	-9.755842e+00	-1.698796e+00
2.580000e-06	-1.509812e-06	-9.213476e-10	-1.082653e+01	-6.226783e+01
2.590000e-06	-1.658617e-06	-1.889472e-09	-1.189358e+01	-1.255366e+02
2.600000e-06	-1.806870e-06	-2.890780e-09	-1.295667e+01	-1.909793e+02
2.610000e-06	-1.954438e-06	-3.914938e-09	-1.401485e+01	-2.578615e+02
2.620000e-06	-2.101268e-06	-4.954234e-09	-1.506773e+01	-3.253014e+02
2.630000e-06	-2.247338e-06	-5.989406e-09	-1.611517e+01	-3.923519e+02
2.640000e-06	-2.392555e-06	-6.996362e-09	-1.715649e+01	-4.580910e+02
2.650000e-06	-2.536820e-06	-7.963927e-09	-1.819098e+01	-5.217053e+02
2.660000e-06	-2.680115e-06	-8.889392e-09	-1.921852e+01	-5.825544e+02
2.670000e-06	-2.822332e-06	-9.768468e-09	-2.023832e+01	-6.402078e+02
2.680000e-06	-2.963335e-06	-1.059851e-08	-2.124943e+01	-6.944500e+02
2.690000e-06	-3.103101e-06	-1.137964e-08	-2.225166e+01	-7.452578e+02
2.700000e-06	-3.241644e-06	-1.211134e-08	-2.324512e+01	-7.927561e+02
2.710000e-06	-3.379007e-06	-1.279166e-08	-2.423012e+01	-8.371643e+02
2.720000e-06	-3.515149e-06	-1.342689e-08	-2.520637e+01	-8.787423e+02
2.730000e-06	-3.650009e-06	-1.402764e-08	-2.617342e+01	-9.177473e+02
2.740000e-06	-3.783518e-06	-1.459329e-08	-2.713078e+01	-9.544055e+02
2.750000e-06	-3.915650e-06	-1.512231e-08	-2.807827e+01	-9.889016e+02
2.760000e-06	-4.046389e-06	-1.561775e-08	-2.901577e+01	-1.021382e+03
2.770000e-06	-4.175759e-06	-1.608344e-08	-2.994346e+01	-1.051969e+03
2.780000e-06	-4.303757e-06	-1.652191e-08	-3.086131e+01	-1.080775e+03
2.790000e-06	-4.430265e-06	-1.693444e-08	-3.176846e+01	-1.107918e+03
2.800000e-06	-4.555230e-06	-1.732641e-08	-3.266456e+01	-1.133525e+03
2.810000e-06	-4.678651e-06	-1.769843e-08	-3.354959e+01	-1.157734e+03
2.820000e-06	-4.800470e-06	-1.805046e-08	-3.442312e+01	-1.180683e+03
2.830000e-06	-4.920552e-06	-1.838484e-08	-3.528420e+01	-1.202502e+03
2.840000e-06	-5.038616e-06	-1.870272e-08	-3.613081e+01	-1.223299e+03
2.850000e-06	-5.154546e-06	-1.900500e-08	-3.696213e+01	-1.243157e+03
2.860000e-06	-5.268440e-06	-1.929340e-08	-3.777883e+01	-1.262131e+03
2.870000e-06	-5.380253e-06	-1.957034e-08	-3.858062e+01	-1.280254e+03
2.880000e-06	-5.490053e-06	-1.983393e-08	-3.936797e+01	-1.297544e+03
2.890000e-06	-5.597991e-06	-2.008409e-08	-4.014197e+01	-1.314017e+03
2.900000e-06	-5.704022e-06	-2.032320e-08	-4.090229e+01	-1.329697e+03
2.910000e-06	-5.807973e-06	-2.055199e-08	-4.164771e+01	-1.344618e+03
2.920000e-06	-5.909688e-06	-2.077039e-08	-4.237709e+01	-1.358824e+03
2.930000e-06	-6.009200e-06	-2.097876e-08	-4.309067e+01	-1.372370e+03
2.940000e-06	-6.106669e-06	-2.117970e-08	-4.378959e+01	-1.385309e+03
2.950000e-06	-6.201983e-06	-2.137332e-08	-4.447307e+01	-1.397690e+03
2.960000e-06	-6.294928e-06	-2.155706e-08	-4.513955e+01	-1.409549e+03
2.970000e-06	-6.385601e-06	-2.172966e-08	-4.578975e+01	-1.420909e+03
2.980000e-06	-6.474076e-06	-2.189207e-08	-4.642419e+01	-1.431780e+03
2.990000e-06	-6.560210e-06	-2.204685e-08	-4.704184e+01	-1.442165e+03
3.000000e-06	-6.643915e-06	-2.219607e-08	-4.764207e+01	-1.452064e+03
3.010000e-06	-6.725263e-06	-2.233869e-08	-4.822540e+01	-1.461482e+03
3.020000e-06	-6.804120e-06	-2.247439e-08	-4.879086e+01	-1.470428e+03
3.030000e-06	-6.880306e-06	-2.260564e-08	-4.933717e+01	-1.478919e+03
3.040000e-06	-6.953974e-06	-2.273065e-08	-4.986543e+01	-1.486978e+03
3.050000e-06	-7.025138e-06	-2.284740e-08	-5.037573e+01	-1.494625e+03
3.060000e-06	-7.093747e-06	-2.295633e-08	-5.086771e+01	-1.501880e+03
3.070000e-06	-7.159925e-06	-2.305878e-08	-5.134226e+01	-1.508756e+03
3.080000e-06	-7.223613e-06	-2.315515e-08	-5.179895e+01	-1.515257e+03
3.090000e-06	-7.284678e-06	-2.324457e-08	-5.223684e+01	-1.521384e+03
3.100000e-06	-7.343149e-06	-2.333086e-08	-5.265612e+01	-1.527134e+03
3.110000e-06	-7.398992e-06	-2.341445e-08	-5.305656e+01	-1.532510e+03
3.120000e-06	-7.452049e-06	-2.349260e-08	-5.343702e+01	-1.537518e+03
3.130000e-06	-7.502049e-06	-2.356298e-08	-5.379556e+01	-1.542174e+03
3.140000e-06	-7.549026e-06	-2.362774e-08	-5.413242e+01	-1.546499e+03
3.150000e-06	-7.593501e-06	-2.369002e-08	-5.445134e+01	-1.550519e+03
3.160000e-06	-7.635586e-06	-2.374893e-08	-5.475312e+01	-1.554256e+03
3.170000e-06	-7.675019e-06	-2.380368e-08	-5.503589e+01	-1.557729e+03
3.180000e-06	-7.711683e-06	-2.385075e-08	-5.529880e+01	-1.560943e+03
3.190000e-06	-7.745639e-06	-2.389212e-08	-5.554229e+01	-1.563893e+03
3.200000e-06	-7.776856e-06	-2.392921e-08	-5.576614e+01	-1.566564e+03
3.210000e-06	-7.805178e-06	-2.396273e-08	-5.596923e+01	-1.568935e+03
3.220000e-06	-7.830655e-06	-2.399401e-08	-5.615192e+01	-1.570988e+03
3.230000e-06	-7.853262e-06	-2.402212e-08	-5.631403e+01	-1.572708e+03
3.240000e-06	-7.873050e-06	-2.404377e-08	-5.645592e+01	-1.574093e+03
3.250000e-06	-7.890130e-06	-2.405831e-08	-5.657840e+01	-1.575156e+03
3.260000e-06	-7.904162e-06	-2.406740e-08	-5.667902e+01	-1.575920e+03
3.270000e-06	-7.915037e-06	-2.407133e-08	-5.675700e+01	-1.576414e+03
3.280000e-06	-7.923013e-06	-2.407262e-08	-5.681420e+01	-1.576675e+03
3.290000e-06	-7.928121e-06	-2.407320e-08	-5.685083e+01	-1.576729e+03
3.300000e-06	-7.930482e-06	-2.407012e-08	-5.686776e+01	-1.576596e+03
