# Temperatura_=_48.55
# Concentracion g/m^3_=_26700.0
# C_Vs_to_Am_M_A/Vsm_=_65563218390.804596
# pendiente_HvsI_1/m_=_3716.3
# ordenada_HvsI_A/m_=_1297.0
# frecuencia_Hz_=_301964.9198960907

Tiempo_(s)	Campo_(V.s)	Magnetizacion_(V.s)	Campo_(kA/m)	Magnetizacion_(A/m)
0.000000e+00	-6.625843e-06	-3.301219e-08	-4.746664e+01	-2.160452e+03
1.000000e-08	-6.622038e-06	-3.299902e-08	-4.743938e+01	-2.159651e+03
2.000000e-08	-6.616150e-06	-3.297962e-08	-4.739720e+01	-2.158598e+03
3.000000e-08	-6.608195e-06	-3.295561e-08	-4.734022e+01	-2.157246e+03
4.000000e-08	-6.597942e-06	-3.292362e-08	-4.726676e+01	-2.155537e+03
5.000000e-08	-6.585203e-06	-3.288918e-08	-4.717550e+01	-2.153414e+03
6.000000e-08	-6.570039e-06	-3.284367e-08	-4.706687e+01	-2.150845e+03
7.000000e-08	-6.552590e-06	-3.279523e-08	-4.694187e+01	-2.147833e+03
8.000000e-08	-6.533011e-06	-3.279383e-08	-4.680161e+01	-2.144427e+03
9.000000e-08	-6.511087e-06	-3.276660e-08	-4.664455e+01	-2.140711e+03
1.000000e-07	-6.486430e-06	-3.266806e-08	-4.646790e+01	-2.136790e+03
1.100000e-07	-6.459129e-06	-3.258812e-08	-4.627232e+01	-2.132772e+03
1.200000e-07	-6.429700e-06	-3.251952e-08	-4.606150e+01	-2.128736e+03
1.300000e-07	-6.398584e-06	-3.239026e-08	-4.583859e+01	-2.124718e+03
1.400000e-07	-6.365719e-06	-3.234132e-08	-4.560315e+01	-2.120698e+03
1.500000e-07	-6.330717e-06	-3.235723e-08	-4.535240e+01	-2.116602e+03
1.600000e-07	-6.293688e-06	-3.218444e-08	-4.508712e+01	-2.112313e+03
1.700000e-07	-6.254669e-06	-3.215579e-08	-4.480760e+01	-2.107693e+03
1.800000e-07	-6.213280e-06	-3.210324e-08	-4.451110e+01	-2.102607e+03
1.900000e-07	-6.169519e-06	-3.189571e-08	-4.419760e+01	-2.096947e+03
2.000000e-07	-6.123571e-06	-3.186297e-08	-4.386843e+01	-2.090650e+03
2.100000e-07	-6.075282e-06	-3.175512e-08	-4.352250e+01	-2.083703e+03
2.200000e-07	-6.024359e-06	-3.161824e-08	-4.315769e+01	-2.076137e+03
2.300000e-07	-5.970824e-06	-3.151084e-08	-4.277418e+01	-2.068018e+03
2.400000e-07	-5.915075e-06	-3.136056e-08	-4.237479e+01	-2.059425e+03
2.500000e-07	-5.857111e-06	-3.123408e-08	-4.195955e+01	-2.050431e+03
2.600000e-07	-5.796879e-06	-3.110192e-08	-4.152806e+01	-2.041089e+03
2.700000e-07	-5.734645e-06	-3.097053e-08	-4.108222e+01	-2.031425e+03
2.800000e-07	-5.670330e-06	-3.080272e-08	-4.062148e+01	-2.021434e+03
2.900000e-07	-5.603782e-06	-3.063023e-08	-4.014474e+01	-2.011090e+03
3.000000e-07	-5.535104e-06	-3.046642e-08	-3.965273e+01	-2.000357e+03
3.100000e-07	-5.464445e-06	-3.027531e-08	-3.914654e+01	-1.989197e+03
3.200000e-07	-5.391823e-06	-3.013108e-08	-3.862629e+01	-1.977586e+03
3.300000e-07	-5.317011e-06	-2.994429e-08	-3.809035e+01	-1.965514e+03
3.400000e-07	-5.239960e-06	-2.973940e-08	-3.753836e+01	-1.952983e+03
3.500000e-07	-5.160786e-06	-2.955475e-08	-3.697117e+01	-1.940008e+03
3.600000e-07	-5.079622e-06	-2.934058e-08	-3.638973e+01	-1.926603e+03
3.700000e-07	-4.996753e-06	-2.912861e-08	-3.579606e+01	-1.912778e+03
3.800000e-07	-4.912288e-06	-2.891045e-08	-3.519097e+01	-1.898531e+03
3.900000e-07	-4.826274e-06	-2.869536e-08	-3.457477e+01	-1.883847e+03
4.000000e-07	-4.738729e-06	-2.846226e-08	-3.394761e+01	-1.868702e+03
4.100000e-07	-4.649535e-06	-2.822870e-08	-3.330864e+01	-1.853068e+03
4.200000e-07	-4.558587e-06	-2.798419e-08	-3.265710e+01	-1.836916e+03
4.300000e-07	-4.466003e-06	-2.771533e-08	-3.199384e+01	-1.820227e+03
4.400000e-07	-4.371976e-06	-2.744587e-08	-3.132025e+01	-1.802989e+03
4.500000e-07	-4.276419e-06	-2.717012e-08	-3.063569e+01	-1.785202e+03
4.600000e-07	-4.179195e-06	-2.689466e-08	-2.993918e+01	-1.766873e+03
4.700000e-07	-4.080396e-06	-2.661127e-08	-2.923140e+01	-1.748009e+03
4.800000e-07	-3.980138e-06	-2.632147e-08	-2.851317e+01	-1.728613e+03
4.900000e-07	-3.878452e-06	-2.601609e-08	-2.778470e+01	-1.708682e+03
5.000000e-07	-3.775448e-06	-2.569726e-08	-2.704680e+01	-1.688202e+03
5.100000e-07	-3.671064e-06	-2.537272e-08	-2.629900e+01	-1.667151e+03
5.200000e-07	-3.565255e-06	-2.504615e-08	-2.554101e+01	-1.645502e+03
5.300000e-07	-3.458070e-06	-2.471444e-08	-2.477315e+01	-1.623225e+03
5.400000e-07	-3.349657e-06	-2.436566e-08	-2.399649e+01	-1.600296e+03
5.500000e-07	-3.240115e-06	-2.400467e-08	-2.321174e+01	-1.576696e+03
5.600000e-07	-3.129399e-06	-2.362885e-08	-2.241859e+01	-1.552413e+03
5.700000e-07	-3.017429e-06	-2.324035e-08	-2.161645e+01	-1.527442e+03
5.800000e-07	-2.904206e-06	-2.284462e-08	-2.080534e+01	-1.501778e+03
5.900000e-07	-2.789743e-06	-2.244576e-08	-1.998534e+01	-1.475418e+03
6.000000e-07	-2.674035e-06	-2.203822e-08	-1.915642e+01	-1.448352e+03
6.100000e-07	-2.557271e-06	-2.161815e-08	-1.831995e+01	-1.420564e+03
6.200000e-07	-2.439562e-06	-2.118552e-08	-1.747669e+01	-1.392033e+03
6.300000e-07	-2.321063e-06	-2.073705e-08	-1.662778e+01	-1.362730e+03
6.400000e-07	-2.201766e-06	-2.027450e-08	-1.577315e+01	-1.332622e+03
6.500000e-07	-2.081579e-06	-1.980050e-08	-1.491215e+01	-1.301678e+03
6.600000e-07	-1.960622e-06	-1.931810e-08	-1.404563e+01	-1.269866e+03
6.700000e-07	-1.838976e-06	-1.882067e-08	-1.317417e+01	-1.237160e+03
6.800000e-07	-1.716677e-06	-1.830619e-08	-1.229804e+01	-1.203539e+03
6.900000e-07	-1.593695e-06	-1.777835e-08	-1.141702e+01	-1.168986e+03
7.000000e-07	-1.470068e-06	-1.723561e-08	-1.053137e+01	-1.133492e+03
7.100000e-07	-1.345999e-06	-1.667787e-08	-9.642556e+00	-1.097049e+03
7.200000e-07	-1.221583e-06	-1.610785e-08	-8.751257e+00	-1.059652e+03
7.300000e-07	-1.096792e-06	-1.552900e-08	-7.857271e+00	-1.021295e+03
7.400000e-07	-9.716103e-07	-1.493641e-08	-6.960485e+00	-9.819716e+02
7.500000e-07	-8.460743e-07	-1.432380e-08	-6.061162e+00	-9.416725e+02
7.600000e-07	-7.202265e-07	-1.369172e-08	-5.159605e+00	-9.003828e+02
7.700000e-07	-5.941805e-07	-1.304235e-08	-4.256628e+00	-8.580830e+02
7.800000e-07	-4.680152e-07	-1.237577e-08	-3.352797e+00	-8.147492e+02
7.900000e-07	-3.417403e-07	-1.169597e-08	-2.448181e+00	-7.703544e+02
8.000000e-07	-2.153982e-07	-1.100513e-08	-1.543083e+00	-7.248709e+02
8.100000e-07	-8.897331e-08	-1.030104e-08	-6.373927e-01	-6.782711e+02
8.200000e-07	3.752993e-08	-9.580336e-09	2.688593e-01	-6.305286e+02
8.300000e-07	1.640434e-07	-8.837576e-09	1.175185e+00	-5.816156e+02
8.400000e-07	2.905250e-07	-8.072758e-09	2.081282e+00	-5.314969e+02
8.500000e-07	4.169956e-07	-7.286839e-09	2.987300e+00	-4.801211e+02
8.600000e-07	5.433972e-07	-6.482175e-09	3.892824e+00	-4.274091e+02
8.700000e-07	6.696558e-07	-5.656240e-09	4.797323e+00	-3.732429e+02
8.800000e-07	7.957606e-07	-4.803918e-09	5.700721e+00	-3.174570e+02
8.900000e-07	9.216301e-07	-3.925026e-09	6.602433e+00	-2.598381e+02
9.000000e-07	1.047217e-06	-3.014624e-09	7.502123e+00	-2.001336e+02
9.100000e-07	1.172441e-06	-2.068694e-09	8.399211e+00	-1.380734e+02
9.200000e-07	1.297174e-06	-1.082302e-09	9.292777e+00	-7.340209e+01
9.300000e-07	1.421478e-06	-5.225762e-11	1.018327e+01	-5.920744e+00
9.400000e-07	1.545365e-06	1.020822e-09	1.107079e+01	6.446925e+01
9.500000e-07	1.668737e-06	2.136852e-09	1.195460e+01	1.377257e+02
9.600000e-07	1.791595e-06	3.295035e-09	1.283474e+01	2.136369e+02
9.700000e-07	1.913794e-06	4.489380e-09	1.371016e+01	2.918109e+02
9.800000e-07	2.035102e-06	5.710144e-09	1.457919e+01	3.716859e+02
9.900000e-07	2.155512e-06	6.946536e-09	1.544180e+01	4.525630e+02
1.000000e-06	2.275025e-06	8.181278e-09	1.629797e+01	5.336567e+02
1.010000e-06	2.393695e-06	9.400951e-09	1.714811e+01	6.141569e+02
1.020000e-06	2.511601e-06	1.059863e-08	1.799277e+01	6.932927e+02
1.030000e-06	2.628598e-06	1.176850e-08	1.883092e+01	7.703892e+02
1.040000e-06	2.744583e-06	1.290077e-08	1.966182e+01	8.449083e+02
1.050000e-06	2.859511e-06	1.398890e-08	2.048515e+01	9.164706e+02
1.060000e-06	2.973179e-06	1.503117e-08	2.129945e+01	9.848544e+02
1.070000e-06	3.085503e-06	1.602202e-08	2.210413e+01	1.049977e+03
1.080000e-06	3.196680e-06	1.695922e-08	2.290058e+01	1.111864e+03
1.090000e-06	3.306823e-06	1.784921e-08	2.368963e+01	1.170610e+03
1.100000e-06	3.415866e-06	1.869518e-08	2.447080e+01	1.226346e+03
1.110000e-06	3.523778e-06	1.949784e-08	2.524387e+01	1.279213e+03
1.120000e-06	3.630609e-06	2.025832e-08	2.600919e+01	1.329341e+03
1.130000e-06	3.736115e-06	2.097847e-08	2.676502e+01	1.376851e+03
1.140000e-06	3.840116e-06	2.165965e-08	2.751007e+01	1.421853e+03
1.150000e-06	3.942768e-06	2.230244e-08	2.824546e+01	1.464456e+03
1.160000e-06	4.044076e-06	2.291282e-08	2.897121e+01	1.504776e+03
1.170000e-06	4.144011e-06	2.349328e-08	2.968713e+01	1.542941e+03
1.180000e-06	4.242513e-06	2.404373e-08	3.039279e+01	1.579088e+03
1.190000e-06	4.339357e-06	2.456384e-08	3.108657e+01	1.613361e+03
1.200000e-06	4.434558e-06	2.505771e-08	3.176857e+01	1.645898e+03
1.210000e-06	4.528243e-06	2.552987e-08	3.243972e+01	1.676825e+03
1.220000e-06	4.620373e-06	2.597670e-08	3.309973e+01	1.706247e+03
1.230000e-06	4.710975e-06	2.639773e-08	3.374878e+01	1.734252e+03
1.240000e-06	4.799810e-06	2.679913e-08	3.438519e+01	1.760906e+03
1.250000e-06	4.886806e-06	2.718395e-08	3.500841e+01	1.786266e+03
1.260000e-06	4.972185e-06	2.755097e-08	3.562006e+01	1.810386e+03
1.270000e-06	5.055951e-06	2.790040e-08	3.622014e+01	1.833323e+03
1.280000e-06	5.137956e-06	2.823364e-08	3.680762e+01	1.855141e+03
1.290000e-06	5.218000e-06	2.855275e-08	3.738104e+01	1.875910e+03
1.300000e-06	5.296018e-06	2.885691e-08	3.793996e+01	1.895700e+03
1.310000e-06	5.372056e-06	2.914491e-08	3.848468e+01	1.914577e+03
1.320000e-06	5.445948e-06	2.941966e-08	3.901403e+01	1.932595e+03
1.330000e-06	5.517709e-06	2.968097e-08	3.952812e+01	1.949790e+03
1.340000e-06	5.587583e-06	2.992621e-08	4.002869e+01	1.966184e+03
1.350000e-06	5.655614e-06	3.015798e-08	4.051605e+01	1.981788e+03
1.360000e-06	5.721611e-06	3.038132e-08	4.098885e+01	1.996608e+03
1.370000e-06	5.785453e-06	3.059740e-08	4.144620e+01	2.010655e+03
1.380000e-06	5.847315e-06	3.080378e-08	4.188937e+01	2.023949e+03
1.390000e-06	5.907260e-06	3.099633e-08	4.231881e+01	2.036524e+03
1.400000e-06	5.965083e-06	3.117556e-08	4.273305e+01	2.048422e+03
1.410000e-06	6.020737e-06	3.134633e-08	4.313174e+01	2.059689e+03
1.420000e-06	6.074227e-06	3.150963e-08	4.351494e+01	2.070369e+03
1.430000e-06	6.125249e-06	3.166380e-08	4.388046e+01	2.080488e+03
1.440000e-06	6.173673e-06	3.181144e-08	4.422735e+01	2.090060e+03
1.450000e-06	6.219818e-06	3.195277e-08	4.455793e+01	2.099078e+03
1.460000e-06	6.263940e-06	3.208357e-08	4.487402e+01	2.107526e+03
1.470000e-06	6.305808e-06	3.220327e-08	4.517395e+01	2.115382e+03
1.480000e-06	6.345360e-06	3.231442e-08	4.545730e+01	2.122635e+03
1.490000e-06	6.382805e-06	3.241818e-08	4.572555e+01	2.129287e+03
1.500000e-06	6.418174e-06	3.251225e-08	4.597893e+01	2.135362e+03
1.510000e-06	6.451196e-06	3.259585e-08	4.621549e+01	2.140898e+03
1.520000e-06	6.481799e-06	3.267254e-08	4.643473e+01	2.145945e+03
1.530000e-06	6.510235e-06	3.274453e-08	4.663844e+01	2.150553e+03
1.540000e-06	6.536330e-06	3.281034e-08	4.682538e+01	2.154756e+03
1.550000e-06	6.559919e-06	3.286971e-08	4.699437e+01	2.158570e+03
1.560000e-06	6.581206e-06	3.292199e-08	4.714687e+01	2.161985e+03
1.570000e-06	6.600418e-06	3.296746e-08	4.728450e+01	2.164976e+03
1.580000e-06	6.617302e-06	3.300670e-08	4.740545e+01	2.167505e+03
1.590000e-06	6.631614e-06	3.303787e-08	4.750798e+01	2.169541e+03
1.600000e-06	6.643445e-06	3.306120e-08	4.759274e+01	2.171071e+03
1.610000e-06	6.652564e-06	3.307670e-08	4.765806e+01	2.172105e+03
1.620000e-06	6.659103e-06	3.308760e-08	4.770491e+01	2.172682e+03
1.630000e-06	6.663469e-06	3.309445e-08	4.773619e+01	2.172860e+03
1.640000e-06	6.665502e-06	3.309619e-08	4.775075e+01	2.172707e+03
1.650000e-06	6.665137e-06	3.309288e-08	4.774814e+01	2.172278e+03
1.660000e-06	6.662609e-06	3.307875e-08	4.773003e+01	2.171608e+03
1.670000e-06	6.657990e-06	3.306521e-08	4.769693e+01	2.170700e+03
1.680000e-06	6.651120e-06	3.304762e-08	4.764772e+01	2.169522e+03
1.690000e-06	6.642024e-06	3.302406e-08	4.758256e+01	2.168021e+03
1.700000e-06	6.630822e-06	3.299728e-08	4.750231e+01	2.166137e+03
1.710000e-06	6.617300e-06	3.296941e-08	4.740544e+01	2.163821e+03
1.720000e-06	6.601503e-06	3.294125e-08	4.729227e+01	2.161056e+03
1.730000e-06	6.583598e-06	3.284424e-08	4.716401e+01	2.157863e+03
1.740000e-06	6.563145e-06	3.276624e-08	4.701748e+01	2.154309e+03
1.750000e-06	6.539551e-06	3.275369e-08	4.684846e+01	2.150488e+03
1.760000e-06	6.513063e-06	3.269780e-08	4.665870e+01	2.146510e+03
1.770000e-06	6.484467e-06	3.265504e-08	4.645385e+01	2.142473e+03
1.780000e-06	6.454044e-06	3.265525e-08	4.623589e+01	2.138440e+03
1.790000e-06	6.422053e-06	3.248467e-08	4.600672e+01	2.134424e+03
1.800000e-06	6.388274e-06	3.242736e-08	4.576473e+01	2.130380e+03
1.810000e-06	6.352287e-06	3.246038e-08	4.550692e+01	2.126214e+03
1.820000e-06	6.314224e-06	3.232023e-08	4.523425e+01	2.121797e+03
1.830000e-06	6.273767e-06	3.237483e-08	4.494442e+01	2.116989e+03
1.840000e-06	6.231031e-06	3.228387e-08	4.463826e+01	2.111664e+03
1.850000e-06	6.186267e-06	3.210728e-08	4.431758e+01	2.105733e+03
1.860000e-06	6.139183e-06	3.209255e-08	4.398027e+01	2.099152e+03
1.870000e-06	6.089924e-06	3.189861e-08	4.362739e+01	2.091930e+03
1.880000e-06	6.038240e-06	3.182393e-08	4.325713e+01	2.084115e+03
1.890000e-06	5.983821e-06	3.172775e-08	4.286728e+01	2.075779e+03
1.900000e-06	5.927095e-06	3.155380e-08	4.246091e+01	2.067003e+03
1.910000e-06	5.868268e-06	3.145247e-08	4.203947e+01	2.057851e+03
1.920000e-06	5.807365e-06	3.124349e-08	4.160317e+01	2.048367e+03
1.930000e-06	5.744296e-06	3.115056e-08	4.115136e+01	2.038561e+03
1.940000e-06	5.679060e-06	3.099351e-08	4.068402e+01	2.028420e+03
1.950000e-06	5.611759e-06	3.082891e-08	4.020188e+01	2.017910e+03
1.960000e-06	5.542176e-06	3.068300e-08	3.970340e+01	2.006995e+03
1.970000e-06	5.470350e-06	3.044727e-08	3.918885e+01	1.995641e+03
1.980000e-06	5.396598e-06	3.031665e-08	3.866049e+01	1.983829e+03
1.990000e-06	5.320898e-06	3.010591e-08	3.811820e+01	1.971555e+03
2.000000e-06	5.243056e-06	2.992747e-08	3.756055e+01	1.958828e+03
2.010000e-06	5.163155e-06	2.974523e-08	3.698814e+01	1.945664e+03
2.020000e-06	5.081453e-06	2.951542e-08	3.640284e+01	1.932075e+03
2.030000e-06	4.998060e-06	2.931291e-08	3.580542e+01	1.918067e+03
2.040000e-06	4.913002e-06	2.907099e-08	3.519608e+01	1.903631e+03
2.050000e-06	4.826146e-06	2.886402e-08	3.457386e+01	1.888750e+03
2.060000e-06	4.737548e-06	2.861453e-08	3.393915e+01	1.873396e+03
2.070000e-06	4.647304e-06	2.838110e-08	3.329265e+01	1.857539e+03
2.080000e-06	4.555478e-06	2.813606e-08	3.263482e+01	1.841155e+03
2.090000e-06	4.462078e-06	2.788083e-08	3.196572e+01	1.824228e+03
2.100000e-06	4.366971e-06	2.762369e-08	3.128439e+01	1.806751e+03
2.110000e-06	4.270353e-06	2.733538e-08	3.059223e+01	1.788727e+03
2.120000e-06	4.172348e-06	2.705386e-08	2.989014e+01	1.770165e+03
2.130000e-06	4.072960e-06	2.675758e-08	2.917813e+01	1.751069e+03
2.140000e-06	3.972093e-06	2.647037e-08	2.845554e+01	1.731442e+03
2.150000e-06	3.869633e-06	2.616511e-08	2.772152e+01	1.711275e+03
2.160000e-06	3.765660e-06	2.585118e-08	2.697667e+01	1.690550e+03
2.170000e-06	3.660376e-06	2.551697e-08	2.622244e+01	1.669242e+03
2.180000e-06	3.553939e-06	2.516990e-08	2.545994e+01	1.647323e+03
2.190000e-06	3.446271e-06	2.482044e-08	2.468862e+01	1.624766e+03
2.200000e-06	3.337401e-06	2.447086e-08	2.390869e+01	1.601548e+03
2.210000e-06	3.227254e-06	2.412165e-08	2.311961e+01	1.577654e+03
2.220000e-06	3.115756e-06	2.375469e-08	2.232085e+01	1.553073e+03
2.230000e-06	3.003103e-06	2.336861e-08	2.151383e+01	1.527802e+03
2.240000e-06	2.889338e-06	2.296625e-08	2.069883e+01	1.501837e+03
2.250000e-06	2.774478e-06	2.255574e-08	1.987599e+01	1.475172e+03
2.260000e-06	2.658495e-06	2.212985e-08	1.904510e+01	1.447795e+03
2.270000e-06	2.541301e-06	2.170183e-08	1.820554e+01	1.419689e+03
2.280000e-06	2.423061e-06	2.126768e-08	1.735848e+01	1.390827e+03
2.290000e-06	2.303940e-06	2.081862e-08	1.650511e+01	1.361179e+03
2.300000e-06	2.183961e-06	2.035135e-08	1.564560e+01	1.330714e+03
2.310000e-06	2.063193e-06	1.987325e-08	1.478044e+01	1.299398e+03
2.320000e-06	1.941748e-06	1.938403e-08	1.391042e+01	1.267202e+03
2.330000e-06	1.819645e-06	1.887600e-08	1.303569e+01	1.234103e+03
2.340000e-06	1.696999e-06	1.835491e-08	1.215707e+01	1.200081e+03
2.350000e-06	1.573917e-06	1.782470e-08	1.127533e+01	1.165122e+03
2.360000e-06	1.450333e-06	1.728224e-08	1.038999e+01	1.129219e+03
2.370000e-06	1.326242e-06	1.671847e-08	9.501017e+00	1.092364e+03
2.380000e-06	1.201749e-06	1.613545e-08	8.609168e+00	1.054552e+03
2.390000e-06	1.076849e-06	1.553995e-08	7.714402e+00	1.015779e+03
2.400000e-06	9.514719e-07	1.493169e-08	6.816216e+00	9.760356e+02
2.410000e-06	8.256607e-07	1.430931e-08	5.914921e+00	9.353105e+02
2.420000e-06	6.995087e-07	1.367727e-08	5.011186e+00	8.935871e+02
2.430000e-06	5.731920e-07	1.302942e-08	4.106270e+00	8.508438e+02
2.440000e-06	4.467594e-07	1.235927e-08	3.200524e+00	8.070553e+02
2.450000e-06	3.201220e-07	1.166977e-08	2.293310e+00	7.621939e+02
2.460000e-06	1.933001e-07	1.096397e-08	1.384775e+00	7.162318e+02
2.470000e-06	6.639800e-08	1.024187e-08	4.756663e-01	6.691421e+02
2.480000e-06	-6.053133e-08	9.503541e-09	-4.336382e-01	6.208982e+02
2.490000e-06	-1.874808e-07	8.751249e-09	-1.343087e+00	5.714699e+02
2.500000e-06	-3.144015e-07	7.982079e-09	-2.252329e+00	5.208166e+02
2.510000e-06	-4.412323e-07	7.189020e-09	-3.160928e+00	4.688765e+02
2.520000e-06	-5.679156e-07	6.372252e-09	-4.068470e+00	4.155549e+02
2.530000e-06	-6.944286e-07	5.532980e-09	-4.974792e+00	3.607143e+02
2.540000e-06	-8.206915e-07	4.668479e-09	-5.879323e+00	3.041681e+02
2.550000e-06	-9.466714e-07	3.774825e-09	-6.781826e+00	2.456845e+02
2.560000e-06	-1.072294e-06	2.849447e-09	-7.681770e+00	1.850000e+02
2.570000e-06	-1.197423e-06	1.889844e-09	-8.578173e+00	1.218463e+02
2.580000e-06	-1.322011e-06	8.880362e-10	-9.470710e+00	5.598675e+01
2.590000e-06	-1.446004e-06	-1.605381e-10	-1.035897e+01	-1.273991e+01
2.600000e-06	-1.569454e-06	-1.252744e-09	-1.124336e+01	-8.437640e+01
2.610000e-06	-1.692389e-06	-2.385680e-09	-1.212404e+01	-1.588105e+02
2.620000e-06	-1.814769e-06	-3.558227e-09	-1.300076e+01	-2.357533e+02
2.630000e-06	-1.936469e-06	-4.764539e-09	-1.387260e+01	-3.147375e+02
2.640000e-06	-2.057410e-06	-5.992323e-09	-1.473901e+01	-3.951374e+02
2.650000e-06	-2.177617e-06	-7.230225e-09	-1.560015e+01	-4.762098e+02
2.660000e-06	-2.297075e-06	-8.468711e-09	-1.645593e+01	-5.571509e+02
2.670000e-06	-2.415639e-06	-9.695236e-09	-1.730531e+01	-6.371599e+02
2.680000e-06	-2.533109e-06	-1.089576e-08	-1.814685e+01	-7.155005e+02
2.690000e-06	-2.649399e-06	-1.205716e-08	-1.897993e+01	-7.915527e+02
2.700000e-06	-2.764521e-06	-1.317600e-08	-1.980466e+01	-8.648451e+02
2.710000e-06	-2.878566e-06	-1.425022e-08	-2.062165e+01	-9.350671e+02
2.720000e-06	-2.991446e-06	-1.527542e-08	-2.143031e+01	-1.002060e+03
2.730000e-06	-3.103090e-06	-1.625144e-08	-2.223011e+01	-1.065791e+03
2.740000e-06	-3.213564e-06	-1.718008e-08	-2.302154e+01	-1.126321e+03
2.750000e-06	-3.322837e-06	-1.806552e-08	-2.380435e+01	-1.183763e+03
2.760000e-06	-3.431015e-06	-1.890562e-08	-2.457933e+01	-1.238256e+03
2.770000e-06	-3.538218e-06	-1.969925e-08	-2.534732e+01	-1.289937e+03
2.780000e-06	-3.644293e-06	-2.044923e-08	-2.610722e+01	-1.338933e+03
2.790000e-06	-3.749080e-06	-2.115710e-08	-2.685790e+01	-1.385358e+03
2.800000e-06	-3.852511e-06	-2.182691e-08	-2.759887e+01	-1.429322e+03
2.810000e-06	-3.954377e-06	-2.246242e-08	-2.832862e+01	-1.470935e+03
2.820000e-06	-4.054707e-06	-2.306871e-08	-2.904737e+01	-1.510318e+03
2.830000e-06	-4.153738e-06	-2.364392e-08	-2.975682e+01	-1.547605e+03
2.840000e-06	-4.251399e-06	-2.418846e-08	-3.045644e+01	-1.582935e+03
2.850000e-06	-4.347609e-06	-2.470767e-08	-3.114568e+01	-1.616451e+03
2.860000e-06	-4.442357e-06	-2.519793e-08	-3.182444e+01	-1.648287e+03
2.870000e-06	-4.535411e-06	-2.565983e-08	-3.249107e+01	-1.678561e+03
2.880000e-06	-4.626811e-06	-2.609846e-08	-3.314584e+01	-1.707370e+03
2.890000e-06	-4.716660e-06	-2.651669e-08	-3.378952e+01	-1.734791e+03
2.900000e-06	-4.804771e-06	-2.691553e-08	-3.442073e+01	-1.760887e+03
2.910000e-06	-4.891006e-06	-2.729427e-08	-3.503850e+01	-1.785713e+03
2.920000e-06	-4.975407e-06	-2.765605e-08	-3.564314e+01	-1.809322e+03
2.930000e-06	-5.058119e-06	-2.800000e-08	-3.623568e+01	-1.831775e+03
2.940000e-06	-5.139105e-06	-2.832577e-08	-3.681585e+01	-1.853138e+03
2.950000e-06	-5.218234e-06	-2.863791e-08	-3.738272e+01	-1.873482e+03
2.960000e-06	-5.295184e-06	-2.893833e-08	-3.793398e+01	-1.892877e+03
2.970000e-06	-5.370025e-06	-2.922506e-08	-3.847013e+01	-1.911384e+03
2.980000e-06	-5.442979e-06	-2.949417e-08	-3.899277e+01	-1.929049e+03
2.990000e-06	-5.513876e-06	-2.974893e-08	-3.950066e+01	-1.945902e+03
3.000000e-06	-5.582634e-06	-2.999253e-08	-3.999323e+01	-1.961960e+03
3.010000e-06	-5.649385e-06	-3.022464e-08	-4.047143e+01	-1.977231e+03
3.020000e-06	-5.714289e-06	-3.044667e-08	-4.093639e+01	-1.991721e+03
3.030000e-06	-5.777226e-06	-3.065977e-08	-4.138727e+01	-2.005446e+03
3.040000e-06	-5.837987e-06	-3.086321e-08	-4.182255e+01	-2.018430e+03
3.050000e-06	-5.896643e-06	-3.105222e-08	-4.224275e+01	-2.030712e+03
3.060000e-06	-5.953324e-06	-3.122865e-08	-4.264881e+01	-2.042338e+03
3.070000e-06	-6.007869e-06	-3.139508e-08	-4.303956e+01	-2.053353e+03
3.080000e-06	-6.059980e-06	-3.155342e-08	-4.341288e+01	-2.063793e+03
3.090000e-06	-6.109539e-06	-3.170269e-08	-4.376791e+01	-2.073681e+03
3.100000e-06	-6.156686e-06	-3.184253e-08	-4.410567e+01	-2.083020e+03
3.110000e-06	-6.201742e-06	-3.197413e-08	-4.442844e+01	-2.091800e+03
3.120000e-06	-6.244892e-06	-3.209801e-08	-4.473756e+01	-2.100000e+03
3.130000e-06	-6.286036e-06	-3.221300e-08	-4.503231e+01	-2.107602e+03
3.140000e-06	-6.324976e-06	-3.231721e-08	-4.531127e+01	-2.114599e+03
3.150000e-06	-6.361579e-06	-3.241304e-08	-4.557349e+01	-2.121003e+03
3.160000e-06	-6.395924e-06	-3.250117e-08	-4.581953e+01	-2.126845e+03
3.170000e-06	-6.428078e-06	-3.258316e-08	-4.604988e+01	-2.132169e+03
3.180000e-06	-6.457836e-06	-3.265846e-08	-4.626306e+01	-2.137026e+03
3.190000e-06	-6.485192e-06	-3.272699e-08	-4.645904e+01	-2.141460e+03
3.200000e-06	-6.510293e-06	-3.278920e-08	-4.663886e+01	-2.145499e+03
3.210000e-06	-6.533014e-06	-3.284373e-08	-4.680162e+01	-2.149148e+03
3.220000e-06	-6.553396e-06	-3.289068e-08	-4.694764e+01	-2.152389e+03
3.230000e-06	-6.571561e-06	-3.293249e-08	-4.707777e+01	-2.155190e+03
3.240000e-06	-6.587295e-06	-3.296597e-08	-4.719049e+01	-2.157515e+03
3.250000e-06	-6.600336e-06	-3.299138e-08	-4.728391e+01	-2.159337e+03
3.260000e-06	-6.610816e-06	-3.301079e-08	-4.735899e+01	-2.160655e+03
3.270000e-06	-6.619040e-06	-3.302375e-08	-4.741791e+01	-2.161490e+03
3.280000e-06	-6.624862e-06	-3.303035e-08	-4.745962e+01	-2.161892e+03
3.290000e-06	-6.628286e-06	-3.303193e-08	-4.748414e+01	-2.161924e+03
3.300000e-06	-6.629505e-06	-3.302637e-08	-4.749287e+01	-2.161650e+03
3.310000e-06	-6.628389e-06	-3.301700e-08	-4.748488e+01	-2.161119e+03
