5.972897e+02
5.941162e+02
5.909026e+02
5.937332e+02
5.914727e+02
5.913911e+02
5.899582e+02
5.880644e+02
5.878546e+02
5.861280e+02
5.844140e+02
5.814525e+02
5.825672e+02
5.785071e+02
5.783809e+02
5.786269e+02
5.763690e+02
5.735614e+02
5.747905e+02
5.724539e+02
5.704799e+02
5.723195e+02
5.687164e+02
5.674416e+02
5.666099e+02
5.623867e+02
5.665065e+02
5.679555e+02
5.656464e+02
5.646326e+02
5.607134e+02
5.629347e+02
5.596370e+02
5.646838e+02
5.646267e+02
5.686560e+02
5.709729e+02
5.765618e+02
5.723104e+02
5.773828e+02
5.815536e+02
5.824188e+02
5.816639e+02
5.788459e+02
5.789721e+02
5.778095e+02
5.767826e+02
5.770057e+02
5.761291e+02
5.737363e+02
5.733988e+02
5.817380e+02
5.864683e+02
5.864271e+02
5.859282e+02
5.829465e+02
5.844514e+02
5.838170e+02
5.794707e+02
5.791106e+02
5.762450e+02
5.750989e+02
5.747067e+02
5.704964e+02
5.691852e+02
5.678885e+02
5.668707e+02
5.618621e+02
5.550888e+02
5.544120e+02
5.309100e+02
5.383627e+02
5.369901e+02
5.400809e+02
