# Temperatura_=_29.01
# Concentracion g/m^3_=_24000.0
# C_Vs_to_Am_M_A/Vsm_=_65563218390.804596
# pendiente_HvsI_1/m_=_3716.3
# ordenada_HvsI_A/m_=_1297.0
# frecuencia_Hz_=_302409.3158009121

Tiempo_(s)	Campo_(V.s)	Magnetizacion_(V.s)	Campo_(kA/m)	Magnetizacion_(A/m)
0.000000e+00	-7.985222e-06	-1.986714e-08	-5.689632e+01	-1.300279e+03
1.000000e-08	-7.981421e-06	-1.985997e-08	-5.686924e+01	-1.299805e+03
2.000000e-08	-7.975097e-06	-1.984818e-08	-5.682418e+01	-1.299165e+03
3.000000e-08	-7.966085e-06	-1.983595e-08	-5.675997e+01	-1.298349e+03
4.000000e-08	-7.954120e-06	-1.981864e-08	-5.667471e+01	-1.297346e+03
5.000000e-08	-7.939148e-06	-1.979597e-08	-5.656804e+01	-1.296143e+03
6.000000e-08	-7.921497e-06	-1.976888e-08	-5.644227e+01	-1.294737e+03
7.000000e-08	-7.901586e-06	-1.973602e-08	-5.630040e+01	-1.293132e+03
8.000000e-08	-7.879166e-06	-1.976617e-08	-5.614065e+01	-1.291345e+03
9.000000e-08	-7.853707e-06	-1.975459e-08	-5.595925e+01	-1.289406e+03
1.000000e-07	-7.825100e-06	-1.968875e-08	-5.575542e+01	-1.287353e+03
1.100000e-07	-7.793496e-06	-1.964492e-08	-5.553024e+01	-1.285227e+03
1.200000e-07	-7.759042e-06	-1.959992e-08	-5.528474e+01	-1.283063e+03
1.300000e-07	-7.722030e-06	-1.952785e-08	-5.502103e+01	-1.280879e+03
1.400000e-07	-7.682866e-06	-1.943716e-08	-5.474198e+01	-1.278674e+03
1.500000e-07	-7.641489e-06	-1.949761e-08	-5.444716e+01	-1.276423e+03
1.600000e-07	-7.597463e-06	-1.944050e-08	-5.413347e+01	-1.274076e+03
1.700000e-07	-7.550737e-06	-1.933608e-08	-5.380053e+01	-1.271570e+03
1.800000e-07	-7.501164e-06	-1.938823e-08	-5.344732e+01	-1.268831e+03
1.900000e-07	-7.448506e-06	-1.926773e-08	-5.307212e+01	-1.265793e+03
2.000000e-07	-7.392974e-06	-1.918518e-08	-5.267644e+01	-1.262406e+03
2.100000e-07	-7.334798e-06	-1.914937e-08	-5.226193e+01	-1.258641e+03
2.200000e-07	-7.274063e-06	-1.908087e-08	-5.182917e+01	-1.254500e+03
2.300000e-07	-7.210609e-06	-1.904151e-08	-5.137705e+01	-1.250009e+03
2.400000e-07	-7.144358e-06	-1.894203e-08	-5.090500e+01	-1.245213e+03
2.500000e-07	-7.075491e-06	-1.889730e-08	-5.041431e+01	-1.240165e+03
2.600000e-07	-7.003950e-06	-1.879311e-08	-4.990456e+01	-1.234914e+03
2.700000e-07	-6.929613e-06	-1.869531e-08	-4.937490e+01	-1.229495e+03
2.800000e-07	-6.852431e-06	-1.860895e-08	-4.882496e+01	-1.223923e+03
2.900000e-07	-6.772437e-06	-1.854401e-08	-4.825499e+01	-1.218189e+03
3.000000e-07	-6.689904e-06	-1.849572e-08	-4.766692e+01	-1.212264e+03
3.100000e-07	-6.605143e-06	-1.836172e-08	-4.706298e+01	-1.206111e+03
3.200000e-07	-6.518174e-06	-1.826626e-08	-4.644331e+01	-1.199689e+03
3.300000e-07	-6.428910e-06	-1.814869e-08	-4.580729e+01	-1.192966e+03
3.400000e-07	-6.337286e-06	-1.803058e-08	-4.515445e+01	-1.185924e+03
3.500000e-07	-6.243346e-06	-1.790571e-08	-4.448511e+01	-1.178562e+03
3.600000e-07	-6.147138e-06	-1.780247e-08	-4.379961e+01	-1.170896e+03
3.700000e-07	-6.048633e-06	-1.771344e-08	-4.309773e+01	-1.162949e+03
3.800000e-07	-5.947980e-06	-1.758453e-08	-4.238057e+01	-1.154744e+03
3.900000e-07	-5.845238e-06	-1.745013e-08	-4.164850e+01	-1.146297e+03
4.000000e-07	-5.740442e-06	-1.730864e-08	-4.090181e+01	-1.137609e+03
4.100000e-07	-5.633619e-06	-1.718479e-08	-4.014067e+01	-1.128665e+03
4.200000e-07	-5.524787e-06	-1.702846e-08	-3.936523e+01	-1.119439e+03
4.300000e-07	-5.413953e-06	-1.688627e-08	-3.857552e+01	-1.109896e+03
4.400000e-07	-5.301119e-06	-1.675205e-08	-3.777155e+01	-1.100002e+03
4.500000e-07	-5.186271e-06	-1.660207e-08	-3.695323e+01	-1.089730e+03
4.600000e-07	-5.069409e-06	-1.642280e-08	-3.612056e+01	-1.079069e+03
4.700000e-07	-4.950669e-06	-1.624628e-08	-3.527452e+01	-1.068018e+03
4.800000e-07	-4.830168e-06	-1.608154e-08	-3.441593e+01	-1.056590e+03
4.900000e-07	-4.707933e-06	-1.589754e-08	-3.354497e+01	-1.044801e+03
5.000000e-07	-4.583988e-06	-1.571336e-08	-3.266184e+01	-1.032663e+03
5.100000e-07	-4.458344e-06	-1.552947e-08	-3.176660e+01	-1.020179e+03
5.200000e-07	-4.331052e-06	-1.534093e-08	-3.085962e+01	-1.007336e+03
5.300000e-07	-4.202268e-06	-1.512292e-08	-2.994201e+01	-9.941084e+02
5.400000e-07	-4.071916e-06	-1.490848e-08	-2.901322e+01	-9.804594e+02
5.500000e-07	-3.939995e-06	-1.469688e-08	-2.807327e+01	-9.663498e+02
5.600000e-07	-3.806621e-06	-1.447430e-08	-2.712294e+01	-9.517456e+02
5.700000e-07	-3.671748e-06	-1.424028e-08	-2.616195e+01	-9.366250e+02
5.800000e-07	-3.535410e-06	-1.400658e-08	-2.519051e+01	-9.209816e+02
5.900000e-07	-3.397718e-06	-1.376759e-08	-2.420943e+01	-9.048236e+02
6.000000e-07	-3.258673e-06	-1.350475e-08	-2.321870e+01	-8.881674e+02
6.100000e-07	-3.118223e-06	-1.324083e-08	-2.221797e+01	-8.710305e+02
6.200000e-07	-2.976466e-06	-1.297542e-08	-2.120792e+01	-8.534215e+02
6.300000e-07	-2.833524e-06	-1.270325e-08	-2.018943e+01	-8.353341e+02
6.400000e-07	-2.689513e-06	-1.241566e-08	-1.916332e+01	-8.167435e+02
6.500000e-07	-2.544582e-06	-1.212691e-08	-1.813066e+01	-7.976090e+02
6.600000e-07	-2.398835e-06	-1.183183e-08	-1.709218e+01	-7.778803e+02
6.700000e-07	-2.252273e-06	-1.151817e-08	-1.604790e+01	-7.575066e+02
6.800000e-07	-2.104897e-06	-1.119334e-08	-1.499782e+01	-7.364463e+02
6.900000e-07	-1.956815e-06	-1.085956e-08	-1.394270e+01	-7.146738e+02
7.000000e-07	-1.808150e-06	-1.051633e-08	-1.288344e+01	-6.921815e+02
7.100000e-07	-1.658983e-06	-1.015843e-08	-1.182059e+01	-6.689772e+02
7.200000e-07	-1.509331e-06	-9.796444e-09	-1.075429e+01	-6.450767e+02
7.300000e-07	-1.359188e-06	-9.423426e-09	-9.684491e+00	-6.204937e+02
7.400000e-07	-1.208499e-06	-9.036191e-09	-8.610803e+00	-5.952308e+02
7.500000e-07	-1.057296e-06	-8.638575e-09	-7.533450e+00	-5.692740e+02
7.600000e-07	-9.057441e-07	-8.232904e-09	-6.453610e+00	-5.425919e+02
7.700000e-07	-7.539093e-07	-7.814260e-09	-5.371757e+00	-5.151412e+02
7.800000e-07	-6.018450e-07	-7.381444e-09	-4.288267e+00	-4.868762e+02
7.900000e-07	-4.496028e-07	-6.939981e-09	-3.203511e+00	-4.577590e+02
8.000000e-07	-2.972108e-07	-6.482788e-09	-2.117687e+00	-4.277676e+02
8.100000e-07	-1.446792e-07	-6.010683e-09	-1.030869e+00	-3.968973e+02
8.200000e-07	7.934769e-09	-5.525291e-09	5.653684e-02	-3.651554e+02
8.300000e-07	1.605432e-07	-5.030244e-09	1.143903e+00	-3.325462e+02
8.400000e-07	3.131303e-07	-4.520619e-09	2.231117e+00	-2.990517e+02
8.500000e-07	4.656381e-07	-3.995082e-09	3.317766e+00	-2.646117e+02
8.600000e-07	6.180313e-07	-3.456246e-09	4.403598e+00	-2.291085e+02
8.700000e-07	7.702809e-07	-2.898477e-09	5.488408e+00	-1.923624e+02
8.800000e-07	9.223301e-07	-2.316966e-09	6.571789e+00	-1.541415e+02
8.900000e-07	1.074115e-06	-1.707377e-09	7.653287e+00	-1.141874e+02
9.000000e-07	1.225534e-06	-1.068524e-09	8.732180e+00	-7.225376e+01
9.100000e-07	1.376440e-06	-3.951257e-10	9.807413e+00	-2.815260e+01
9.200000e-07	1.526795e-06	3.096869e-10	1.087872e+01	1.819927e+01
9.300000e-07	1.676607e-06	1.045609e-09	1.194617e+01	6.674265e+01
9.400000e-07	1.825801e-06	1.814092e-09	1.300920e+01	1.172543e+02
9.500000e-07	1.974334e-06	2.610590e-09	1.406753e+01	1.693468e+02
9.600000e-07	2.122169e-06	3.423314e-09	1.512088e+01	2.224902e+02
9.700000e-07	2.269225e-06	4.239291e-09	1.616869e+01	2.760543e+02
9.800000e-07	2.415463e-06	5.051210e-09	1.721066e+01	3.293638e+02
9.900000e-07	2.560814e-06	5.847209e-09	1.824632e+01	3.817586e+02
1.000000e-06	2.705213e-06	6.617789e-09	1.927519e+01	4.326494e+02
1.010000e-06	2.848603e-06	7.355678e-09	2.029687e+01	4.815619e+02
1.020000e-06	2.990868e-06	8.060575e-09	2.131054e+01	5.281617e+02
1.030000e-06	3.131960e-06	8.727296e-09	2.231585e+01	5.722603e+02
1.040000e-06	3.271776e-06	9.356717e-09	2.331207e+01	6.138025e+02
1.050000e-06	3.410207e-06	9.949302e-09	2.429842e+01	6.528395e+02
1.060000e-06	3.547334e-06	1.050708e-08	2.527548e+01	6.894955e+02
1.070000e-06	3.683108e-06	1.103011e-08	2.624289e+01	7.239329e+02
1.080000e-06	3.817471e-06	1.151912e-08	2.720026e+01	7.563230e+02
1.090000e-06	3.950587e-06	1.198005e-08	2.814873e+01	7.868262e+02
1.100000e-06	4.082366e-06	1.241353e-08	2.908769e+01	8.155819e+02
1.110000e-06	4.212660e-06	1.282239e-08	3.001606e+01	8.427075e+02
1.120000e-06	4.341444e-06	1.320844e-08	3.093367e+01	8.683043e+02
1.130000e-06	4.468630e-06	1.357538e-08	3.183989e+01	8.924656e+02
1.140000e-06	4.594316e-06	1.392357e-08	3.273543e+01	9.152842e+02
1.150000e-06	4.718562e-06	1.425183e-08	3.362071e+01	9.368564e+02
1.160000e-06	4.841122e-06	1.456243e-08	3.449398e+01	9.572821e+02
1.170000e-06	4.961825e-06	1.485709e-08	3.535401e+01	9.766611e+02
1.180000e-06	5.080727e-06	1.513918e-08	3.620121e+01	9.950864e+02
1.190000e-06	5.197828e-06	1.540831e-08	3.703558e+01	1.012639e+03
1.200000e-06	5.312901e-06	1.566167e-08	3.785550e+01	1.029382e+03
1.210000e-06	5.425859e-06	1.590226e-08	3.866035e+01	1.045363e+03
1.220000e-06	5.536802e-06	1.613200e-08	3.945084e+01	1.060613e+03
1.230000e-06	5.645839e-06	1.635063e-08	4.022775e+01	1.075154e+03
1.240000e-06	5.752951e-06	1.655809e-08	4.099094e+01	1.089004e+03
1.250000e-06	5.857903e-06	1.675637e-08	4.173875e+01	1.102184e+03
1.260000e-06	5.960613e-06	1.694692e-08	4.247058e+01	1.114722e+03
1.270000e-06	6.061195e-06	1.712967e-08	4.318724e+01	1.126654e+03
1.280000e-06	6.159526e-06	1.730208e-08	4.388787e+01	1.138022e+03
1.290000e-06	6.255479e-06	1.746592e-08	4.457156e+01	1.148870e+03
1.300000e-06	6.349202e-06	1.762387e-08	4.523935e+01	1.159237e+03
1.310000e-06	6.440764e-06	1.777615e-08	4.589175e+01	1.169155e+03
1.320000e-06	6.529977e-06	1.792168e-08	4.652741e+01	1.178643e+03
1.330000e-06	6.616804e-06	1.806121e-08	4.714607e+01	1.187710e+03
1.340000e-06	6.701437e-06	1.819657e-08	4.774910e+01	1.196356e+03
1.350000e-06	6.783748e-06	1.832444e-08	4.833558e+01	1.204575e+03
1.360000e-06	6.863494e-06	1.844240e-08	4.890378e+01	1.212360e+03
1.370000e-06	6.940676e-06	1.855229e-08	4.945372e+01	1.219711e+03
1.380000e-06	7.015254e-06	1.865700e-08	4.998511e+01	1.226635e+03
1.390000e-06	7.087194e-06	1.875743e-08	5.049770e+01	1.233148e+03
1.400000e-06	7.156664e-06	1.885305e-08	5.099268e+01	1.239275e+03
1.410000e-06	7.223655e-06	1.894441e-08	5.147001e+01	1.245045e+03
1.420000e-06	7.288000e-06	1.903158e-08	5.192848e+01	1.250489e+03
1.430000e-06	7.349810e-06	1.911139e-08	5.236889e+01	1.255632e+03
1.440000e-06	7.409155e-06	1.918487e-08	5.279173e+01	1.260497e+03
1.450000e-06	7.465868e-06	1.925281e-08	5.319582e+01	1.265095e+03
1.460000e-06	7.519868e-06	1.931347e-08	5.358058e+01	1.269433e+03
1.470000e-06	7.570845e-06	1.937160e-08	5.394381e+01	1.273508e+03
1.480000e-06	7.618732e-06	1.942921e-08	5.428501e+01	1.277319e+03
1.490000e-06	7.663906e-06	1.948775e-08	5.460688e+01	1.280861e+03
1.500000e-06	7.706380e-06	1.954469e-08	5.490952e+01	1.284131e+03
1.510000e-06	7.746053e-06	1.959486e-08	5.519220e+01	1.287132e+03
1.520000e-06	7.783081e-06	1.963758e-08	5.545603e+01	1.289865e+03
1.530000e-06	7.817369e-06	1.967343e-08	5.570034e+01	1.292338e+03
1.540000e-06	7.848787e-06	1.970425e-08	5.592420e+01	1.294556e+03
1.550000e-06	7.877493e-06	1.973146e-08	5.612874e+01	1.296524e+03
1.560000e-06	7.903369e-06	1.975807e-08	5.631311e+01	1.298244e+03
1.570000e-06	7.926299e-06	1.978346e-08	5.647649e+01	1.299718e+03
1.580000e-06	7.946529e-06	1.980306e-08	5.662063e+01	1.300947e+03
1.590000e-06	7.963962e-06	1.981727e-08	5.674484e+01	1.301934e+03
1.600000e-06	7.978345e-06	1.983019e-08	5.684733e+01	1.302682e+03
1.610000e-06	7.989578e-06	1.984144e-08	5.692736e+01	1.303201e+03
1.620000e-06	7.997687e-06	1.984888e-08	5.698514e+01	1.303504e+03
1.630000e-06	8.003004e-06	1.985162e-08	5.702303e+01	1.303606e+03
1.640000e-06	8.005597e-06	1.985156e-08	5.704150e+01	1.303523e+03
1.650000e-06	8.005335e-06	1.984738e-08	5.703963e+01	1.303267e+03
1.660000e-06	8.002381e-06	1.983495e-08	5.701859e+01	1.302845e+03
1.670000e-06	7.996802e-06	1.982515e-08	5.697884e+01	1.302258e+03
1.680000e-06	7.988509e-06	1.981310e-08	5.691975e+01	1.301499e+03
1.690000e-06	7.977500e-06	1.979927e-08	5.684131e+01	1.300556e+03
1.700000e-06	7.963687e-06	1.978998e-08	5.674288e+01	1.299418e+03
1.710000e-06	7.947199e-06	1.978252e-08	5.662541e+01	1.298077e+03
1.720000e-06	7.928372e-06	1.976598e-08	5.649126e+01	1.296534e+03
1.730000e-06	7.907072e-06	1.966477e-08	5.633949e+01	1.294801e+03
1.740000e-06	7.882567e-06	1.964307e-08	5.616489e+01	1.292907e+03
1.750000e-06	7.854365e-06	1.963686e-08	5.596394e+01	1.290885e+03
1.760000e-06	7.822784e-06	1.959463e-08	5.573892e+01	1.288778e+03
1.770000e-06	7.788619e-06	1.958614e-08	5.549549e+01	1.286623e+03
1.780000e-06	7.752344e-06	1.965169e-08	5.523702e+01	1.284443e+03
1.790000e-06	7.713976e-06	1.955890e-08	5.496364e+01	1.282246e+03
1.800000e-06	7.673406e-06	1.946017e-08	5.467457e+01	1.280013e+03
1.810000e-06	7.630282e-06	1.953722e-08	5.436730e+01	1.277703e+03
1.820000e-06	7.584602e-06	1.939054e-08	5.404183e+01	1.275255e+03
1.830000e-06	7.536213e-06	1.943754e-08	5.369704e+01	1.272598e+03
1.840000e-06	7.484791e-06	1.941223e-08	5.333065e+01	1.269662e+03
1.850000e-06	7.430502e-06	1.933476e-08	5.294383e+01	1.266390e+03
1.860000e-06	7.373346e-06	1.934038e-08	5.253658e+01	1.262747e+03
1.870000e-06	7.313564e-06	1.915465e-08	5.211062e+01	1.258725e+03
1.880000e-06	7.251121e-06	1.917093e-08	5.166571e+01	1.254341e+03
1.890000e-06	7.185797e-06	1.907702e-08	5.120026e+01	1.249637e+03
1.900000e-06	7.117757e-06	1.899811e-08	5.071546e+01	1.244663e+03
1.910000e-06	7.046930e-06	1.896106e-08	5.021081e+01	1.239472e+03
1.920000e-06	6.973360e-06	1.884299e-08	4.968660e+01	1.234104e+03
1.930000e-06	6.897015e-06	1.880197e-08	4.914263e+01	1.228580e+03
1.940000e-06	6.817924e-06	1.863407e-08	4.857909e+01	1.222900e+03
1.950000e-06	6.736273e-06	1.857610e-08	4.799731e+01	1.217039e+03
1.960000e-06	6.652131e-06	1.847457e-08	4.739778e+01	1.210964e+03
1.970000e-06	6.565594e-06	1.838169e-08	4.678119e+01	1.204632e+03
1.980000e-06	6.476676e-06	1.832460e-08	4.614763e+01	1.198007e+03
1.990000e-06	6.385533e-06	1.821386e-08	4.549822e+01	1.191067e+03
2.000000e-06	6.292171e-06	1.812354e-08	4.483300e+01	1.183807e+03
2.010000e-06	6.196450e-06	1.794699e-08	4.415097e+01	1.176236e+03
2.020000e-06	6.098525e-06	1.783027e-08	4.345323e+01	1.168376e+03
2.030000e-06	5.998456e-06	1.770927e-08	4.274021e+01	1.160251e+03
2.040000e-06	5.896185e-06	1.761022e-08	4.201151e+01	1.151880e+03
2.050000e-06	5.791800e-06	1.747675e-08	4.126775e+01	1.143269e+03
2.060000e-06	5.685447e-06	1.733536e-08	4.050996e+01	1.134409e+03
2.070000e-06	5.577187e-06	1.719538e-08	3.973858e+01	1.125277e+03
2.080000e-06	5.466991e-06	1.702772e-08	3.895342e+01	1.115839e+03
2.090000e-06	5.354812e-06	1.687732e-08	3.815412e+01	1.106060e+03
2.100000e-06	5.240599e-06	1.672988e-08	3.734033e+01	1.095911e+03
2.110000e-06	5.124355e-06	1.658583e-08	3.651207e+01	1.085375e+03
2.120000e-06	5.006132e-06	1.640878e-08	3.566971e+01	1.074447e+03
2.130000e-06	4.886038e-06	1.624494e-08	3.481401e+01	1.063138e+03
2.140000e-06	4.764174e-06	1.607245e-08	3.394571e+01	1.051463e+03
2.150000e-06	4.640530e-06	1.588698e-08	3.306472e+01	1.039435e+03
2.160000e-06	4.515151e-06	1.567839e-08	3.217136e+01	1.027062e+03
2.170000e-06	4.388145e-06	1.549056e-08	3.126642e+01	1.014336e+03
2.180000e-06	4.259555e-06	1.530402e-08	3.035019e+01	1.001235e+03
2.190000e-06	4.129438e-06	1.510183e-08	2.942308e+01	9.877253e+02
2.200000e-06	3.997804e-06	1.488933e-08	2.848516e+01	9.737672e+02
2.210000e-06	3.864625e-06	1.467002e-08	2.753624e+01	9.593243e+02
2.220000e-06	3.729936e-06	1.443537e-08	2.657655e+01	9.443704e+02
2.230000e-06	3.593861e-06	1.418852e-08	2.560699e+01	9.288941e+02
2.240000e-06	3.456484e-06	1.395455e-08	2.462815e+01	9.128992e+02
2.250000e-06	3.317799e-06	1.371593e-08	2.363999e+01	8.964004e+02
2.260000e-06	3.177832e-06	1.345921e-08	2.264270e+01	8.794157e+02
2.270000e-06	3.036636e-06	1.318490e-08	2.163665e+01	8.619576e+02
2.280000e-06	2.894232e-06	1.291107e-08	2.062199e+01	8.440250e+02
2.290000e-06	2.750745e-06	1.262625e-08	1.959961e+01	8.255992e+02
2.300000e-06	2.606328e-06	1.233298e-08	1.857061e+01	8.066440e+02
2.310000e-06	2.461011e-06	1.203765e-08	1.753520e+01	7.871112e+02
2.320000e-06	2.314815e-06	1.173424e-08	1.649352e+01	7.669493e+02
2.330000e-06	2.167786e-06	1.141390e-08	1.544592e+01	7.461126e+02
2.340000e-06	2.019966e-06	1.108510e-08	1.439266e+01	7.245700e+02
2.350000e-06	1.871468e-06	1.075216e-08	1.333459e+01	7.023081e+02
2.360000e-06	1.722448e-06	1.040477e-08	1.227279e+01	6.793304e+02
2.370000e-06	1.572943e-06	1.004041e-08	1.120754e+01	6.556512e+02
2.380000e-06	1.422914e-06	9.668748e-09	1.013855e+01	6.312858e+02
2.390000e-06	1.272313e-06	9.290362e-09	9.065487e+00	6.062414e+02
2.400000e-06	1.121180e-06	8.899470e-09	7.988634e+00	5.805095e+02
2.410000e-06	9.696795e-07	8.495046e-09	6.909163e+00	5.540641e+02
2.420000e-06	8.179179e-07	8.078090e-09	5.827831e+00	5.268649e+02
2.430000e-06	6.659096e-07	7.646627e-09	4.744741e+00	4.988656e+02
2.440000e-06	5.137125e-07	7.202299e-09	3.660306e+00	4.700249e+02
2.450000e-06	3.614056e-07	6.751886e-09	2.575088e+00	4.403150e+02
2.460000e-06	2.089674e-07	6.291364e-09	1.488935e+00	4.097260e+02
2.470000e-06	5.637431e-08	5.813564e-09	4.016784e-01	3.782626e+02
2.480000e-06	-9.633980e-08	5.320219e-09	-6.864406e-01	3.459319e+02
2.490000e-06	-2.490438e-07	4.815200e-09	-1.774488e+00	3.127253e+02
2.500000e-06	-4.015854e-07	4.294233e-09	-2.861377e+00	2.785984e+02
2.510000e-06	-5.540148e-07	3.752981e-09	-3.947468e+00	2.434529e+02
2.520000e-06	-7.063156e-07	3.193558e-09	-5.032641e+00	2.071287e+02
2.530000e-06	-8.583758e-07	2.614834e-09	-6.116102e+00	1.694087e+02
2.540000e-06	-1.010152e-06	2.011746e-09	-7.197541e+00	1.300393e+02
2.550000e-06	-1.161588e-06	1.382822e-09	-8.276550e+00	8.876548e+01
2.560000e-06	-1.312594e-06	7.244126e-10	-9.352497e+00	4.537528e+01
2.570000e-06	-1.463142e-06	3.037849e-11	-1.042518e+01	-2.528895e-01
2.580000e-06	-1.613163e-06	-6.996183e-10	-1.149411e+01	-4.810883e+01
2.590000e-06	-1.762531e-06	-1.461160e-09	-1.255839e+01	-9.802319e+01
2.600000e-06	-1.911250e-06	-2.248540e-09	-1.361804e+01	-1.496599e+02
2.610000e-06	-2.059323e-06	-3.055632e-09	-1.467310e+01	-2.025311e+02
2.620000e-06	-2.206567e-06	-3.875185e-09	-1.572224e+01	-2.560335e+02
2.630000e-06	-2.352960e-06	-4.696518e-09	-1.676532e+01	-3.094995e+02
2.640000e-06	-2.498578e-06	-5.507307e-09	-1.780287e+01	-3.622577e+02
2.650000e-06	-2.643266e-06	-6.296241e-09	-1.883381e+01	-4.136906e+02
2.660000e-06	-2.786878e-06	-7.056144e-09	-1.985707e+01	-4.632832e+02
2.670000e-06	-2.929348e-06	-7.781701e-09	-2.087220e+01	-5.106545e+02
2.680000e-06	-3.070615e-06	-8.468358e-09	-2.187875e+01	-5.555698e+02
2.690000e-06	-3.210587e-06	-9.115162e-09	-2.287608e+01	-5.979334e+02
2.700000e-06	-3.349296e-06	-9.726413e-09	-2.386441e+01	-6.377656e+02
2.710000e-06	-3.486843e-06	-1.030485e-08	-2.484446e+01	-6.751712e+02
2.720000e-06	-3.623161e-06	-1.084992e-08	-2.581576e+01	-7.103036e+02
2.730000e-06	-3.758164e-06	-1.136191e-08	-2.677768e+01	-7.433342e+02
2.740000e-06	-3.891780e-06	-1.183896e-08	-2.772972e+01	-7.744283e+02
2.750000e-06	-4.023945e-06	-1.228442e-08	-2.867142e+01	-8.037327e+02
2.760000e-06	-4.154702e-06	-1.270319e-08	-2.960310e+01	-8.313713e+02
2.770000e-06	-4.284159e-06	-1.310110e-08	-3.052550e+01	-8.574499e+02
2.780000e-06	-4.412154e-06	-1.348088e-08	-3.143749e+01	-8.820633e+02
2.790000e-06	-4.538497e-06	-1.383950e-08	-3.233771e+01	-9.053039e+02
2.800000e-06	-4.663217e-06	-1.417693e-08	-3.322636e+01	-9.272666e+02
2.810000e-06	-4.786274e-06	-1.449362e-08	-3.410317e+01	-9.480506e+02
2.820000e-06	-4.907711e-06	-1.479261e-08	-3.496843e+01	-9.677562e+02
2.830000e-06	-5.027451e-06	-1.507675e-08	-3.582161e+01	-9.864792e+02
2.840000e-06	-5.145190e-06	-1.534980e-08	-3.666052e+01	-1.004305e+03
2.850000e-06	-5.260796e-06	-1.561269e-08	-3.748424e+01	-1.021303e+03
2.860000e-06	-5.374190e-06	-1.586339e-08	-3.829220e+01	-1.037526e+03
2.870000e-06	-5.485406e-06	-1.610172e-08	-3.908463e+01	-1.053009e+03
2.880000e-06	-5.594674e-06	-1.632750e-08	-3.986319e+01	-1.067777e+03
2.890000e-06	-5.702097e-06	-1.654258e-08	-4.062860e+01	-1.081847e+03
2.900000e-06	-5.807593e-06	-1.674889e-08	-4.138028e+01	-1.095240e+03
2.910000e-06	-5.910917e-06	-1.694631e-08	-4.211648e+01	-1.107982e+03
2.920000e-06	-6.011922e-06	-1.713479e-08	-4.283617e+01	-1.120105e+03
2.930000e-06	-6.110743e-06	-1.731375e-08	-4.354028e+01	-1.131651e+03
2.940000e-06	-6.207523e-06	-1.748231e-08	-4.422986e+01	-1.142662e+03
2.950000e-06	-6.302082e-06	-1.764240e-08	-4.490362e+01	-1.153181e+03
2.960000e-06	-6.394289e-06	-1.779475e-08	-4.556061e+01	-1.163241e+03
2.970000e-06	-6.484227e-06	-1.793888e-08	-4.620143e+01	-1.172866e+03
2.980000e-06	-6.571840e-06	-1.807546e-08	-4.682569e+01	-1.182069e+03
2.990000e-06	-6.657012e-06	-1.820682e-08	-4.743256e+01	-1.190852e+03
3.000000e-06	-6.739837e-06	-1.833508e-08	-4.802270e+01	-1.199209e+03
3.010000e-06	-6.820373e-06	-1.845872e-08	-4.859654e+01	-1.207135e+03
3.020000e-06	-6.898287e-06	-1.857250e-08	-4.915170e+01	-1.214626e+03
3.030000e-06	-6.973501e-06	-1.867895e-08	-4.968761e+01	-1.221686e+03
3.040000e-06	-7.046215e-06	-1.877900e-08	-5.020571e+01	-1.228330e+03
3.050000e-06	-7.116350e-06	-1.887294e-08	-5.070544e+01	-1.234578e+03
3.060000e-06	-7.183910e-06	-1.896290e-08	-5.118681e+01	-1.240461e+03
3.070000e-06	-7.249040e-06	-1.904721e-08	-5.165088e+01	-1.246007e+03
3.080000e-06	-7.311579e-06	-1.912601e-08	-5.209648e+01	-1.251245e+03
3.090000e-06	-7.371430e-06	-1.920161e-08	-5.252293e+01	-1.256198e+03
3.100000e-06	-7.428719e-06	-1.927225e-08	-5.293113e+01	-1.260882e+03
3.110000e-06	-7.483376e-06	-1.934032e-08	-5.332057e+01	-1.265304e+03
3.120000e-06	-7.535105e-06	-1.940424e-08	-5.368915e+01	-1.269465e+03
3.130000e-06	-7.583607e-06	-1.946360e-08	-5.403474e+01	-1.273362e+03
3.140000e-06	-7.629254e-06	-1.952065e-08	-5.435998e+01	-1.276991e+03
3.150000e-06	-7.672533e-06	-1.957402e-08	-5.466835e+01	-1.280349e+03
3.160000e-06	-7.713309e-06	-1.962136e-08	-5.495889e+01	-1.283437e+03
3.170000e-06	-7.751325e-06	-1.965980e-08	-5.522976e+01	-1.286257e+03
3.180000e-06	-7.786572e-06	-1.969482e-08	-5.548091e+01	-1.288814e+03
3.190000e-06	-7.819103e-06	-1.972800e-08	-5.571270e+01	-1.291114e+03
3.200000e-06	-7.848739e-06	-1.976024e-08	-5.592386e+01	-1.293162e+03
3.210000e-06	-7.875539e-06	-1.978957e-08	-5.611481e+01	-1.294962e+03
3.220000e-06	-7.899613e-06	-1.981496e-08	-5.628634e+01	-1.296516e+03
3.230000e-06	-7.920803e-06	-1.983454e-08	-5.643733e+01	-1.297825e+03
3.240000e-06	-7.939166e-06	-1.984804e-08	-5.656816e+01	-1.298890e+03
3.250000e-06	-7.954589e-06	-1.985857e-08	-5.667806e+01	-1.299714e+03
3.260000e-06	-7.966815e-06	-1.986781e-08	-5.676517e+01	-1.300307e+03
3.270000e-06	-7.976038e-06	-1.987264e-08	-5.683089e+01	-1.300678e+03
3.280000e-06	-7.982404e-06	-1.987313e-08	-5.687625e+01	-1.300844e+03
3.290000e-06	-7.985958e-06	-1.987047e-08	-5.690157e+01	-1.300819e+03
3.300000e-06	-7.986764e-06	-1.986488e-08	-5.690731e+01	-1.300618e+03
