# Temperatura_=_71.52
# Concentracion g/m^3_=_24000.0
# C_Vs_to_Am_M_A/Vsm_=_65563218390.804596
# pendiente_HvsI_1/m_=_3716.3
# ordenada_HvsI_A/m_=_1297.0
# frecuencia_Hz_=_302419.3448404114

Tiempo_(s)	Campo_(V.s)	Magnetizacion_(V.s)	Campo_(kA/m)	Magnetizacion_(A/m)
0.000000e+00	-7.951267e-06	-2.304715e-08	-5.689222e+01	-1.508420e+03
1.000000e-08	-7.947664e-06	-2.304078e-08	-5.686644e+01	-1.507974e+03
2.000000e-08	-7.941569e-06	-2.302577e-08	-5.682283e+01	-1.507313e+03
3.000000e-08	-7.932860e-06	-2.300990e-08	-5.676051e+01	-1.506421e+03
4.000000e-08	-7.921290e-06	-2.299133e-08	-5.667773e+01	-1.505286e+03
5.000000e-08	-7.906738e-06	-2.296852e-08	-5.657361e+01	-1.503908e+03
6.000000e-08	-7.889423e-06	-2.293890e-08	-5.644972e+01	-1.502295e+03
7.000000e-08	-7.869846e-06	-2.289658e-08	-5.630965e+01	-1.500468e+03
8.000000e-08	-7.847865e-06	-2.291904e-08	-5.615236e+01	-1.498459e+03
9.000000e-08	-7.822785e-06	-2.293594e-08	-5.597292e+01	-1.496305e+03
1.000000e-07	-7.794411e-06	-2.286199e-08	-5.576990e+01	-1.494048e+03
1.100000e-07	-7.763194e-06	-2.279689e-08	-5.554654e+01	-1.491726e+03
1.200000e-07	-7.729217e-06	-2.274892e-08	-5.530343e+01	-1.489368e+03
1.300000e-07	-7.692640e-06	-2.266918e-08	-5.504171e+01	-1.486988e+03
1.400000e-07	-7.653966e-06	-2.257171e-08	-5.476500e+01	-1.484575e+03
1.500000e-07	-7.613107e-06	-2.262690e-08	-5.447264e+01	-1.482099e+03
1.600000e-07	-7.569591e-06	-2.260760e-08	-5.416129e+01	-1.479503e+03
1.700000e-07	-7.523433e-06	-2.246319e-08	-5.383102e+01	-1.476717e+03
1.800000e-07	-7.474495e-06	-2.251623e-08	-5.348086e+01	-1.473662e+03
1.900000e-07	-7.422380e-06	-2.239113e-08	-5.310798e+01	-1.470261e+03
2.000000e-07	-7.367420e-06	-2.227483e-08	-5.271473e+01	-1.466460e+03
2.100000e-07	-7.309721e-06	-2.225297e-08	-5.230188e+01	-1.462228e+03
2.200000e-07	-7.249326e-06	-2.214965e-08	-5.186975e+01	-1.457566e+03
2.300000e-07	-7.186442e-06	-2.212500e-08	-5.141981e+01	-1.452510e+03
2.400000e-07	-7.120811e-06	-2.202277e-08	-5.095021e+01	-1.447115e+03
2.500000e-07	-7.052509e-06	-2.195608e-08	-5.046150e+01	-1.441448e+03
2.600000e-07	-6.981614e-06	-2.185337e-08	-4.995424e+01	-1.435570e+03
2.700000e-07	-6.907883e-06	-2.174864e-08	-4.942669e+01	-1.429524e+03
2.800000e-07	-6.831380e-06	-2.165192e-08	-4.887930e+01	-1.423322e+03
2.900000e-07	-6.752081e-06	-2.155754e-08	-4.831191e+01	-1.416950e+03
3.000000e-07	-6.670087e-06	-2.151228e-08	-4.772523e+01	-1.410364e+03
3.100000e-07	-6.585899e-06	-2.136409e-08	-4.712286e+01	-1.403508e+03
3.200000e-07	-6.499552e-06	-2.124537e-08	-4.650503e+01	-1.396330e+03
3.300000e-07	-6.410812e-06	-2.113243e-08	-4.587009e+01	-1.388788e+03
3.400000e-07	-6.319700e-06	-2.100030e-08	-4.521817e+01	-1.380868e+03
3.500000e-07	-6.226408e-06	-2.086820e-08	-4.455066e+01	-1.372580e+03
3.600000e-07	-6.130908e-06	-2.074746e-08	-4.386734e+01	-1.363957e+03
3.700000e-07	-6.033070e-06	-2.063999e-08	-4.316730e+01	-1.355041e+03
3.800000e-07	-5.933037e-06	-2.049465e-08	-4.245156e+01	-1.345870e+03
3.900000e-07	-5.830985e-06	-2.034773e-08	-4.172136e+01	-1.336464e+03
4.000000e-07	-5.726936e-06	-2.018857e-08	-4.097688e+01	-1.326816e+03
4.100000e-07	-5.620827e-06	-2.004230e-08	-4.021766e+01	-1.316895e+03
4.200000e-07	-5.512706e-06	-1.988295e-08	-3.944404e+01	-1.306648e+03
4.300000e-07	-5.402612e-06	-1.972208e-08	-3.865630e+01	-1.296020e+03
4.400000e-07	-5.290532e-06	-1.956060e-08	-3.785436e+01	-1.284960e+03
4.500000e-07	-5.176447e-06	-1.938960e-08	-3.703807e+01	-1.273440e+03
4.600000e-07	-5.060312e-06	-1.919492e-08	-3.620711e+01	-1.261459e+03
4.700000e-07	-4.942327e-06	-1.899335e-08	-3.536291e+01	-1.249041e+03
4.800000e-07	-4.822560e-06	-1.880549e-08	-3.450597e+01	-1.236222e+03
4.900000e-07	-4.701005e-06	-1.861353e-08	-3.363622e+01	-1.223042e+03
5.000000e-07	-4.577733e-06	-1.840933e-08	-3.275420e+01	-1.209523e+03
5.100000e-07	-4.452816e-06	-1.819205e-08	-3.186040e+01	-1.195662e+03
5.200000e-07	-4.326316e-06	-1.798010e-08	-3.095529e+01	-1.181425e+03
5.300000e-07	-4.198178e-06	-1.775100e-08	-3.003844e+01	-1.166752e+03
5.400000e-07	-4.068465e-06	-1.751079e-08	-2.911033e+01	-1.151573e+03
5.500000e-07	-3.937148e-06	-1.726736e-08	-2.817074e+01	-1.135821e+03
5.600000e-07	-3.804390e-06	-1.702671e-08	-2.722085e+01	-1.119451e+03
5.700000e-07	-3.670283e-06	-1.676818e-08	-2.626129e+01	-1.102446e+03
5.800000e-07	-3.534769e-06	-1.649253e-08	-2.529167e+01	-1.084826e+03
5.900000e-07	-3.397918e-06	-1.621612e-08	-2.431249e+01	-1.066629e+03
6.000000e-07	-3.259741e-06	-1.593034e-08	-2.332382e+01	-1.047901e+03
6.100000e-07	-3.120190e-06	-1.563557e-08	-2.232531e+01	-1.028676e+03
6.200000e-07	-2.979222e-06	-1.533466e-08	-2.131667e+01	-1.008959e+03
6.300000e-07	-2.837032e-06	-1.503575e-08	-2.029929e+01	-9.887154e+02
6.400000e-07	-2.693750e-06	-1.471777e-08	-1.927409e+01	-9.678761e+02
6.500000e-07	-2.549503e-06	-1.438388e-08	-1.824199e+01	-9.463494e+02
6.600000e-07	-2.404433e-06	-1.404163e-08	-1.720399e+01	-9.240401e+02
6.700000e-07	-2.258506e-06	-1.368918e-08	-1.615986e+01	-9.008707e+02
6.800000e-07	-2.111842e-06	-1.331847e-08	-1.511047e+01	-8.767962e+02
6.900000e-07	-1.964521e-06	-1.293366e-08	-1.405637e+01	-8.518091e+02
7.000000e-07	-1.816568e-06	-1.254269e-08	-1.299775e+01	-8.259316e+02
7.100000e-07	-1.668034e-06	-1.213829e-08	-1.193497e+01	-7.991967e+02
7.200000e-07	-1.518944e-06	-1.172171e-08	-1.086821e+01	-7.716242e+02
7.300000e-07	-1.369408e-06	-1.128884e-08	-9.798270e+00	-7.431987e+02
7.400000e-07	-1.219461e-06	-1.084161e-08	-8.725383e+00	-7.138569e+02
7.500000e-07	-1.069131e-06	-1.037427e-08	-7.649754e+00	-6.834898e+02
7.600000e-07	-9.183786e-07	-9.891659e-09	-6.571103e+00	-6.519601e+02
7.700000e-07	-7.672731e-07	-9.392888e-09	-5.489926e+00	-6.191319e+02
7.800000e-07	-6.158792e-07	-8.871036e-09	-4.406686e+00	-5.849036e+02
7.900000e-07	-4.641823e-07	-8.325275e-09	-3.321277e+00	-5.492339e+02
8.000000e-07	-3.122592e-07	-7.759313e-09	-2.234250e+00	-5.121511e+02
8.100000e-07	-1.602247e-07	-7.180567e-09	-1.146426e+00	-4.737402e+02
8.200000e-07	-8.121062e-09	-6.582426e-09	-5.810712e-02	-4.341060e+02
8.300000e-07	1.440709e-07	-5.964461e-09	1.030843e+00	-3.933205e+02
8.400000e-07	2.961873e-07	-5.324660e-09	2.119254e+00	-3.513651e+02
8.500000e-07	4.481858e-07	-4.661383e-09	3.206820e+00	-3.080839e+02
8.600000e-07	6.000618e-07	-3.970510e-09	4.293510e+00	-2.631638e+02
8.700000e-07	7.517434e-07	-3.249418e-09	5.378810e+00	-2.161495e+02
8.800000e-07	9.032112e-07	-2.491950e-09	6.462579e+00	-1.664998e+02
8.900000e-07	1.054389e-06	-1.687662e-09	7.544275e+00	-1.136769e+02
9.000000e-07	1.205172e-06	-8.329536e-10	8.623144e+00	-5.725433e+01
9.100000e-07	1.355458e-06	7.851123e-11	9.698459e+00	2.974295e+00
9.200000e-07	1.505226e-06	1.047473e-09	1.077007e+01	6.691074e+01
9.300000e-07	1.654514e-06	2.069416e-09	1.183824e+01	1.341080e+02
9.400000e-07	1.803272e-06	3.136223e-09	1.290261e+01	2.037787e+02
9.500000e-07	1.951312e-06	4.230993e-09	1.396186e+01	2.748577e+02
9.600000e-07	2.098596e-06	5.325302e-09	1.501569e+01	3.461079e+02
9.700000e-07	2.245166e-06	6.393671e-09	1.606442e+01	4.162541e+02
9.800000e-07	2.390902e-06	7.419380e-09	1.710717e+01	4.841180e+02
9.900000e-07	2.535715e-06	8.392380e-09	1.814333e+01	5.487358e+02
1.000000e-06	2.679578e-06	9.305220e-09	1.917269e+01	6.094358e+02
1.010000e-06	2.822389e-06	1.015528e-08	2.019452e+01	6.658691e+02
1.020000e-06	2.964120e-06	1.094388e-08	2.120862e+01	7.179901e+02
1.030000e-06	3.104635e-06	1.167014e-08	2.221401e+01	7.659980e+02
1.040000e-06	3.243791e-06	1.234146e-08	2.320969e+01	8.102532e+02
1.050000e-06	3.381734e-06	1.296608e-08	2.419669e+01	8.511884e+02
1.060000e-06	3.518474e-06	1.354558e-08	2.517508e+01	8.892299e+02
1.070000e-06	3.653830e-06	1.408424e-08	2.614357e+01	9.247436e+02
1.080000e-06	3.787781e-06	1.458701e-08	2.710200e+01	9.580094e+02
1.090000e-06	3.920376e-06	1.505727e-08	2.805073e+01	9.892233e+02
1.100000e-06	4.051573e-06	1.549859e-08	2.898947e+01	1.018519e+03
1.110000e-06	4.181397e-06	1.591216e-08	2.991838e+01	1.046001e+03
1.120000e-06	4.309808e-06	1.630015e-08	3.083717e+01	1.071770e+03
1.130000e-06	4.436706e-06	1.666545e-08	3.174513e+01	1.095948e+03
1.140000e-06	4.562109e-06	1.701149e-08	3.264241e+01	1.118681e+03
1.150000e-06	4.685899e-06	1.733996e-08	3.352814e+01	1.140130e+03
1.160000e-06	4.808040e-06	1.765187e-08	3.440207e+01	1.160457e+03
1.170000e-06	4.928476e-06	1.794929e-08	3.526381e+01	1.179804e+03
1.180000e-06	5.047107e-06	1.823155e-08	3.611263e+01	1.198281e+03
1.190000e-06	5.163886e-06	1.849807e-08	3.694819e+01	1.215954e+03
1.200000e-06	5.278715e-06	1.875039e-08	3.776981e+01	1.232854e+03
1.210000e-06	5.391487e-06	1.899022e-08	3.857670e+01	1.248986e+03
1.220000e-06	5.502236e-06	1.922073e-08	3.936913e+01	1.264349e+03
1.230000e-06	5.611063e-06	1.944023e-08	4.014780e+01	1.278946e+03
1.240000e-06	5.717884e-06	1.965038e-08	4.091211e+01	1.292801e+03
1.250000e-06	5.822610e-06	1.985205e-08	4.166144e+01	1.305958e+03
1.260000e-06	5.925191e-06	2.004349e-08	4.239542e+01	1.318480e+03
1.270000e-06	6.025605e-06	2.022602e-08	4.311389e+01	1.330436e+03
1.280000e-06	6.123829e-06	2.039906e-08	4.381669e+01	1.341888e+03
1.290000e-06	6.219726e-06	2.056533e-08	4.450285e+01	1.352885e+03
1.300000e-06	6.313312e-06	2.072435e-08	4.517246e+01	1.363453e+03
1.310000e-06	6.404736e-06	2.087642e-08	4.582662e+01	1.373594e+03
1.320000e-06	6.493860e-06	2.102463e-08	4.646431e+01	1.383296e+03
1.330000e-06	6.580609e-06	2.116771e-08	4.708501e+01	1.392543e+03
1.340000e-06	6.665104e-06	2.130411e-08	4.768958e+01	1.401319e+03
1.350000e-06	6.747244e-06	2.143175e-08	4.827730e+01	1.409623e+03
1.360000e-06	6.826842e-06	2.155030e-08	4.884683e+01	1.417467e+03
1.370000e-06	6.903949e-06	2.166418e-08	4.939854e+01	1.424878e+03
1.380000e-06	6.978518e-06	2.177325e-08	4.993209e+01	1.431890e+03
1.390000e-06	7.050475e-06	2.187737e-08	5.044695e+01	1.438539e+03
1.400000e-06	7.119951e-06	2.197716e-08	5.094406e+01	1.444852e+03
1.410000e-06	7.186904e-06	2.207159e-08	5.142312e+01	1.450849e+03
1.420000e-06	7.251218e-06	2.216024e-08	5.188329e+01	1.456539e+03
1.430000e-06	7.313018e-06	2.224192e-08	5.232547e+01	1.461920e+03
1.440000e-06	7.372350e-06	2.231869e-08	5.275000e+01	1.466991e+03
1.450000e-06	7.429094e-06	2.239015e-08	5.315601e+01	1.471750e+03
1.460000e-06	7.483174e-06	2.245593e-08	5.354296e+01	1.476205e+03
1.470000e-06	7.534270e-06	2.251810e-08	5.390856e+01	1.480368e+03
1.480000e-06	7.582227e-06	2.257834e-08	5.425170e+01	1.484258e+03
1.490000e-06	7.627429e-06	2.263723e-08	5.457512e+01	1.487896e+03
1.500000e-06	7.670001e-06	2.269303e-08	5.487973e+01	1.491295e+03
1.510000e-06	7.709762e-06	2.274352e-08	5.516423e+01	1.494464e+03
1.520000e-06	7.746843e-06	2.278748e-08	5.542955e+01	1.497398e+03
1.530000e-06	7.781282e-06	2.282702e-08	5.567596e+01	1.500085e+03
1.540000e-06	7.812932e-06	2.286333e-08	5.590242e+01	1.502507e+03
1.550000e-06	7.841839e-06	2.289715e-08	5.610925e+01	1.504644e+03
1.560000e-06	7.867912e-06	2.292693e-08	5.629580e+01	1.506485e+03
1.570000e-06	7.891050e-06	2.295143e-08	5.646136e+01	1.508028e+03
1.580000e-06	7.911457e-06	2.297069e-08	5.660738e+01	1.509282e+03
1.590000e-06	7.929101e-06	2.298601e-08	5.673362e+01	1.510267e+03
1.600000e-06	7.943745e-06	2.299838e-08	5.683840e+01	1.511009e+03
1.610000e-06	7.955322e-06	2.300614e-08	5.692123e+01	1.511536e+03
1.620000e-06	7.963777e-06	2.301200e-08	5.698173e+01	1.511871e+03
1.630000e-06	7.969323e-06	2.301773e-08	5.702141e+01	1.512031e+03
1.640000e-06	7.972130e-06	2.302156e-08	5.704150e+01	1.512019e+03
1.650000e-06	7.972092e-06	2.302275e-08	5.704123e+01	1.511829e+03
1.660000e-06	7.969365e-06	2.300979e-08	5.702172e+01	1.511448e+03
1.670000e-06	7.964046e-06	2.299988e-08	5.698366e+01	1.510858e+03
1.680000e-06	7.956046e-06	2.298577e-08	5.692641e+01	1.510041e+03
1.690000e-06	7.945466e-06	2.296787e-08	5.685072e+01	1.508984e+03
1.700000e-06	7.932082e-06	2.295553e-08	5.675495e+01	1.507683e+03
1.710000e-06	7.915893e-06	2.294841e-08	5.663912e+01	1.506143e+03
1.720000e-06	7.897360e-06	2.294472e-08	5.650651e+01	1.504382e+03
1.730000e-06	7.876465e-06	2.283462e-08	5.635700e+01	1.502427e+03
1.740000e-06	7.852421e-06	2.278168e-08	5.618497e+01	1.500314e+03
1.750000e-06	7.824636e-06	2.279479e-08	5.598616e+01	1.498085e+03
1.760000e-06	7.793384e-06	2.275653e-08	5.576255e+01	1.495780e+03
1.770000e-06	7.759455e-06	2.272286e-08	5.551978e+01	1.493431e+03
1.780000e-06	7.723466e-06	2.278604e-08	5.526228e+01	1.491057e+03
1.790000e-06	7.685435e-06	2.272405e-08	5.499016e+01	1.488656e+03
1.800000e-06	7.645312e-06	2.258036e-08	5.470308e+01	1.486204e+03
1.810000e-06	7.602646e-06	2.268065e-08	5.439780e+01	1.483654e+03
1.820000e-06	7.557348e-06	2.255349e-08	5.407369e+01	1.480937e+03
1.830000e-06	7.509415e-06	2.256231e-08	5.373072e+01	1.477976e+03
1.840000e-06	7.458546e-06	2.259533e-08	5.336675e+01	1.474693e+03
1.850000e-06	7.404797e-06	2.245564e-08	5.298217e+01	1.471025e+03
1.860000e-06	7.348096e-06	2.249502e-08	5.257646e+01	1.466932e+03
1.870000e-06	7.288813e-06	2.229593e-08	5.215229e+01	1.462406e+03
1.880000e-06	7.226957e-06	2.224750e-08	5.170970e+01	1.457470e+03
1.890000e-06	7.162122e-06	2.220078e-08	5.124580e+01	1.452177e+03
1.900000e-06	7.094570e-06	2.208397e-08	5.076246e+01	1.446589e+03
1.910000e-06	7.024241e-06	2.206869e-08	5.025924e+01	1.440773e+03
1.920000e-06	6.951193e-06	2.191230e-08	4.973658e+01	1.434777e+03
1.930000e-06	6.875570e-06	2.187262e-08	4.919549e+01	1.428625e+03
1.940000e-06	6.797139e-06	2.170656e-08	4.863430e+01	1.422310e+03
1.950000e-06	6.716065e-06	2.161300e-08	4.805421e+01	1.415798e+03
1.960000e-06	6.632565e-06	2.154747e-08	4.745676e+01	1.409035e+03
1.970000e-06	6.546634e-06	2.139796e-08	4.684191e+01	1.401965e+03
1.980000e-06	6.458242e-06	2.134499e-08	4.620946e+01	1.394542e+03
1.990000e-06	6.367613e-06	2.119672e-08	4.556099e+01	1.386743e+03
2.000000e-06	6.274864e-06	2.109744e-08	4.489737e+01	1.378570e+03
2.010000e-06	6.179763e-06	2.092030e-08	4.421691e+01	1.370050e+03
2.020000e-06	6.082376e-06	2.078412e-08	4.352009e+01	1.361223e+03
2.030000e-06	5.982882e-06	2.065663e-08	4.280820e+01	1.352130e+03
2.040000e-06	5.881379e-06	2.052373e-08	4.208194e+01	1.342798e+03
2.050000e-06	5.777707e-06	2.040459e-08	4.134015e+01	1.333230e+03
2.060000e-06	5.671969e-06	2.022900e-08	4.058358e+01	1.323401e+03
2.070000e-06	5.564360e-06	2.007821e-08	3.981363e+01	1.313264e+03
2.080000e-06	5.454842e-06	1.988821e-08	3.903002e+01	1.302764e+03
2.090000e-06	5.343331e-06	1.972709e-08	3.823214e+01	1.291846e+03
2.100000e-06	5.229793e-06	1.955674e-08	3.741976e+01	1.280475e+03
2.110000e-06	5.114287e-06	1.939647e-08	3.659331e+01	1.268641e+03
2.120000e-06	4.996808e-06	1.921154e-08	3.575273e+01	1.256359e+03
2.130000e-06	4.877354e-06	1.901347e-08	3.489803e+01	1.243664e+03
2.140000e-06	4.756008e-06	1.880958e-08	3.402978e+01	1.230596e+03
2.150000e-06	4.633003e-06	1.860610e-08	3.314966e+01	1.217184e+03
2.160000e-06	4.508321e-06	1.839620e-08	3.225755e+01	1.203435e+03
2.170000e-06	4.382075e-06	1.817702e-08	3.135425e+01	1.189323e+03
2.180000e-06	4.254178e-06	1.796371e-08	3.043912e+01	1.174797e+03
2.190000e-06	4.124661e-06	1.773142e-08	2.951242e+01	1.159788e+03
2.200000e-06	3.993717e-06	1.749094e-08	2.857550e+01	1.144226e+03
2.210000e-06	3.861227e-06	1.723754e-08	2.762752e+01	1.128057e+03
2.220000e-06	3.727269e-06	1.698852e-08	2.666903e+01	1.111255e+03
2.230000e-06	3.591966e-06	1.672413e-08	2.570092e+01	1.093829e+03
2.240000e-06	3.455350e-06	1.645389e-08	2.472342e+01	1.075811e+03
2.250000e-06	3.317436e-06	1.617805e-08	2.373663e+01	1.057249e+03
2.260000e-06	3.178256e-06	1.589372e-08	2.274078e+01	1.038181e+03
2.270000e-06	3.037785e-06	1.558799e-08	2.173570e+01	1.018623e+03
2.280000e-06	2.896132e-06	1.527282e-08	2.072216e+01	9.985541e+02
2.290000e-06	2.753450e-06	1.495657e-08	1.970125e+01	9.779150e+02
2.300000e-06	2.609719e-06	1.463102e-08	1.867284e+01	9.566193e+02
2.310000e-06	2.465009e-06	1.429554e-08	1.763742e+01	9.345706e+02
2.320000e-06	2.319446e-06	1.394614e-08	1.659590e+01	9.116838e+02
2.330000e-06	2.173167e-06	1.358709e-08	1.554926e+01	8.879021e+02
2.340000e-06	2.026171e-06	1.321156e-08	1.449748e+01	8.632065e+02
2.350000e-06	1.878435e-06	1.282298e-08	1.344042e+01	8.376111e+02
2.360000e-06	1.730044e-06	1.242586e-08	1.237866e+01	8.111478e+02
2.370000e-06	1.581047e-06	1.201311e-08	1.131257e+01	7.838436e+02
2.380000e-06	1.431522e-06	1.158263e-08	1.024270e+01	7.556961e+02
2.390000e-06	1.281561e-06	1.113657e-08	9.169718e+00	7.266582e+02
2.400000e-06	1.131188e-06	1.067458e-08	8.093781e+00	6.966342e+02
2.410000e-06	9.804669e-07	1.019352e-08	7.015352e+00	6.654931e+02
2.420000e-06	8.294871e-07	9.693724e-09	5.935074e+00	6.330950e+02
2.430000e-06	6.783109e-07	9.179118e-09	4.853392e+00	5.993239e+02
2.440000e-06	5.269511e-07	8.645826e-09	3.770395e+00	5.641171e+02
2.450000e-06	3.753594e-07	8.092487e-09	2.685739e+00	5.274809e+02
2.460000e-06	2.235384e-07	7.519023e-09	1.599443e+00	4.894849e+02
2.470000e-06	7.157625e-08	6.921631e-09	5.121362e-01	4.502327e+02
2.480000e-06	-8.039031e-08	6.302501e-09	-5.752018e-01	4.098132e+02
2.490000e-06	-2.322881e-07	5.665450e-09	-1.662048e+00	3.682429e+02
2.500000e-06	-3.841793e-07	5.009396e-09	-2.748847e+00	3.254138e+02
2.510000e-06	-5.360033e-07	4.329571e-09	-3.835165e+00	2.810635e+02
2.520000e-06	-6.876423e-07	3.618907e-09	-4.920159e+00	2.347781e+02
2.530000e-06	-8.390261e-07	2.871715e-09	-6.003327e+00	1.860358e+02
2.540000e-06	-9.901164e-07	2.080017e-09	-7.084396e+00	1.342864e+02
2.550000e-06	-1.140931e-06	1.239704e-09	-8.163493e+00	7.905532e+01
2.560000e-06	-1.291338e-06	3.476766e-10	-9.239668e+00	2.005474e+01
2.570000e-06	-1.441271e-06	-6.011735e-10	-1.031246e+01	-4.272216e+01
2.580000e-06	-1.590737e-06	-1.606387e-09	-1.138191e+01	-1.089422e+02
2.590000e-06	-1.739682e-06	-2.661305e-09	-1.244762e+01	-1.779231e+02
2.600000e-06	-1.887954e-06	-3.748330e-09	-1.350853e+01	-2.486792e+02
2.610000e-06	-2.035442e-06	-4.845588e-09	-1.456382e+01	-3.200150e+02
2.620000e-06	-2.182185e-06	-5.932586e-09	-1.561378e+01	-3.906524e+02
2.630000e-06	-2.328167e-06	-6.989052e-09	-1.665830e+01	-4.593679e+02
2.640000e-06	-2.473261e-06	-7.995689e-09	-1.769646e+01	-5.251181e+02
2.650000e-06	-2.617271e-06	-8.938711e-09	-1.872687e+01	-5.871316e+02
2.660000e-06	-2.760222e-06	-9.817651e-09	-1.974970e+01	-6.449557e+02
2.670000e-06	-2.902146e-06	-1.063653e-08	-2.076519e+01	-6.984519e+02
2.680000e-06	-3.042906e-06	-1.139637e-08	-2.177234e+01	-7.477491e+02
2.690000e-06	-3.182487e-06	-1.209927e-08	-2.277106e+01	-7.931656e+02
2.700000e-06	-3.320910e-06	-1.275052e-08	-2.376149e+01	-8.351204e+02
2.710000e-06	-3.458026e-06	-1.335398e-08	-2.474257e+01	-8.740490e+02
2.720000e-06	-3.593825e-06	-1.391430e-08	-2.571423e+01	-9.103410e+02
2.730000e-06	-3.728381e-06	-1.443644e-08	-2.667699e+01	-9.443049e+02
2.740000e-06	-3.861588e-06	-1.492182e-08	-2.763010e+01	-9.761619e+02
2.750000e-06	-3.993349e-06	-1.537473e-08	-2.857287e+01	-1.006063e+03
2.760000e-06	-4.123743e-06	-1.579818e-08	-2.950585e+01	-1.034117e+03
2.770000e-06	-4.252725e-06	-1.619775e-08	-3.042873e+01	-1.060426e+03
2.780000e-06	-4.380204e-06	-1.657910e-08	-3.134086e+01	-1.085101e+03
2.790000e-06	-4.506251e-06	-1.694047e-08	-3.224274e+01	-1.108282e+03
2.800000e-06	-4.630676e-06	-1.727903e-08	-3.313301e+01	-1.130126e+03
2.810000e-06	-4.753435e-06	-1.759582e-08	-3.401137e+01	-1.150798e+03
2.820000e-06	-4.874511e-06	-1.789699e-08	-3.487768e+01	-1.170447e+03
2.830000e-06	-4.993776e-06	-1.818407e-08	-3.573104e+01	-1.189194e+03
2.840000e-06	-5.111159e-06	-1.845798e-08	-3.657093e+01	-1.207121e+03
2.850000e-06	-5.226440e-06	-1.872119e-08	-3.739577e+01	-1.224269e+03
2.860000e-06	-5.339620e-06	-1.897169e-08	-3.820559e+01	-1.240649e+03
2.870000e-06	-5.450781e-06	-1.920888e-08	-3.900096e+01	-1.256260e+03
2.880000e-06	-5.559880e-06	-1.943591e-08	-3.978158e+01	-1.271102e+03
2.890000e-06	-5.667023e-06	-1.965407e-08	-4.054820e+01	-1.285193e+03
2.900000e-06	-5.772221e-06	-1.986343e-08	-4.130090e+01	-1.298569e+03
2.910000e-06	-5.875310e-06	-2.006212e-08	-4.203852e+01	-1.311288e+03
2.920000e-06	-5.976136e-06	-2.024883e-08	-4.275993e+01	-1.323418e+03
2.930000e-06	-6.074829e-06	-2.042666e-08	-4.346609e+01	-1.335027e+03
2.940000e-06	-6.171394e-06	-2.059649e-08	-4.415702e+01	-1.346167e+03
2.950000e-06	-6.265704e-06	-2.076012e-08	-4.483182e+01	-1.356872e+03
2.960000e-06	-6.357769e-06	-2.091645e-08	-4.549056e+01	-1.367151e+03
2.970000e-06	-6.447604e-06	-2.106425e-08	-4.613334e+01	-1.376997e+03
2.980000e-06	-6.535161e-06	-2.120563e-08	-4.675982e+01	-1.386393e+03
2.990000e-06	-6.620279e-06	-2.134054e-08	-4.736885e+01	-1.395322e+03
3.000000e-06	-6.703093e-06	-2.146853e-08	-4.796140e+01	-1.403778e+03
3.010000e-06	-6.783542e-06	-2.159193e-08	-4.853701e+01	-1.411768e+03
3.020000e-06	-6.861344e-06	-2.170768e-08	-4.909370e+01	-1.419315e+03
3.030000e-06	-6.936537e-06	-2.181511e-08	-4.963171e+01	-1.426452e+03
3.040000e-06	-7.009233e-06	-2.191619e-08	-5.015186e+01	-1.433214e+03
3.050000e-06	-7.079357e-06	-2.201217e-08	-5.065360e+01	-1.439634e+03
3.060000e-06	-7.146927e-06	-2.210410e-08	-5.113708e+01	-1.445732e+03
3.070000e-06	-7.212061e-06	-2.218955e-08	-5.160312e+01	-1.451520e+03
3.080000e-06	-7.274613e-06	-2.227003e-08	-5.205068e+01	-1.457002e+03
3.090000e-06	-7.334528e-06	-2.234991e-08	-5.247938e+01	-1.462173e+03
3.100000e-06	-7.391887e-06	-2.242460e-08	-5.288979e+01	-1.467033e+03
3.110000e-06	-7.446601e-06	-2.249427e-08	-5.328128e+01	-1.471585e+03
3.120000e-06	-7.498357e-06	-2.255925e-08	-5.365160e+01	-1.475840e+03
3.130000e-06	-7.546940e-06	-2.261879e-08	-5.399921e+01	-1.479817e+03
3.140000e-06	-7.592717e-06	-2.267525e-08	-5.432675e+01	-1.483534e+03
3.150000e-06	-7.636056e-06	-2.272919e-08	-5.463685e+01	-1.487010e+03
3.160000e-06	-7.676879e-06	-2.278139e-08	-5.492895e+01	-1.490253e+03
3.170000e-06	-7.714989e-06	-2.282676e-08	-5.520162e+01	-1.493264e+03
3.180000e-06	-7.750347e-06	-2.286580e-08	-5.545462e+01	-1.496033e+03
3.190000e-06	-7.783003e-06	-2.290162e-08	-5.568827e+01	-1.498543e+03
3.200000e-06	-7.812821e-06	-2.293558e-08	-5.590162e+01	-1.500774e+03
3.210000e-06	-7.839769e-06	-2.296487e-08	-5.609444e+01	-1.502712e+03
3.220000e-06	-7.863898e-06	-2.298905e-08	-5.626709e+01	-1.504351e+03
3.230000e-06	-7.885166e-06	-2.300847e-08	-5.641926e+01	-1.505696e+03
3.240000e-06	-7.903677e-06	-2.302329e-08	-5.655171e+01	-1.506765e+03
3.250000e-06	-7.919292e-06	-2.303495e-08	-5.666343e+01	-1.507583e+03
3.260000e-06	-7.931756e-06	-2.304521e-08	-5.675261e+01	-1.508177e+03
3.270000e-06	-7.941234e-06	-2.305229e-08	-5.682043e+01	-1.508572e+03
3.280000e-06	-7.947760e-06	-2.305455e-08	-5.686712e+01	-1.508788e+03
3.290000e-06	-7.951474e-06	-2.305274e-08	-5.689370e+01	-1.508832e+03
3.300000e-06	-7.952559e-06	-2.304740e-08	-5.690146e+01	-1.508701e+03
