# Temperatura_=_66.52
# Concentracion g/m^3_=_24000.0
# C_Vs_to_Am_M_A/Vsm_=_65563218390.804596
# pendiente_HvsI_1/m_=_3716.3
# ordenada_HvsI_A/m_=_1297.0
# frecuencia_Hz_=_302417.46286399534

Tiempo_(s)	Campo_(V.s)	Magnetizacion_(V.s)	Campo_(kA/m)	Magnetizacion_(A/m)
0.000000e+00	-7.911998e-06	-2.280243e-08	-5.689428e+01	-1.492296e+03
1.000000e-08	-7.908725e-06	-2.279470e-08	-5.687075e+01	-1.491829e+03
2.000000e-08	-7.902829e-06	-2.278231e-08	-5.682835e+01	-1.491143e+03
3.000000e-08	-7.894356e-06	-2.276930e-08	-5.676742e+01	-1.490224e+03
4.000000e-08	-7.883134e-06	-2.275261e-08	-5.668672e+01	-1.489069e+03
5.000000e-08	-7.868993e-06	-2.272957e-08	-5.658504e+01	-1.487684e+03
6.000000e-08	-7.852030e-06	-2.270191e-08	-5.646306e+01	-1.486083e+03
7.000000e-08	-7.832698e-06	-2.267088e-08	-5.632405e+01	-1.484288e+03
8.000000e-08	-7.811017e-06	-2.265837e-08	-5.616814e+01	-1.482325e+03
9.000000e-08	-7.786383e-06	-2.265617e-08	-5.599100e+01	-1.480223e+03
1.000000e-07	-7.758541e-06	-2.262376e-08	-5.579079e+01	-1.478010e+03
1.100000e-07	-7.727830e-06	-2.256830e-08	-5.556995e+01	-1.475710e+03
1.200000e-07	-7.694342e-06	-2.250007e-08	-5.532915e+01	-1.473340e+03
1.300000e-07	-7.658146e-06	-2.242713e-08	-5.506886e+01	-1.470910e+03
1.400000e-07	-7.619752e-06	-2.237106e-08	-5.479278e+01	-1.468418e+03
1.500000e-07	-7.579319e-06	-2.237889e-08	-5.450203e+01	-1.465845e+03
1.600000e-07	-7.536289e-06	-2.234105e-08	-5.419260e+01	-1.463158e+03
1.700000e-07	-7.490544e-06	-2.224426e-08	-5.386365e+01	-1.460311e+03
1.800000e-07	-7.442184e-06	-2.222047e-08	-5.351590e+01	-1.457243e+03
1.900000e-07	-7.390725e-06	-2.212550e-08	-5.314587e+01	-1.453892e+03
2.000000e-07	-7.336294e-06	-2.203123e-08	-5.275446e+01	-1.450199e+03
2.100000e-07	-7.279168e-06	-2.201710e-08	-5.234368e+01	-1.446121e+03
2.200000e-07	-7.219424e-06	-2.197819e-08	-5.191406e+01	-1.441636e+03
2.300000e-07	-7.157114e-06	-2.191333e-08	-5.146600e+01	-1.436746e+03
2.400000e-07	-7.092044e-06	-2.180680e-08	-5.099809e+01	-1.431480e+03
2.500000e-07	-7.024315e-06	-2.170483e-08	-5.051105e+01	-1.425885e+03
2.600000e-07	-6.953956e-06	-2.159618e-08	-5.000511e+01	-1.420017e+03
2.700000e-07	-6.880851e-06	-2.149903e-08	-4.947942e+01	-1.413928e+03
2.800000e-07	-6.805033e-06	-2.141973e-08	-4.893422e+01	-1.407653e+03
2.900000e-07	-6.726471e-06	-2.133956e-08	-4.836929e+01	-1.401205e+03
3.000000e-07	-6.645227e-06	-2.125679e-08	-4.778507e+01	-1.394573e+03
3.100000e-07	-6.561675e-06	-2.112642e-08	-4.718426e+01	-1.387722e+03
3.200000e-07	-6.475952e-06	-2.100168e-08	-4.656784e+01	-1.380609e+03
3.300000e-07	-6.387968e-06	-2.089397e-08	-4.593516e+01	-1.373188e+03
3.400000e-07	-6.297589e-06	-2.076326e-08	-4.528525e+01	-1.365426e+03
3.500000e-07	-6.204844e-06	-2.063287e-08	-4.461833e+01	-1.357307e+03
3.600000e-07	-6.109929e-06	-2.052470e-08	-4.393581e+01	-1.348838e+03
3.700000e-07	-6.012795e-06	-2.041094e-08	-4.323733e+01	-1.340039e+03
3.800000e-07	-5.913444e-06	-2.026738e-08	-4.252290e+01	-1.330941e+03
3.900000e-07	-5.812056e-06	-2.011456e-08	-4.179384e+01	-1.321568e+03
4.000000e-07	-5.708707e-06	-1.995428e-08	-4.105067e+01	-1.311933e+03
4.100000e-07	-5.603297e-06	-1.979180e-08	-4.029267e+01	-1.302027e+03
4.200000e-07	-5.495828e-06	-1.964798e-08	-3.951988e+01	-1.291824e+03
4.300000e-07	-5.386400e-06	-1.951341e-08	-3.873299e+01	-1.281283e+03
4.400000e-07	-5.275095e-06	-1.935400e-08	-3.793261e+01	-1.270361e+03
4.500000e-07	-5.161873e-06	-1.916805e-08	-3.711844e+01	-1.259023e+03
4.600000e-07	-5.046526e-06	-1.897171e-08	-3.628900e+01	-1.247248e+03
4.700000e-07	-4.929175e-06	-1.877374e-08	-3.544514e+01	-1.235036e+03
4.800000e-07	-4.810128e-06	-1.858258e-08	-3.458909e+01	-1.222403e+03
4.900000e-07	-4.689403e-06	-1.840372e-08	-3.372097e+01	-1.209371e+03
5.000000e-07	-4.566875e-06	-1.821594e-08	-3.283988e+01	-1.195963e+03
5.100000e-07	-4.442579e-06	-1.799601e-08	-3.194608e+01	-1.182184e+03
5.200000e-07	-4.316699e-06	-1.776416e-08	-3.104089e+01	-1.168021e+03
5.300000e-07	-4.189344e-06	-1.753694e-08	-3.012510e+01	-1.153439e+03
5.400000e-07	-4.060557e-06	-1.730325e-08	-2.919901e+01	-1.138387e+03
5.500000e-07	-3.930131e-06	-1.705815e-08	-2.826113e+01	-1.122813e+03
5.600000e-07	-3.798108e-06	-1.681974e-08	-2.731176e+01	-1.106669e+03
5.700000e-07	-3.664684e-06	-1.657801e-08	-2.635233e+01	-1.089928e+03
5.800000e-07	-3.529907e-06	-1.631224e-08	-2.538316e+01	-1.072587e+03
5.900000e-07	-3.393876e-06	-1.603496e-08	-2.440498e+01	-1.054662e+03
6.000000e-07	-3.256602e-06	-1.575541e-08	-2.341786e+01	-1.036179e+03
6.100000e-07	-3.117943e-06	-1.546081e-08	-2.242078e+01	-1.017162e+03
6.200000e-07	-2.977830e-06	-1.515100e-08	-2.141324e+01	-9.976197e+02
6.300000e-07	-2.836498e-06	-1.484752e-08	-2.039693e+01	-9.775318e+02
6.400000e-07	-2.694134e-06	-1.454431e-08	-1.937321e+01	-9.568516e+02
6.500000e-07	-2.550721e-06	-1.422131e-08	-1.834195e+01	-9.355102e+02
6.600000e-07	-2.406255e-06	-1.387705e-08	-1.730311e+01	-9.134304e+02
6.700000e-07	-2.260913e-06	-1.352271e-08	-1.625797e+01	-8.905423e+02
6.800000e-07	-2.114832e-06	-1.315734e-08	-1.520752e+01	-8.667973e+02
6.900000e-07	-1.968101e-06	-1.277966e-08	-1.415239e+01	-8.421747e+02
7.000000e-07	-1.820823e-06	-1.239829e-08	-1.309333e+01	-8.166791e+02
7.100000e-07	-1.672988e-06	-1.200691e-08	-1.203027e+01	-7.903284e+02
7.200000e-07	-1.524628e-06	-1.159533e-08	-1.096343e+01	-7.631354e+02
7.300000e-07	-1.375762e-06	-1.115946e-08	-9.892950e+00	-7.350894e+02
7.400000e-07	-1.226462e-06	-1.071166e-08	-8.819350e+00	-7.061433e+02
7.500000e-07	-1.076830e-06	-1.025167e-08	-7.743364e+00	-6.762122e+02
7.600000e-07	-9.269077e-07	-9.776267e-09	-6.665288e+00	-6.451838e+02
7.700000e-07	-7.767194e-07	-9.287268e-09	-5.585301e+00	-6.129414e+02
7.800000e-07	-6.262176e-07	-8.780078e-09	-4.503060e+00	-5.793899e+02
7.900000e-07	-4.754425e-07	-8.253113e-09	-3.418854e+00	-5.444805e+02
8.000000e-07	-3.244631e-07	-7.702181e-09	-2.333177e+00	-5.082215e+02
8.100000e-07	-1.732848e-07	-7.133959e-09	-1.246071e+00	-4.706714e+02
8.200000e-07	-2.206109e-08	-6.546862e-09	-1.586388e-01	-4.319118e+02
8.300000e-07	1.291430e-07	-5.939031e-09	9.286527e-01	-3.920036e+02
8.400000e-07	2.803486e-07	-5.312995e-09	2.015955e+00	-3.509363e+02
8.500000e-07	4.314458e-07	-4.666493e-09	3.102478e+00	-3.085838e+02
8.600000e-07	5.823921e-07	-3.994078e-09	4.187916e+00	-2.646799e+02
8.700000e-07	7.331982e-07	-3.291379e-09	5.272345e+00	-2.188255e+02
8.800000e-07	8.837835e-07	-2.552894e-09	6.355187e+00	-1.705307e+02
8.900000e-07	1.034064e-06	-1.769394e-09	7.435838e+00	-1.192903e+02
9.000000e-07	1.184010e-06	-9.375520e-10	8.514080e+00	-6.468099e+01
9.100000e-07	1.333575e-06	-5.548019e-11	9.589589e+00	-6.462420e+00
9.200000e-07	1.482759e-06	8.786264e-10	1.066235e+01	5.533652e+01
9.300000e-07	1.631443e-06	1.865124e-09	1.173152e+01	1.203661e+02
9.400000e-07	1.779480e-06	2.897448e-09	1.279604e+01	1.879505e+02
9.500000e-07	1.926860e-06	3.961369e-09	1.385583e+01	2.571336e+02
9.600000e-07	2.073565e-06	5.030558e-09	1.491077e+01	3.267687e+02
9.700000e-07	2.219532e-06	6.080983e-09	1.596040e+01	3.956395e+02
9.800000e-07	2.364652e-06	7.094643e-09	1.700395e+01	4.625893e+02
9.900000e-07	2.508826e-06	8.057719e-09	1.804068e+01	5.266379e+02
1.000000e-06	2.652029e-06	8.964706e-09	1.907044e+01	5.870669e+02
1.010000e-06	2.794232e-06	9.811169e-09	2.009301e+01	6.434612e+02
1.020000e-06	2.935376e-06	1.060075e-08	2.110796e+01	6.957030e+02
1.030000e-06	3.075327e-06	1.133224e-08	2.211433e+01	7.439245e+02
1.040000e-06	3.213987e-06	1.200887e-08	2.311142e+01	7.884339e+02
1.050000e-06	3.351383e-06	1.263765e-08	2.409942e+01	8.296296e+02
1.060000e-06	3.487523e-06	1.322122e-08	2.507838e+01	8.679214e+02
1.070000e-06	3.622326e-06	1.376409e-08	2.604774e+01	9.036723e+02
1.080000e-06	3.755807e-06	1.426711e-08	2.700758e+01	9.371665e+02
1.090000e-06	3.888007e-06	1.473803e-08	2.795822e+01	9.686059e+02
1.100000e-06	4.018820e-06	1.518232e-08	2.889888e+01	9.981276e+02
1.110000e-06	4.148225e-06	1.559998e-08	2.982942e+01	1.025833e+03
1.120000e-06	4.276127e-06	1.599159e-08	3.074915e+01	1.051819e+03
1.130000e-06	4.402495e-06	1.636169e-08	3.165785e+01	1.076198e+03
1.140000e-06	4.527453e-06	1.671342e-08	3.255640e+01	1.099110e+03
1.150000e-06	4.650837e-06	1.704605e-08	3.344364e+01	1.120712e+03
1.160000e-06	4.772571e-06	1.735942e-08	3.431902e+01	1.141169e+03
1.170000e-06	4.892642e-06	1.765777e-08	3.518243e+01	1.160629e+03
1.180000e-06	5.010986e-06	1.794152e-08	3.603343e+01	1.179209e+03
1.190000e-06	5.127441e-06	1.820871e-08	3.687085e+01	1.196984e+03
1.200000e-06	5.241796e-06	1.846154e-08	3.769317e+01	1.213991e+03
1.210000e-06	5.354109e-06	1.870169e-08	3.850079e+01	1.230236e+03
1.220000e-06	5.464480e-06	1.893304e-08	3.929446e+01	1.245714e+03
1.230000e-06	5.572989e-06	1.915554e-08	4.007473e+01	1.260424e+03
1.240000e-06	5.679525e-06	1.936852e-08	4.084082e+01	1.274383e+03
1.250000e-06	5.783908e-06	1.957252e-08	4.159143e+01	1.287630e+03
1.260000e-06	5.886142e-06	1.976599e-08	4.232658e+01	1.300226e+03
1.270000e-06	5.986221e-06	1.994759e-08	4.304624e+01	1.312245e+03
1.280000e-06	6.084095e-06	2.011911e-08	4.375004e+01	1.323755e+03
1.290000e-06	6.179667e-06	2.028349e-08	4.443728e+01	1.334814e+03
1.300000e-06	6.273006e-06	2.044405e-08	4.510847e+01	1.345453e+03
1.310000e-06	6.364150e-06	2.059936e-08	4.576389e+01	1.355682e+03
1.320000e-06	6.452965e-06	2.074875e-08	4.640254e+01	1.365491e+03
1.330000e-06	6.539492e-06	2.089348e-08	4.702474e+01	1.374857e+03
1.340000e-06	6.623765e-06	2.103271e-08	4.763074e+01	1.383761e+03
1.350000e-06	6.705700e-06	2.116492e-08	4.821993e+01	1.392192e+03
1.360000e-06	6.785196e-06	2.128776e-08	4.879158e+01	1.400154e+03
1.370000e-06	6.862230e-06	2.140253e-08	4.934552e+01	1.407668e+03
1.380000e-06	6.936655e-06	2.151071e-08	4.988071e+01	1.414764e+03
1.390000e-06	7.008429e-06	2.161354e-08	5.039682e+01	1.421478e+03
1.400000e-06	7.077770e-06	2.171202e-08	5.089544e+01	1.427842e+03
1.410000e-06	7.144658e-06	2.180694e-08	5.137642e+01	1.433878e+03
1.420000e-06	7.208901e-06	2.189675e-08	5.183839e+01	1.439599e+03
1.430000e-06	7.270665e-06	2.198066e-08	5.228253e+01	1.445010e+03
1.440000e-06	7.330005e-06	2.205878e-08	5.270924e+01	1.450110e+03
1.450000e-06	7.386743e-06	2.213047e-08	5.311724e+01	1.454902e+03
1.460000e-06	7.440804e-06	2.219629e-08	5.350598e+01	1.459393e+03
1.470000e-06	7.491834e-06	2.225784e-08	5.387293e+01	1.463598e+03
1.480000e-06	7.539770e-06	2.231781e-08	5.421764e+01	1.467537e+03
1.490000e-06	7.585075e-06	2.237613e-08	5.454342e+01	1.471230e+03
1.500000e-06	7.627780e-06	2.243213e-08	5.485050e+01	1.474692e+03
1.510000e-06	7.667657e-06	2.248485e-08	5.513725e+01	1.477930e+03
1.520000e-06	7.704824e-06	2.253197e-08	5.540452e+01	1.480937e+03
1.530000e-06	7.739312e-06	2.257319e-08	5.565251e+01	1.483697e+03
1.540000e-06	7.771058e-06	2.260930e-08	5.588080e+01	1.486187e+03
1.550000e-06	7.800126e-06	2.264186e-08	5.608982e+01	1.488385e+03
1.560000e-06	7.826399e-06	2.267106e-08	5.627875e+01	1.490276e+03
1.570000e-06	7.849726e-06	2.269534e-08	5.644649e+01	1.491854e+03
1.580000e-06	7.870270e-06	2.271480e-08	5.659422e+01	1.493132e+03
1.590000e-06	7.888113e-06	2.273095e-08	5.672253e+01	1.494129e+03
1.600000e-06	7.902970e-06	2.274468e-08	5.682936e+01	1.494878e+03
1.610000e-06	7.914677e-06	2.275552e-08	5.691355e+01	1.495407e+03
1.620000e-06	7.923319e-06	2.276434e-08	5.697569e+01	1.495742e+03
1.630000e-06	7.929158e-06	2.276961e-08	5.701768e+01	1.495899e+03
1.640000e-06	7.932260e-06	2.277030e-08	5.703999e+01	1.495880e+03
1.650000e-06	7.932471e-06	2.276705e-08	5.704150e+01	1.495678e+03
1.660000e-06	7.929973e-06	2.275668e-08	5.702354e+01	1.495279e+03
1.670000e-06	7.924917e-06	2.274524e-08	5.698718e+01	1.494664e+03
1.680000e-06	7.917196e-06	2.273123e-08	5.693166e+01	1.493820e+03
1.690000e-06	7.906838e-06	2.271560e-08	5.685718e+01	1.492740e+03
1.700000e-06	7.893701e-06	2.270185e-08	5.676271e+01	1.491427e+03
1.710000e-06	7.877843e-06	2.268776e-08	5.664868e+01	1.489893e+03
1.720000e-06	7.859609e-06	2.267158e-08	5.651756e+01	1.488157e+03
1.730000e-06	7.839067e-06	2.261965e-08	5.636984e+01	1.486244e+03
1.740000e-06	7.815538e-06	2.255933e-08	5.620065e+01	1.484183e+03
1.750000e-06	7.788318e-06	2.252484e-08	5.600491e+01	1.482003e+03
1.760000e-06	7.757571e-06	2.250005e-08	5.578382e+01	1.479727e+03
1.770000e-06	7.724084e-06	2.248579e-08	5.554301e+01	1.477378e+03
1.780000e-06	7.688501e-06	2.249547e-08	5.528714e+01	1.474966e+03
1.790000e-06	7.650827e-06	2.244542e-08	5.501623e+01	1.472495e+03
1.800000e-06	7.611064e-06	2.237057e-08	5.473030e+01	1.469950e+03
1.810000e-06	7.568837e-06	2.238955e-08	5.442665e+01	1.467304e+03
1.820000e-06	7.524035e-06	2.234246e-08	5.410448e+01	1.464513e+03
1.830000e-06	7.476595e-06	2.232374e-08	5.376335e+01	1.461522e+03
1.840000e-06	7.426221e-06	2.233610e-08	5.340112e+01	1.458268e+03
1.850000e-06	7.373037e-06	2.224628e-08	5.301868e+01	1.454691e+03
1.860000e-06	7.316925e-06	2.215907e-08	5.261518e+01	1.450740e+03
1.870000e-06	7.258131e-06	2.203825e-08	5.219240e+01	1.446385e+03
1.880000e-06	7.196815e-06	2.197214e-08	5.175148e+01	1.441623e+03
1.890000e-06	7.132624e-06	2.194193e-08	5.128989e+01	1.436472e+03
1.900000e-06	7.065727e-06	2.188949e-08	5.080884e+01	1.430977e+03
1.910000e-06	6.996094e-06	2.183002e-08	5.030812e+01	1.425190e+03
1.920000e-06	6.923678e-06	2.170551e-08	4.978739e+01	1.419166e+03
1.930000e-06	6.848679e-06	2.158599e-08	4.924807e+01	1.412948e+03
1.940000e-06	6.770939e-06	2.146007e-08	4.868906e+01	1.406555e+03
1.950000e-06	6.690544e-06	2.137100e-08	4.811094e+01	1.399984e+03
1.960000e-06	6.607675e-06	2.130339e-08	4.751504e+01	1.393208e+03
1.970000e-06	6.522467e-06	2.118786e-08	4.690232e+01	1.386183e+03
1.980000e-06	6.434783e-06	2.109177e-08	4.627180e+01	1.378865e+03
1.990000e-06	6.344754e-06	2.097168e-08	4.562441e+01	1.371215e+03
2.000000e-06	6.252727e-06	2.083465e-08	4.496265e+01	1.363210e+03
2.010000e-06	6.158422e-06	2.069087e-08	4.428451e+01	1.354851e+03
2.020000e-06	6.061765e-06	2.056129e-08	4.358947e+01	1.346155e+03
2.030000e-06	5.962955e-06	2.043906e-08	4.287894e+01	1.337149e+03
2.040000e-06	5.862142e-06	2.030139e-08	4.215400e+01	1.327862e+03
2.050000e-06	5.759193e-06	2.018144e-08	4.141371e+01	1.318310e+03
2.060000e-06	5.654173e-06	2.002164e-08	4.065852e+01	1.308492e+03
2.070000e-06	5.547266e-06	1.983868e-08	3.988976e+01	1.298388e+03
2.080000e-06	5.438510e-06	1.965456e-08	3.910771e+01	1.287960e+03
2.090000e-06	5.327736e-06	1.949277e-08	3.831115e+01	1.277164e+03
2.100000e-06	5.214913e-06	1.934429e-08	3.749985e+01	1.265962e+03
2.110000e-06	5.100227e-06	1.918502e-08	3.667516e+01	1.254328e+03
2.120000e-06	4.983556e-06	1.901956e-08	3.583619e+01	1.242255e+03
2.130000e-06	4.864859e-06	1.881493e-08	3.498265e+01	1.229754e+03
2.140000e-06	4.744266e-06	1.858967e-08	3.411548e+01	1.216847e+03
2.150000e-06	4.622043e-06	1.837617e-08	3.323659e+01	1.203558e+03
2.160000e-06	4.498141e-06	1.818483e-08	3.234562e+01	1.189898e+03
2.170000e-06	4.372617e-06	1.798719e-08	3.144300e+01	1.175861e+03
2.180000e-06	4.245467e-06	1.777531e-08	3.052867e+01	1.161417e+03
2.190000e-06	4.116704e-06	1.754982e-08	2.960275e+01	1.146522e+03
2.200000e-06	3.986555e-06	1.730558e-08	2.866687e+01	1.131121e+03
2.210000e-06	3.854953e-06	1.704750e-08	2.772053e+01	1.115163e+03
2.220000e-06	3.721884e-06	1.679387e-08	2.676365e+01	1.098616e+03
2.230000e-06	3.587435e-06	1.654261e-08	2.579684e+01	1.081466e+03
2.240000e-06	3.451634e-06	1.627593e-08	2.482031e+01	1.063725e+03
2.250000e-06	3.314523e-06	1.600237e-08	2.383436e+01	1.045418e+03
2.260000e-06	3.176154e-06	1.572322e-08	2.283937e+01	1.026570e+03
2.270000e-06	3.036509e-06	1.542753e-08	2.183519e+01	1.007197e+03
2.280000e-06	2.895711e-06	1.511090e-08	2.082273e+01	9.872871e+02
2.290000e-06	2.753840e-06	1.479066e-08	1.980255e+01	9.668033e+02
2.300000e-06	2.610894e-06	1.446937e-08	1.877464e+01	9.456822e+02
2.310000e-06	2.466947e-06	1.414200e-08	1.773953e+01	9.238474e+02
2.320000e-06	2.322051e-06	1.380369e-08	1.669760e+01	9.012250e+02
2.330000e-06	2.176404e-06	1.345279e-08	1.565027e+01	8.777584e+02
2.340000e-06	2.030131e-06	1.307966e-08	1.459844e+01	8.534178e+02
2.350000e-06	1.883134e-06	1.268331e-08	1.354140e+01	8.282005e+02
2.360000e-06	1.735503e-06	1.228161e-08	1.247981e+01	8.021220e+02
2.370000e-06	1.587400e-06	1.187826e-08	1.141481e+01	7.751988e+02
2.380000e-06	1.438789e-06	1.146446e-08	1.034617e+01	7.474296e+02
2.390000e-06	1.289685e-06	1.103215e-08	9.273976e+00	7.187797e+02
2.400000e-06	1.140155e-06	1.058054e-08	8.198728e+00	6.891759e+02
2.410000e-06	9.902910e-07	1.010622e-08	7.121071e+00	6.585126e+02
2.420000e-06	8.401327e-07	9.609580e-09	6.041299e+00	6.266717e+02
2.430000e-06	6.897137e-07	9.098977e-09	4.959653e+00	5.935483e+02
2.440000e-06	5.390974e-07	8.576348e-09	3.876589e+00	5.590766e+02
2.450000e-06	3.882336e-07	8.034588e-09	2.791744e+00	5.232464e+02
2.460000e-06	2.371026e-07	7.472301e-09	1.704978e+00	4.861021e+02
2.470000e-06	8.582858e-08	6.889281e-09	6.171836e-01	4.477220e+02
2.480000e-06	-6.547005e-08	6.286415e-09	-4.707878e-01	4.081791e+02
2.490000e-06	-2.167239e-07	5.662399e-09	-1.558437e+00	3.674913e+02
2.500000e-06	-3.678872e-07	5.015868e-09	-2.645435e+00	3.255733e+02
2.510000e-06	-5.189796e-07	4.346242e-09	-3.731924e+00	2.822051e+02
2.520000e-06	-6.699188e-07	3.651808e-09	-4.817310e+00	2.370273e+02
2.530000e-06	-8.206053e-07	2.929435e-09	-5.900880e+00	1.895724e+02
2.540000e-06	-9.710318e-07	2.167003e-09	-6.982580e+00	1.393304e+02
2.550000e-06	-1.121187e-06	1.356151e-09	-8.062330e+00	8.584027e+01
2.560000e-06	-1.270949e-06	4.917824e-10	-9.139252e+00	2.879238e+01
2.570000e-06	-1.420185e-06	-4.295476e-10	-1.021239e+01	-3.187852e+01
2.580000e-06	-1.568888e-06	-1.405432e-09	-1.128169e+01	-9.592880e+01
2.590000e-06	-1.717094e-06	-2.427016e-09	-1.234743e+01	-1.627849e+02
2.600000e-06	-1.864683e-06	-3.481990e-09	-1.340872e+01	-2.315729e+02
2.610000e-06	-2.011509e-06	-4.554359e-09	-1.446453e+01	-3.011952e+02
2.620000e-06	-2.157651e-06	-5.621190e-09	-1.551542e+01	-3.704440e+02
2.630000e-06	-2.303028e-06	-6.661758e-09	-1.656082e+01	-4.381293e+02
2.640000e-06	-2.447501e-06	-7.658402e-09	-1.759970e+01	-5.032032e+02
2.650000e-06	-2.590955e-06	-8.596943e-09	-1.863127e+01	-5.648565e+02
2.660000e-06	-2.733333e-06	-9.475699e-09	-1.965509e+01	-6.225749e+02
2.670000e-06	-2.874653e-06	-1.029507e-08	-2.067131e+01	-6.761483e+02
2.680000e-06	-3.014757e-06	-1.105651e-08	-2.167878e+01	-7.256358e+02
2.690000e-06	-3.153632e-06	-1.176292e-08	-2.267741e+01	-7.712982e+02
2.700000e-06	-3.291359e-06	-1.241735e-08	-2.366779e+01	-8.135140e+02
2.710000e-06	-3.427882e-06	-1.302623e-08	-2.464951e+01	-8.526972e+02
2.720000e-06	-3.563111e-06	-1.359301e-08	-2.562193e+01	-8.892303e+02
2.730000e-06	-3.697091e-06	-1.411955e-08	-2.658537e+01	-9.234248e+02
2.740000e-06	-3.829756e-06	-1.460729e-08	-2.753934e+01	-9.555078e+02
2.750000e-06	-3.961003e-06	-1.506338e-08	-2.848313e+01	-9.856343e+02
2.760000e-06	-4.090948e-06	-1.549233e-08	-2.941755e+01	-1.013914e+03
2.770000e-06	-4.219512e-06	-1.589542e-08	-3.034203e+01	-1.040442e+03
2.780000e-06	-4.346506e-06	-1.627743e-08	-3.125523e+01	-1.065325e+03
2.790000e-06	-4.472041e-06	-1.663913e-08	-3.215794e+01	-1.088692e+03
2.800000e-06	-4.596045e-06	-1.698003e-08	-3.304964e+01	-1.110698e+03
2.810000e-06	-4.718401e-06	-1.730055e-08	-3.392949e+01	-1.131506e+03
2.820000e-06	-4.839088e-06	-1.760352e-08	-3.479734e+01	-1.151273e+03
2.830000e-06	-4.957910e-06	-1.789199e-08	-3.565177e+01	-1.170126e+03
2.840000e-06	-5.074780e-06	-1.816837e-08	-3.649217e+01	-1.188154e+03
2.850000e-06	-5.189610e-06	-1.843379e-08	-3.731790e+01	-1.205407e+03
2.860000e-06	-5.302330e-06	-1.868531e-08	-3.812846e+01	-1.221898e+03
2.870000e-06	-5.412978e-06	-1.892344e-08	-3.892411e+01	-1.237624e+03
2.880000e-06	-5.521689e-06	-1.915162e-08	-3.970584e+01	-1.252581e+03
2.890000e-06	-5.628576e-06	-1.937161e-08	-4.047445e+01	-1.266778e+03
2.900000e-06	-5.733524e-06	-1.958405e-08	-4.122912e+01	-1.280249e+03
2.910000e-06	-5.836287e-06	-1.978493e-08	-4.196808e+01	-1.293047e+03
2.920000e-06	-5.936778e-06	-1.997428e-08	-4.269070e+01	-1.305244e+03
2.930000e-06	-6.035122e-06	-2.015415e-08	-4.339788e+01	-1.316912e+03
2.940000e-06	-6.131394e-06	-2.032420e-08	-4.409016e+01	-1.328111e+03
2.950000e-06	-6.225490e-06	-2.048683e-08	-4.476679e+01	-1.338884e+03
2.960000e-06	-6.317329e-06	-2.064366e-08	-4.542720e+01	-1.349246e+03
2.970000e-06	-6.406981e-06	-2.079392e-08	-4.607188e+01	-1.359192e+03
2.980000e-06	-6.494333e-06	-2.093545e-08	-4.670002e+01	-1.368704e+03
2.990000e-06	-6.579213e-06	-2.107023e-08	-4.731038e+01	-1.377759e+03
3.000000e-06	-6.661763e-06	-2.120144e-08	-4.790399e+01	-1.386343e+03
3.010000e-06	-6.741948e-06	-2.132855e-08	-4.848059e+01	-1.394455e+03
3.020000e-06	-6.819555e-06	-2.144556e-08	-4.903865e+01	-1.402110e+03
3.030000e-06	-6.894572e-06	-2.155381e-08	-4.957809e+01	-1.409338e+03
3.040000e-06	-6.967122e-06	-2.165753e-08	-5.009978e+01	-1.416172e+03
3.050000e-06	-7.037185e-06	-2.175539e-08	-5.060360e+01	-1.422646e+03
3.060000e-06	-7.104699e-06	-2.184817e-08	-5.108908e+01	-1.428786e+03
3.070000e-06	-7.169759e-06	-2.193560e-08	-5.155693e+01	-1.434608e+03
3.080000e-06	-7.232278e-06	-2.201669e-08	-5.200649e+01	-1.440119e+03
3.090000e-06	-7.292132e-06	-2.209553e-08	-5.243690e+01	-1.445319e+03
3.100000e-06	-7.349429e-06	-2.216889e-08	-5.284891e+01	-1.450211e+03
3.110000e-06	-7.404069e-06	-2.223796e-08	-5.324183e+01	-1.454798e+03
3.120000e-06	-7.455838e-06	-2.230465e-08	-5.361409e+01	-1.459094e+03
3.130000e-06	-7.504504e-06	-2.236819e-08	-5.396404e+01	-1.463116e+03
3.140000e-06	-7.550326e-06	-2.242883e-08	-5.429354e+01	-1.466887e+03
3.150000e-06	-7.593746e-06	-2.248467e-08	-5.460577e+01	-1.470423e+03
3.160000e-06	-7.634679e-06	-2.253655e-08	-5.490012e+01	-1.473733e+03
3.170000e-06	-7.672918e-06	-2.258182e-08	-5.517508e+01	-1.476816e+03
3.180000e-06	-7.708422e-06	-2.262115e-08	-5.543039e+01	-1.479658e+03
3.190000e-06	-7.741201e-06	-2.265763e-08	-5.566610e+01	-1.482239e+03
3.200000e-06	-7.771098e-06	-2.269113e-08	-5.588109e+01	-1.484534e+03
3.210000e-06	-7.798130e-06	-2.272107e-08	-5.607547e+01	-1.486525e+03
3.220000e-06	-7.822429e-06	-2.274708e-08	-5.625020e+01	-1.488204e+03
3.230000e-06	-7.843866e-06	-2.276895e-08	-5.640435e+01	-1.489577e+03
3.240000e-06	-7.862491e-06	-2.278719e-08	-5.653829e+01	-1.490662e+03
3.250000e-06	-7.878346e-06	-2.279991e-08	-5.665230e+01	-1.491488e+03
3.260000e-06	-7.891040e-06	-2.280802e-08	-5.674357e+01	-1.492084e+03
3.270000e-06	-7.900708e-06	-2.281270e-08	-5.681310e+01	-1.492480e+03
3.280000e-06	-7.907516e-06	-2.281435e-08	-5.686205e+01	-1.492694e+03
3.290000e-06	-7.911531e-06	-2.281210e-08	-5.689093e+01	-1.492733e+03
3.300000e-06	-7.912927e-06	-2.280677e-08	-5.690096e+01	-1.492592e+03
