# Temperatura_=_48.08
# Concentracion g/m^3_=_24000.0
# C_Vs_to_Am_M_A/Vsm_=_65563218390.804596
# pendiente_HvsI_1/m_=_3716.3
# ordenada_HvsI_A/m_=_1297.0
# frecuencia_Hz_=_302414.92285273696

Tiempo_(s)	Campo_(V.s)	Magnetizacion_(V.s)	Campo_(kA/m)	Magnetizacion_(A/m)
0.000000e+00	-7.970670e-06	-2.185921e-08	-5.689223e+01	-1.430015e+03
1.000000e-08	-7.967266e-06	-2.184876e-08	-5.686793e+01	-1.429606e+03
2.000000e-08	-7.961258e-06	-2.183778e-08	-5.682505e+01	-1.429011e+03
3.000000e-08	-7.952658e-06	-2.182417e-08	-5.676366e+01	-1.428213e+03
4.000000e-08	-7.941273e-06	-2.180784e-08	-5.668240e+01	-1.427200e+03
5.000000e-08	-7.926970e-06	-2.178730e-08	-5.658031e+01	-1.425964e+03
6.000000e-08	-7.909821e-06	-2.176629e-08	-5.645791e+01	-1.424504e+03
7.000000e-08	-7.890287e-06	-2.174607e-08	-5.631848e+01	-1.422835e+03
8.000000e-08	-7.868392e-06	-2.173864e-08	-5.616220e+01	-1.420979e+03
9.000000e-08	-7.843561e-06	-2.169193e-08	-5.598496e+01	-1.418973e+03
1.000000e-07	-7.815495e-06	-2.167541e-08	-5.578463e+01	-1.416858e+03
1.100000e-07	-7.784431e-06	-2.165356e-08	-5.556291e+01	-1.414677e+03
1.200000e-07	-7.750586e-06	-2.157978e-08	-5.532133e+01	-1.412467e+03
1.300000e-07	-7.714131e-06	-2.150749e-08	-5.506113e+01	-1.410248e+03
1.400000e-07	-7.675455e-06	-2.147164e-08	-5.478507e+01	-1.408020e+03
1.500000e-07	-7.634537e-06	-2.147054e-08	-5.449301e+01	-1.405757e+03
1.600000e-07	-7.590979e-06	-2.137567e-08	-5.418211e+01	-1.403408e+03
1.700000e-07	-7.544774e-06	-2.137731e-08	-5.385231e+01	-1.400903e+03
1.800000e-07	-7.495798e-06	-2.132441e-08	-5.350274e+01	-1.398162e+03
1.900000e-07	-7.443745e-06	-2.122536e-08	-5.313120e+01	-1.395105e+03
2.000000e-07	-7.388854e-06	-2.118756e-08	-5.273940e+01	-1.391669e+03
2.100000e-07	-7.331311e-06	-2.109530e-08	-5.232868e+01	-1.387817e+03
2.200000e-07	-7.271126e-06	-2.106946e-08	-5.189910e+01	-1.383543e+03
2.300000e-07	-7.208269e-06	-2.099948e-08	-5.145044e+01	-1.378874e+03
2.400000e-07	-7.142617e-06	-2.091067e-08	-5.098183e+01	-1.373859e+03
2.500000e-07	-7.074248e-06	-2.083952e-08	-5.049384e+01	-1.368563e+03
2.600000e-07	-7.003204e-06	-2.073593e-08	-4.998675e+01	-1.363049e+03
2.700000e-07	-6.929400e-06	-2.065059e-08	-4.945996e+01	-1.357362e+03
2.800000e-07	-6.852799e-06	-2.056307e-08	-4.891320e+01	-1.351525e+03
2.900000e-07	-6.773506e-06	-2.050482e-08	-4.834723e+01	-1.345528e+03
3.000000e-07	-6.691701e-06	-2.041091e-08	-4.776334e+01	-1.339339e+03
3.100000e-07	-6.607535e-06	-2.029115e-08	-4.716258e+01	-1.332907e+03
3.200000e-07	-6.521076e-06	-2.019465e-08	-4.654546e+01	-1.326180e+03
3.300000e-07	-6.432305e-06	-2.006411e-08	-4.591185e+01	-1.319117e+03
3.400000e-07	-6.341180e-06	-1.994884e-08	-4.526142e+01	-1.311696e+03
3.500000e-07	-6.247791e-06	-1.982242e-08	-4.459484e+01	-1.303919e+03
3.600000e-07	-6.152185e-06	-1.971774e-08	-4.391243e+01	-1.295811e+03
3.700000e-07	-6.054271e-06	-1.960756e-08	-4.321355e+01	-1.287406e+03
3.800000e-07	-5.954166e-06	-1.947398e-08	-4.249903e+01	-1.278741e+03
3.900000e-07	-5.851973e-06	-1.934194e-08	-4.176961e+01	-1.269839e+03
4.000000e-07	-5.747706e-06	-1.919455e-08	-4.102538e+01	-1.260700e+03
4.100000e-07	-5.641466e-06	-1.904520e-08	-4.026707e+01	-1.251304e+03
4.200000e-07	-5.533238e-06	-1.888708e-08	-3.949458e+01	-1.241610e+03
4.300000e-07	-5.423007e-06	-1.875276e-08	-3.870778e+01	-1.231570e+03
4.400000e-07	-5.310725e-06	-1.859859e-08	-3.790635e+01	-1.221137e+03
4.500000e-07	-5.196425e-06	-1.842385e-08	-3.709050e+01	-1.210280e+03
4.600000e-07	-5.080172e-06	-1.824368e-08	-3.626073e+01	-1.198991e+03
4.700000e-07	-4.961982e-06	-1.806270e-08	-3.541712e+01	-1.187281e+03
4.800000e-07	-4.841995e-06	-1.787888e-08	-3.456069e+01	-1.175179e+03
4.900000e-07	-4.720329e-06	-1.769128e-08	-3.369228e+01	-1.162716e+03
5.000000e-07	-4.596936e-06	-1.750676e-08	-3.281154e+01	-1.149914e+03
5.100000e-07	-4.471767e-06	-1.730250e-08	-3.191812e+01	-1.136775e+03
5.200000e-07	-4.344969e-06	-1.708868e-08	-3.101307e+01	-1.123278e+03
5.300000e-07	-4.216667e-06	-1.686841e-08	-3.009729e+01	-1.109375e+03
5.400000e-07	-4.086853e-06	-1.664705e-08	-2.917072e+01	-1.095008e+03
5.500000e-07	-3.955433e-06	-1.641551e-08	-2.823268e+01	-1.080116e+03
5.600000e-07	-3.822518e-06	-1.617988e-08	-2.728398e+01	-1.064654e+03
5.700000e-07	-3.688136e-06	-1.594150e-08	-2.632480e+01	-1.048599e+03
5.800000e-07	-3.552291e-06	-1.568852e-08	-2.535517e+01	-1.031952e+03
5.900000e-07	-3.415104e-06	-1.542454e-08	-2.437597e+01	-1.014740e+03
6.000000e-07	-3.276604e-06	-1.515016e-08	-2.338741e+01	-9.969942e+02
6.100000e-07	-3.136716e-06	-1.487013e-08	-2.238893e+01	-9.787439e+02
6.200000e-07	-2.995404e-06	-1.458131e-08	-2.138028e+01	-9.599962e+02
6.300000e-07	-2.852895e-06	-1.429034e-08	-2.036310e+01	-9.407297e+02
6.400000e-07	-2.709416e-06	-1.399271e-08	-1.933899e+01	-9.208937e+02
6.500000e-07	-2.565055e-06	-1.367898e-08	-1.830859e+01	-9.004157e+02
6.600000e-07	-2.419780e-06	-1.335243e-08	-1.727165e+01	-8.792167e+02
6.700000e-07	-2.273588e-06	-1.301609e-08	-1.622818e+01	-8.572274e+02
6.800000e-07	-2.126594e-06	-1.266694e-08	-1.517899e+01	-8.344020e+02
6.900000e-07	-1.978905e-06	-1.230094e-08	-1.412483e+01	-8.107244e+02
7.000000e-07	-1.830588e-06	-1.192686e-08	-1.306618e+01	-7.862047e+02
7.100000e-07	-1.681726e-06	-1.154370e-08	-1.200365e+01	-7.608663e+02
7.200000e-07	-1.532351e-06	-1.114883e-08	-1.093746e+01	-7.347277e+02
7.300000e-07	-1.382443e-06	-1.073683e-08	-9.867456e+00	-7.077837e+02
7.400000e-07	-1.232026e-06	-1.030915e-08	-8.793825e+00	-6.799935e+02
7.500000e-07	-1.081168e-06	-9.869145e-09	-7.717049e+00	-6.512792e+02
7.600000e-07	-9.299359e-07	-9.414982e-09	-6.637601e+00	-6.215364e+02
7.700000e-07	-7.784111e-07	-8.944260e-09	-5.556062e+00	-5.906553e+02
7.800000e-07	-6.266299e-07	-8.454773e-09	-4.472694e+00	-5.585466e+02
7.900000e-07	-4.746234e-07	-7.950486e-09	-3.387718e+00	-5.251626e+02
8.000000e-07	-3.224751e-07	-7.425270e-09	-2.301730e+00	-4.905085e+02
8.100000e-07	-1.701880e-07	-6.882328e-09	-1.214750e+00	-4.546350e+02
8.200000e-07	-1.779206e-08	-6.320830e-09	-1.269943e-01	-4.176130e+02
8.300000e-07	1.346401e-07	-5.740696e-09	9.610201e-01	-3.794943e+02
8.400000e-07	2.870825e-07	-5.141857e-09	2.049108e+00	-3.402651e+02
8.500000e-07	4.394251e-07	-4.521872e-09	3.136483e+00	-2.998070e+02
8.600000e-07	5.915845e-07	-3.882193e-09	4.222551e+00	-2.578761e+02
8.700000e-07	7.436184e-07	-3.214434e-09	5.307723e+00	-2.141098e+02
8.800000e-07	8.954993e-07	-2.514036e-09	6.391803e+00	-1.680658e+02
8.900000e-07	1.047104e-06	-1.771173e-09	7.473911e+00	-1.192901e+02
9.000000e-07	1.198337e-06	-9.803549e-10	8.553365e+00	-6.740370e+01
9.100000e-07	1.349107e-06	-1.404863e-10	9.629518e+00	-1.219241e+01
9.200000e-07	1.499376e-06	7.488064e-10	1.070209e+01	4.631716e+01
9.300000e-07	1.649102e-06	1.683002e-09	1.177079e+01	1.078122e+02
9.400000e-07	1.798211e-06	2.658360e-09	1.283509e+01	1.716893e+02
9.500000e-07	1.946637e-06	3.661066e-09	1.389450e+01	2.370945e+02
9.600000e-07	2.094357e-06	4.670669e-09	1.494889e+01	3.030019e+02
9.700000e-07	2.241291e-06	5.664668e-09	1.599765e+01	3.683190e+02
9.800000e-07	2.387399e-06	6.627825e-09	1.704053e+01	4.319996e+02
9.900000e-07	2.532629e-06	7.550349e-09	1.807714e+01	4.931464e+02
1.000000e-06	2.676918e-06	8.423535e-09	1.910703e+01	5.510864e+02
1.010000e-06	2.820210e-06	9.242826e-09	2.012981e+01	6.054090e+02
1.020000e-06	2.962331e-06	1.000814e-08	2.114422e+01	6.559638e+02
1.030000e-06	3.103251e-06	1.071809e-08	2.215007e+01	7.028230e+02
1.040000e-06	3.242901e-06	1.137635e-08	2.314684e+01	7.462198e+02
1.050000e-06	3.381274e-06	1.198705e-08	2.413451e+01	7.864769e+02
1.060000e-06	3.518430e-06	1.255656e-08	2.511349e+01	8.239395e+02
1.070000e-06	3.654239e-06	1.308893e-08	2.608285e+01	8.589244e+02
1.080000e-06	3.788637e-06	1.358498e-08	2.704214e+01	8.916906e+02
1.090000e-06	3.921680e-06	1.404726e-08	2.799177e+01	9.224337e+02
1.100000e-06	4.053367e-06	1.448037e-08	2.893171e+01	9.512965e+02
1.110000e-06	4.183628e-06	1.488867e-08	2.986147e+01	9.783916e+02
1.120000e-06	4.312453e-06	1.527240e-08	3.078098e+01	1.003824e+03
1.130000e-06	4.439780e-06	1.563429e-08	3.168980e+01	1.027708e+03
1.140000e-06	4.565559e-06	1.597849e-08	3.258757e+01	1.050175e+03
1.150000e-06	4.689754e-06	1.630445e-08	3.347405e+01	1.071370e+03
1.160000e-06	4.812302e-06	1.661040e-08	3.434876e+01	1.091438e+03
1.170000e-06	4.933189e-06	1.689981e-08	3.521161e+01	1.110510e+03
1.180000e-06	5.052275e-06	1.717656e-08	3.606160e+01	1.128691e+03
1.190000e-06	5.169459e-06	1.744098e-08	3.689803e+01	1.146050e+03
1.200000e-06	5.284685e-06	1.768927e-08	3.772048e+01	1.162626e+03
1.210000e-06	5.397867e-06	1.792482e-08	3.852834e+01	1.178433e+03
1.220000e-06	5.509028e-06	1.815079e-08	3.932177e+01	1.193474e+03
1.230000e-06	5.618254e-06	1.836708e-08	4.010140e+01	1.207757e+03
1.240000e-06	5.725530e-06	1.857191e-08	4.086710e+01	1.221301e+03
1.250000e-06	5.830684e-06	1.876618e-08	4.161766e+01	1.234148e+03
1.260000e-06	5.933620e-06	1.895132e-08	4.235238e+01	1.246355e+03
1.270000e-06	6.034391e-06	1.912720e-08	4.307165e+01	1.257990e+03
1.280000e-06	6.132973e-06	1.929548e-08	4.377530e+01	1.269117e+03
1.290000e-06	6.229256e-06	1.945733e-08	4.446254e+01	1.279790e+03
1.300000e-06	6.323217e-06	1.961300e-08	4.513321e+01	1.290043e+03
1.310000e-06	6.414899e-06	1.976193e-08	4.578760e+01	1.299889e+03
1.320000e-06	6.504333e-06	1.990497e-08	4.642596e+01	1.309321e+03
1.330000e-06	6.591390e-06	2.004322e-08	4.704735e+01	1.318323e+03
1.340000e-06	6.676106e-06	2.017565e-08	4.765202e+01	1.326876e+03
1.350000e-06	6.758535e-06	2.030102e-08	4.824037e+01	1.334967e+03
1.360000e-06	6.838499e-06	2.041851e-08	4.881113e+01	1.342597e+03
1.370000e-06	6.915954e-06	2.052866e-08	4.936398e+01	1.349782e+03
1.380000e-06	6.990842e-06	2.063390e-08	4.989851e+01	1.356549e+03
1.390000e-06	7.063107e-06	2.073419e-08	5.041432e+01	1.362931e+03
1.400000e-06	7.132880e-06	2.082756e-08	5.091234e+01	1.368964e+03
1.410000e-06	7.200199e-06	2.091354e-08	5.139284e+01	1.374676e+03
1.420000e-06	7.264895e-06	2.099546e-08	5.185462e+01	1.380090e+03
1.430000e-06	7.327038e-06	2.107467e-08	5.229818e+01	1.385218e+03
1.440000e-06	7.386744e-06	2.114888e-08	5.272434e+01	1.390066e+03
1.450000e-06	7.443781e-06	2.121737e-08	5.313145e+01	1.394635e+03
1.460000e-06	7.498089e-06	2.128124e-08	5.351908e+01	1.398927e+03
1.470000e-06	7.549572e-06	2.134242e-08	5.388656e+01	1.402948e+03
1.480000e-06	7.597911e-06	2.140032e-08	5.423158e+01	1.406705e+03
1.490000e-06	7.643334e-06	2.145547e-08	5.455580e+01	1.410208e+03
1.500000e-06	7.686161e-06	2.150891e-08	5.486149e+01	1.413466e+03
1.510000e-06	7.726210e-06	2.155737e-08	5.514734e+01	1.416486e+03
1.520000e-06	7.763504e-06	2.159967e-08	5.541354e+01	1.419271e+03
1.530000e-06	7.798149e-06	2.163654e-08	5.566083e+01	1.421816e+03
1.540000e-06	7.829989e-06	2.167044e-08	5.588808e+01	1.424114e+03
1.550000e-06	7.859087e-06	2.170195e-08	5.609578e+01	1.426154e+03
1.560000e-06	7.885388e-06	2.172981e-08	5.628351e+01	1.427929e+03
1.570000e-06	7.908796e-06	2.175441e-08	5.645059e+01	1.429435e+03
1.580000e-06	7.929419e-06	2.177375e-08	5.659779e+01	1.430677e+03
1.590000e-06	7.947205e-06	2.178740e-08	5.672474e+01	1.431664e+03
1.600000e-06	7.962051e-06	2.179741e-08	5.683071e+01	1.432414e+03
1.610000e-06	7.973871e-06	2.180559e-08	5.691508e+01	1.432947e+03
1.620000e-06	7.982585e-06	2.181244e-08	5.697727e+01	1.433283e+03
1.630000e-06	7.988408e-06	2.181749e-08	5.701884e+01	1.433439e+03
1.640000e-06	7.991438e-06	2.181999e-08	5.704046e+01	1.433426e+03
1.650000e-06	7.991583e-06	2.181654e-08	5.704150e+01	1.433245e+03
1.660000e-06	7.989049e-06	2.181157e-08	5.702341e+01	1.432894e+03
1.670000e-06	7.983895e-06	2.180193e-08	5.698662e+01	1.432359e+03
1.680000e-06	7.976006e-06	2.178751e-08	5.693031e+01	1.431627e+03
1.690000e-06	7.965470e-06	2.177261e-08	5.685511e+01	1.430684e+03
1.700000e-06	7.952164e-06	2.175966e-08	5.676014e+01	1.429519e+03
1.710000e-06	7.936116e-06	2.174200e-08	5.664559e+01	1.428130e+03
1.720000e-06	7.917716e-06	2.171078e-08	5.651426e+01	1.426526e+03
1.730000e-06	7.896911e-06	2.166950e-08	5.636576e+01	1.424726e+03
1.740000e-06	7.873029e-06	2.166149e-08	5.619529e+01	1.422763e+03
1.750000e-06	7.845437e-06	2.159851e-08	5.599835e+01	1.420678e+03
1.760000e-06	7.814339e-06	2.156056e-08	5.577638e+01	1.418513e+03
1.770000e-06	7.780533e-06	2.157135e-08	5.553508e+01	1.416309e+03
1.780000e-06	7.744544e-06	2.156080e-08	5.527820e+01	1.414091e+03
1.790000e-06	7.706500e-06	2.148671e-08	5.500666e+01	1.411866e+03
1.800000e-06	7.666340e-06	2.150197e-08	5.472001e+01	1.409618e+03
1.810000e-06	7.623695e-06	2.146385e-08	5.441563e+01	1.407304e+03
1.820000e-06	7.578450e-06	2.139018e-08	5.409268e+01	1.404857e+03
1.830000e-06	7.530539e-06	2.143208e-08	5.375070e+01	1.402200e+03
1.840000e-06	7.479709e-06	2.135406e-08	5.338790e+01	1.399252e+03
1.850000e-06	7.425988e-06	2.137788e-08	5.300445e+01	1.395943e+03
1.860000e-06	7.369380e-06	2.127577e-08	5.260040e+01	1.392227e+03
1.870000e-06	7.310115e-06	2.115883e-08	5.217739e+01	1.388086e+03
1.880000e-06	7.248293e-06	2.114606e-08	5.173612e+01	1.383539e+03
1.890000e-06	7.183562e-06	2.102508e-08	5.127409e+01	1.378628e+03
1.900000e-06	7.116020e-06	2.101363e-08	5.079199e+01	1.373414e+03
1.910000e-06	7.045701e-06	2.091265e-08	5.029008e+01	1.367964e+03
1.920000e-06	6.972637e-06	2.083160e-08	4.976857e+01	1.362328e+03
1.930000e-06	6.896905e-06	2.073177e-08	4.922802e+01	1.356538e+03
1.940000e-06	6.818489e-06	2.058762e-08	4.866830e+01	1.350595e+03
1.950000e-06	6.737504e-06	2.054696e-08	4.809026e+01	1.344472e+03
1.960000e-06	6.653914e-06	2.041500e-08	4.749362e+01	1.338123e+03
1.970000e-06	6.567917e-06	2.036080e-08	4.687980e+01	1.331496e+03
1.980000e-06	6.479594e-06	2.024782e-08	4.624938e+01	1.324544e+03
1.990000e-06	6.388980e-06	2.014052e-08	4.560260e+01	1.317238e+03
2.000000e-06	6.296123e-06	2.002265e-08	4.493982e+01	1.309573e+03
2.010000e-06	6.200964e-06	1.986771e-08	4.426060e+01	1.301567e+03
2.020000e-06	6.103577e-06	1.976192e-08	4.356548e+01	1.293253e+03
2.030000e-06	6.003984e-06	1.961286e-08	4.285462e+01	1.284668e+03
2.040000e-06	5.902275e-06	1.949929e-08	4.212865e+01	1.275840e+03
2.050000e-06	5.798420e-06	1.935964e-08	4.138736e+01	1.266778e+03
2.060000e-06	5.692555e-06	1.922972e-08	4.063173e+01	1.257468e+03
2.070000e-06	5.584775e-06	1.906118e-08	3.986243e+01	1.247874e+03
2.080000e-06	5.475057e-06	1.889778e-08	3.907930e+01	1.237950e+03
2.090000e-06	5.363377e-06	1.874196e-08	3.828216e+01	1.227647e+03
2.100000e-06	5.249653e-06	1.858500e-08	3.747043e+01	1.216928e+03
2.110000e-06	5.133940e-06	1.842577e-08	3.664451e+01	1.205777e+03
2.120000e-06	5.016289e-06	1.825624e-08	3.580475e+01	1.194199e+03
2.130000e-06	4.896715e-06	1.807750e-08	3.495127e+01	1.182219e+03
2.140000e-06	4.775294e-06	1.786991e-08	3.408460e+01	1.169868e+03
2.150000e-06	4.652106e-06	1.767880e-08	3.320532e+01	1.157173e+03
2.160000e-06	4.527159e-06	1.748227e-08	3.231349e+01	1.144144e+03
2.170000e-06	4.400611e-06	1.729234e-08	3.141022e+01	1.130765e+03
2.180000e-06	4.272451e-06	1.708154e-08	3.049546e+01	1.116998e+03
2.190000e-06	4.142699e-06	1.686621e-08	2.956933e+01	1.102786e+03
2.200000e-06	4.011430e-06	1.663602e-08	2.863237e+01	1.088068e+03
2.210000e-06	3.878683e-06	1.639860e-08	2.768487e+01	1.072793e+03
2.220000e-06	3.744593e-06	1.615349e-08	2.672777e+01	1.056929e+03
2.230000e-06	3.609196e-06	1.590917e-08	2.576135e+01	1.040470e+03
2.240000e-06	3.472355e-06	1.565801e-08	2.478462e+01	1.023435e+03
2.250000e-06	3.334107e-06	1.539400e-08	2.379784e+01	1.005857e+03
2.260000e-06	3.194588e-06	1.512372e-08	2.280200e+01	9.877660e+02
2.270000e-06	3.053825e-06	1.483875e-08	2.179727e+01	9.691784e+02
2.280000e-06	2.911919e-06	1.454133e-08	2.078439e+01	9.500824e+02
2.290000e-06	2.768969e-06	1.423159e-08	1.976406e+01	9.304360e+02
2.300000e-06	2.624961e-06	1.392234e-08	1.873618e+01	9.101724e+02
2.310000e-06	2.479946e-06	1.360509e-08	1.770110e+01	8.892130e+02
2.320000e-06	2.334127e-06	1.327710e-08	1.666029e+01	8.674834e+02
2.330000e-06	2.187525e-06	1.293395e-08	1.561389e+01	8.449294e+02
2.340000e-06	2.040102e-06	1.257887e-08	1.456163e+01	8.215251e+02
2.350000e-06	1.892005e-06	1.221035e-08	1.350456e+01	7.972733e+02
2.360000e-06	1.743291e-06	1.183035e-08	1.244308e+01	7.721948e+02
2.370000e-06	1.594019e-06	1.143861e-08	1.137763e+01	7.463120e+02
2.380000e-06	1.444231e-06	1.103523e-08	1.030848e+01	7.196289e+02
2.390000e-06	1.294014e-06	1.061695e-08	9.236279e+00	6.921169e+02
2.400000e-06	1.143438e-06	1.018011e-08	8.161511e+00	6.637095e+02
2.410000e-06	9.924724e-07	9.724678e-09	7.083967e+00	6.343089e+02
2.420000e-06	8.412089e-07	9.252943e-09	6.004294e+00	6.038044e+02
2.430000e-06	6.896931e-07	8.766159e-09	4.922821e+00	5.720973e+02
2.440000e-06	5.379426e-07	8.264379e-09	3.839671e+00	5.391247e+02
2.450000e-06	3.859668e-07	7.748664e-09	2.754914e+00	5.048746e+02
2.460000e-06	2.337305e-07	7.215089e-09	1.668297e+00	4.693849e+02
2.470000e-06	8.131103e-08	6.657254e-09	5.803735e-01	4.327241e+02
2.480000e-06	-7.110527e-08	6.075867e-09	-5.075278e-01	3.949548e+02
2.490000e-06	-2.235085e-07	5.477094e-09	-1.595336e+00	3.560892e+02
2.500000e-06	-3.758320e-07	4.861506e-09	-2.682575e+00	3.160459e+02
2.510000e-06	-5.280497e-07	4.226070e-09	-3.769059e+00	2.746222e+02
2.520000e-06	-6.801191e-07	3.565368e-09	-4.854484e+00	2.314909e+02
2.530000e-06	-8.319140e-07	2.874076e-09	-5.937950e+00	1.862290e+02
2.540000e-06	-9.834166e-07	2.144478e-09	-7.019330e+00	1.383776e+02
2.550000e-06	-1.134573e-06	1.371877e-09	-8.098239e+00	8.752344e+01
2.560000e-06	-1.285293e-06	5.517818e-10	-9.174032e+00	3.339020e+01
2.570000e-06	-1.435567e-06	-3.207701e-10	-1.024664e+01	-2.407964e+01
2.580000e-06	-1.585391e-06	-1.242618e-09	-1.131604e+01	-8.466787e+01
2.590000e-06	-1.734634e-06	-2.207046e-09	-1.238129e+01	-1.478623e+02
2.600000e-06	-1.883254e-06	-3.203065e-09	-1.344210e+01	-2.128824e+02
2.610000e-06	-2.031219e-06	-4.214716e-09	-1.449823e+01	-2.787472e+02
2.620000e-06	-2.178417e-06	-5.224579e-09	-1.554888e+01	-3.443732e+02
2.630000e-06	-2.324764e-06	-6.214417e-09	-1.659346e+01	-4.086872e+02
2.640000e-06	-2.470175e-06	-7.165911e-09	-1.763136e+01	-4.707343e+02
2.650000e-06	-2.614636e-06	-8.065458e-09	-1.866248e+01	-5.297633e+02
2.660000e-06	-2.758074e-06	-8.910367e-09	-1.968629e+01	-5.852776e+02
2.670000e-06	-2.900429e-06	-9.702883e-09	-2.070238e+01	-6.370458e+02
2.680000e-06	-3.041632e-06	-1.044234e-08	-2.171024e+01	-6.850744e+02
2.690000e-06	-3.181661e-06	-1.112860e-08	-2.270973e+01	-7.295523e+02
2.700000e-06	-3.320406e-06	-1.176549e-08	-2.370005e+01	-7.707814e+02
2.710000e-06	-3.457836e-06	-1.235908e-08	-2.468099e+01	-8.091061e+02
2.720000e-06	-3.594028e-06	-1.291228e-08	-2.565308e+01	-8.448566e+02
2.730000e-06	-3.728897e-06	-1.342695e-08	-2.661574e+01	-8.783123e+02
2.740000e-06	-3.862406e-06	-1.390551e-08	-2.756868e+01	-9.096885e+02
2.750000e-06	-3.994597e-06	-1.435315e-08	-2.851223e+01	-9.391430e+02
2.760000e-06	-4.125457e-06	-1.477312e-08	-2.944626e+01	-9.667954e+02
2.770000e-06	-4.254884e-06	-1.516991e-08	-3.037007e+01	-9.927510e+02
2.780000e-06	-4.382792e-06	-1.554565e-08	-3.128304e+01	-1.017120e+03
2.790000e-06	-4.509173e-06	-1.589745e-08	-3.218511e+01	-1.040028e+03
2.800000e-06	-4.634007e-06	-1.622907e-08	-3.307614e+01	-1.061616e+03
2.810000e-06	-4.757184e-06	-1.654307e-08	-3.395534e+01	-1.082032e+03
2.820000e-06	-4.878688e-06	-1.684072e-08	-3.482259e+01	-1.101411e+03
2.830000e-06	-4.998382e-06	-1.712351e-08	-3.567693e+01	-1.119870e+03
2.840000e-06	-5.116129e-06	-1.739360e-08	-3.651738e+01	-1.137488e+03
2.850000e-06	-5.231846e-06	-1.765243e-08	-3.734333e+01	-1.154314e+03
2.860000e-06	-5.345424e-06	-1.789776e-08	-3.815402e+01	-1.170368e+03
2.870000e-06	-5.456903e-06	-1.812958e-08	-3.894972e+01	-1.185656e+03
2.880000e-06	-5.566361e-06	-1.835199e-08	-3.973100e+01	-1.200181e+03
2.890000e-06	-5.673880e-06	-1.856612e-08	-4.049843e+01	-1.213960e+03
2.900000e-06	-5.779410e-06	-1.877101e-08	-4.125168e+01	-1.227026e+03
2.910000e-06	-5.882794e-06	-1.896557e-08	-4.198960e+01	-1.239433e+03
2.920000e-06	-5.983961e-06	-1.914959e-08	-4.271170e+01	-1.251244e+03
2.930000e-06	-6.083000e-06	-1.932495e-08	-4.341861e+01	-1.262528e+03
2.940000e-06	-6.179985e-06	-1.948966e-08	-4.411086e+01	-1.273343e+03
2.950000e-06	-6.274754e-06	-1.964679e-08	-4.478729e+01	-1.283730e+03
2.960000e-06	-6.367167e-06	-1.979763e-08	-4.544691e+01	-1.293707e+03
2.970000e-06	-6.457303e-06	-1.994161e-08	-4.609027e+01	-1.303274e+03
2.980000e-06	-6.545186e-06	-2.008037e-08	-4.671755e+01	-1.312417e+03
2.990000e-06	-6.630671e-06	-2.021174e-08	-4.732772e+01	-1.321116e+03
3.000000e-06	-6.713733e-06	-2.033737e-08	-4.792059e+01	-1.329357e+03
3.010000e-06	-6.794432e-06	-2.045681e-08	-4.849660e+01	-1.337135e+03
3.020000e-06	-6.872603e-06	-2.056758e-08	-4.905456e+01	-1.344461e+03
3.030000e-06	-6.948124e-06	-2.067036e-08	-4.959361e+01	-1.351359e+03
3.040000e-06	-7.021098e-06	-2.076866e-08	-5.011447e+01	-1.357862e+03
3.050000e-06	-7.091545e-06	-2.086394e-08	-5.061730e+01	-1.364004e+03
3.060000e-06	-7.159468e-06	-2.095365e-08	-5.110211e+01	-1.369817e+03
3.070000e-06	-7.224896e-06	-2.103616e-08	-5.156912e+01	-1.375326e+03
3.080000e-06	-7.287792e-06	-2.111400e-08	-5.201805e+01	-1.380545e+03
3.090000e-06	-7.348053e-06	-2.119054e-08	-5.244818e+01	-1.385483e+03
3.100000e-06	-7.405682e-06	-2.126156e-08	-5.285951e+01	-1.390142e+03
3.110000e-06	-7.460633e-06	-2.132637e-08	-5.325174e+01	-1.394524e+03
3.120000e-06	-7.512717e-06	-2.138784e-08	-5.362349e+01	-1.398632e+03
3.130000e-06	-7.561797e-06	-2.144582e-08	-5.397381e+01	-1.402473e+03
3.140000e-06	-7.607989e-06	-2.150116e-08	-5.430352e+01	-1.406057e+03
3.150000e-06	-7.651636e-06	-2.155302e-08	-5.461506e+01	-1.409393e+03
3.160000e-06	-7.692749e-06	-2.160080e-08	-5.490851e+01	-1.412491e+03
3.170000e-06	-7.731110e-06	-2.164188e-08	-5.518232e+01	-1.415352e+03
3.180000e-06	-7.766739e-06	-2.167892e-08	-5.543663e+01	-1.417975e+03
3.190000e-06	-7.799612e-06	-2.171427e-08	-5.567126e+01	-1.420354e+03
3.200000e-06	-7.829565e-06	-2.174634e-08	-5.588506e+01	-1.422478e+03
3.210000e-06	-7.856683e-06	-2.177279e-08	-5.607862e+01	-1.424340e+03
3.220000e-06	-7.881061e-06	-2.179612e-08	-5.625263e+01	-1.425933e+03
3.230000e-06	-7.902604e-06	-2.181751e-08	-5.640639e+01	-1.427259e+03
3.240000e-06	-7.921384e-06	-2.183507e-08	-5.654044e+01	-1.428327e+03
3.250000e-06	-7.937305e-06	-2.184765e-08	-5.665407e+01	-1.429152e+03
3.260000e-06	-7.950057e-06	-2.185477e-08	-5.674510e+01	-1.429753e+03
3.270000e-06	-7.959794e-06	-2.185935e-08	-5.681459e+01	-1.430151e+03
3.280000e-06	-7.966614e-06	-2.186183e-08	-5.686328e+01	-1.430364e+03
3.290000e-06	-7.970553e-06	-2.186209e-08	-5.689139e+01	-1.430405e+03
3.300000e-06	-7.971766e-06	-2.186054e-08	-5.690005e+01	-1.430279e+03
