# Temperatura_=_47.9
# Concentracion g/m^3_=_26700.0
# C_Vs_to_Am_M_A/Vsm_=_65563218390.804596
# pendiente_HvsI_1/m_=_3716.3
# ordenada_HvsI_A/m_=_1297.0
# frecuencia_Hz_=_302454.3365591445

Tiempo_(s)	Campo_(V.s)	Magnetizacion_(V.s)	Campo_(kA/m)	Magnetizacion_(A/m)
0.000000e+00	-7.957341e-06	-3.637229e-08	-5.688260e+01	-2.380774e+03
1.000000e-08	-7.954601e-06	-3.636577e-08	-5.686301e+01	-2.380136e+03
2.000000e-08	-7.949243e-06	-3.634841e-08	-5.682471e+01	-2.379242e+03
3.000000e-08	-7.941324e-06	-3.632476e-08	-5.676810e+01	-2.378050e+03
4.000000e-08	-7.930628e-06	-3.629744e-08	-5.669165e+01	-2.376506e+03
5.000000e-08	-7.917017e-06	-3.626473e-08	-5.659435e+01	-2.374563e+03
6.000000e-08	-7.900523e-06	-3.622531e-08	-5.647644e+01	-2.372195e+03
7.000000e-08	-7.881551e-06	-3.617742e-08	-5.634082e+01	-2.369407e+03
8.000000e-08	-7.860275e-06	-3.614480e-08	-5.618873e+01	-2.366241e+03
9.000000e-08	-7.836200e-06	-3.615202e-08	-5.601663e+01	-2.362768e+03
1.000000e-07	-7.808957e-06	-3.609977e-08	-5.582188e+01	-2.359078e+03
1.100000e-07	-7.778710e-06	-3.599967e-08	-5.560566e+01	-2.355262e+03
1.200000e-07	-7.745617e-06	-3.591544e-08	-5.536910e+01	-2.351391e+03
1.300000e-07	-7.709784e-06	-3.582392e-08	-5.511295e+01	-2.347503e+03
1.400000e-07	-7.671619e-06	-3.570795e-08	-5.484013e+01	-2.343589e+03
1.500000e-07	-7.631315e-06	-3.564710e-08	-5.455202e+01	-2.339595e+03
1.600000e-07	-7.588546e-06	-3.569219e-08	-5.424629e+01	-2.335426e+03
1.700000e-07	-7.543084e-06	-3.556036e-08	-5.392130e+01	-2.330964e+03
1.800000e-07	-7.494930e-06	-3.546598e-08	-5.357708e+01	-2.326084e+03
1.900000e-07	-7.443801e-06	-3.540477e-08	-5.321159e+01	-2.320680e+03
2.000000e-07	-7.389662e-06	-3.520047e-08	-5.282458e+01	-2.314673e+03
2.100000e-07	-7.332795e-06	-3.509547e-08	-5.241807e+01	-2.308030e+03
2.200000e-07	-7.273300e-06	-3.500195e-08	-5.199277e+01	-2.300757e+03
2.300000e-07	-7.211185e-06	-3.491293e-08	-5.154875e+01	-2.292899e+03
2.400000e-07	-7.146345e-06	-3.478686e-08	-5.108524e+01	-2.284523e+03
2.500000e-07	-7.078801e-06	-3.463300e-08	-5.060241e+01	-2.275702e+03
2.600000e-07	-7.008648e-06	-3.451520e-08	-5.010092e+01	-2.266502e+03
2.700000e-07	-6.935753e-06	-3.436686e-08	-4.957983e+01	-2.256965e+03
2.800000e-07	-6.860101e-06	-3.421432e-08	-4.903904e+01	-2.247102e+03
2.900000e-07	-6.781663e-06	-3.405480e-08	-4.847834e+01	-2.236898e+03
3.000000e-07	-6.700526e-06	-3.391385e-08	-4.789833e+01	-2.226313e+03
3.100000e-07	-6.617032e-06	-3.373833e-08	-4.730148e+01	-2.215298e+03
3.200000e-07	-6.531293e-06	-3.352529e-08	-4.668858e+01	-2.203803e+03
3.300000e-07	-6.443231e-06	-3.335913e-08	-4.605907e+01	-2.191792e+03
3.400000e-07	-6.352867e-06	-3.316922e-08	-4.541311e+01	-2.179246e+03
3.500000e-07	-6.260241e-06	-3.295892e-08	-4.475098e+01	-2.166167e+03
3.600000e-07	-6.165311e-06	-3.275292e-08	-4.407238e+01	-2.152574e+03
3.700000e-07	-6.068119e-06	-3.256046e-08	-4.337760e+01	-2.138491e+03
3.800000e-07	-5.968707e-06	-3.235077e-08	-4.266696e+01	-2.123943e+03
3.900000e-07	-5.867175e-06	-3.210735e-08	-4.194117e+01	-2.108939e+03
4.000000e-07	-5.763565e-06	-3.186415e-08	-4.120052e+01	-2.093473e+03
4.100000e-07	-5.657927e-06	-3.161169e-08	-4.044537e+01	-2.077518e+03
4.200000e-07	-5.550358e-06	-3.135798e-08	-3.967642e+01	-2.061033e+03
4.300000e-07	-5.440904e-06	-3.109909e-08	-3.889399e+01	-2.043972e+03
4.400000e-07	-5.329430e-06	-3.084165e-08	-3.809713e+01	-2.026288e+03
4.500000e-07	-5.215846e-06	-3.056315e-08	-3.728518e+01	-2.007949e+03
4.600000e-07	-5.100265e-06	-3.025968e-08	-3.645895e+01	-1.988937e+03
4.700000e-07	-4.982789e-06	-2.994957e-08	-3.561918e+01	-1.969254e+03
4.800000e-07	-4.863484e-06	-2.964263e-08	-3.476634e+01	-1.948914e+03
4.900000e-07	-4.742411e-06	-2.933662e-08	-3.390086e+01	-1.927932e+03
5.000000e-07	-4.619614e-06	-2.901402e-08	-3.302305e+01	-1.906320e+03
5.100000e-07	-4.495085e-06	-2.867548e-08	-3.213286e+01	-1.884077e+03
5.200000e-07	-4.368928e-06	-2.832119e-08	-3.123103e+01	-1.861178e+03
5.300000e-07	-4.241212e-06	-2.795994e-08	-3.031806e+01	-1.837584e+03
5.400000e-07	-4.111905e-06	-2.758554e-08	-2.939372e+01	-1.813240e+03
5.500000e-07	-3.981018e-06	-2.720034e-08	-2.845808e+01	-1.788088e+03
5.600000e-07	-3.848645e-06	-2.680742e-08	-2.751182e+01	-1.762078e+03
5.700000e-07	-3.714848e-06	-2.640147e-08	-2.655538e+01	-1.735173e+03
5.800000e-07	-3.579562e-06	-2.597756e-08	-2.558829e+01	-1.707358e+03
5.900000e-07	-3.442849e-06	-2.553647e-08	-2.461101e+01	-1.678630e+03
6.000000e-07	-3.304873e-06	-2.508672e-08	-2.362470e+01	-1.649001e+03
6.100000e-07	-3.165581e-06	-2.462226e-08	-2.262897e+01	-1.618477e+03
6.200000e-07	-3.024897e-06	-2.414311e-08	-2.162331e+01	-1.587052e+03
6.300000e-07	-2.882928e-06	-2.365217e-08	-2.060845e+01	-1.554701e+03
6.400000e-07	-2.739819e-06	-2.314979e-08	-1.958544e+01	-1.521373e+03
6.500000e-07	-2.595711e-06	-2.262954e-08	-1.855529e+01	-1.486996e+03
6.600000e-07	-2.450756e-06	-2.208668e-08	-1.751909e+01	-1.451491e+03
6.700000e-07	-2.305002e-06	-2.152202e-08	-1.647718e+01	-1.414782e+03
6.800000e-07	-2.158476e-06	-2.093695e-08	-1.542974e+01	-1.376808e+03
6.900000e-07	-2.011194e-06	-2.033627e-08	-1.437691e+01	-1.337534e+03
7.000000e-07	-1.863184e-06	-1.971993e-08	-1.331887e+01	-1.296949e+03
7.100000e-07	-1.714650e-06	-1.908904e-08	-1.225708e+01	-1.255060e+03
7.200000e-07	-1.565675e-06	-1.843678e-08	-1.119214e+01	-1.211878e+03
7.300000e-07	-1.416221e-06	-1.776089e-08	-1.012378e+01	-1.167400e+03
7.400000e-07	-1.266243e-06	-1.706198e-08	-9.051667e+00	-1.121599e+03
7.500000e-07	-1.115740e-06	-1.634114e-08	-7.975803e+00	-1.074416e+03
7.600000e-07	-9.648506e-07	-1.559921e-08	-6.897180e+00	-1.025766e+03
7.700000e-07	-8.136577e-07	-1.482994e-08	-5.816385e+00	-9.755515e+02
7.800000e-07	-6.621802e-07	-1.403337e-08	-4.733558e+00	-9.236846e+02
7.900000e-07	-5.104299e-07	-1.321329e-08	-3.648779e+00	-8.701065e+02
8.000000e-07	-3.585179e-07	-1.237490e-08	-2.562845e+00	-8.148026e+02
8.100000e-07	-2.064853e-07	-1.151307e-08	-1.476049e+00	-7.578019e+02
8.200000e-07	-5.431939e-08	-1.062416e-08	-3.882990e-01	-6.991587e+02
8.300000e-07	9.789925e-08	-9.708846e-09	6.998272e-01	-6.389172e+02
8.400000e-07	2.500804e-07	-8.766072e-09	1.787686e+00	-5.770647e+02
8.500000e-07	4.021503e-07	-7.794540e-09	2.874749e+00	-5.134848e+02
8.600000e-07	5.541122e-07	-6.791456e-09	3.961040e+00	-4.479213e+02
8.700000e-07	7.059359e-07	-5.752896e-09	5.046343e+00	-3.799675e+02
8.800000e-07	8.575513e-07	-4.668904e-09	6.130157e+00	-3.090880e+02
8.900000e-07	1.008905e-06	-3.529979e-09	7.212098e+00	-2.346766e+02
9.000000e-07	1.159937e-06	-2.331511e-09	8.291745e+00	-1.561453e+02
9.100000e-07	1.310542e-06	-1.070980e-09	9.368334e+00	-7.303131e+01
9.200000e-07	1.460640e-06	2.611424e-10	1.044130e+01	1.489442e+01
9.300000e-07	1.610162e-06	1.667653e-09	1.151015e+01	1.075380e+02
9.400000e-07	1.759097e-06	3.142384e-09	1.257480e+01	2.044305e+02
9.500000e-07	1.907448e-06	4.674309e-09	1.363528e+01	3.047251e+02
9.600000e-07	2.055146e-06	6.242448e-09	1.469110e+01	4.072479e+02
9.700000e-07	2.202160e-06	7.822155e-09	1.574202e+01	5.105957e+02
9.800000e-07	2.348352e-06	9.385926e-09	1.678706e+01	6.132668e+02
9.900000e-07	2.493631e-06	1.091244e-08	1.782558e+01	7.138045e+02
1.000000e-06	2.637990e-06	1.238267e-08	1.885752e+01	8.109301e+02
1.010000e-06	2.781328e-06	1.378359e-08	1.988216e+01	9.036455e+02
1.020000e-06	2.923572e-06	1.510966e-08	2.089899e+01	9.912919e+02
1.030000e-06	3.064644e-06	1.635648e-08	2.190744e+01	1.073558e+03
1.040000e-06	3.204453e-06	1.752370e-08	2.290685e+01	1.150442e+03
1.050000e-06	3.343004e-06	1.861566e-08	2.389728e+01	1.222181e+03
1.060000e-06	3.480222e-06	1.963967e-08	2.487817e+01	1.289163e+03
1.070000e-06	3.616114e-06	2.059714e-08	2.584959e+01	1.351832e+03
1.080000e-06	3.750708e-06	2.149202e-08	2.681172e+01	1.410622e+03
1.090000e-06	3.883963e-06	2.233255e-08	2.776429e+01	1.465903e+03
1.100000e-06	4.015849e-06	2.312357e-08	2.870707e+01	1.517966e+03
1.110000e-06	4.146310e-06	2.386493e-08	2.963966e+01	1.567026e+03
1.120000e-06	4.275283e-06	2.455902e-08	3.056162e+01	1.613248e+03
1.130000e-06	4.402689e-06	2.521317e-08	3.147237e+01	1.656774e+03
1.140000e-06	4.528574e-06	2.583281e-08	3.237225e+01	1.697754e+03
1.150000e-06	4.652953e-06	2.641990e-08	3.326137e+01	1.736356e+03
1.160000e-06	4.775749e-06	2.697581e-08	3.413917e+01	1.772772e+03
1.170000e-06	4.896837e-06	2.750270e-08	3.500476e+01	1.807207e+03
1.180000e-06	5.016168e-06	2.799972e-08	3.585779e+01	1.839860e+03
1.190000e-06	5.133739e-06	2.847088e-08	3.669824e+01	1.870906e+03
1.200000e-06	5.249371e-06	2.891844e-08	3.752483e+01	1.900482e+03
1.210000e-06	5.362834e-06	2.934336e-08	3.833591e+01	1.928683e+03
1.220000e-06	5.474199e-06	2.974889e-08	3.913200e+01	1.955566e+03
1.230000e-06	5.583687e-06	3.013616e-08	3.991467e+01	1.981166e+03
1.240000e-06	5.691290e-06	3.050533e-08	4.068387e+01	2.005510e+03
1.250000e-06	5.796791e-06	3.085469e-08	4.143803e+01	2.028635e+03
1.260000e-06	5.900076e-06	3.118884e-08	4.217635e+01	2.050595e+03
1.270000e-06	6.001233e-06	3.151051e-08	4.289947e+01	2.071466e+03
1.280000e-06	6.100229e-06	3.181671e-08	4.360714e+01	2.091336e+03
1.290000e-06	6.196888e-06	3.210753e-08	4.429810e+01	2.110297e+03
1.300000e-06	6.291261e-06	3.238425e-08	4.497272e+01	2.128429e+03
1.310000e-06	6.383466e-06	3.264775e-08	4.563184e+01	2.145792e+03
1.320000e-06	6.473385e-06	3.289664e-08	4.627462e+01	2.162419e+03
1.330000e-06	6.560963e-06	3.313330e-08	4.690067e+01	2.178319e+03
1.340000e-06	6.646253e-06	3.336103e-08	4.751036e+01	2.193487e+03
1.350000e-06	6.729209e-06	3.357964e-08	4.810337e+01	2.207914e+03
1.360000e-06	6.809714e-06	3.378924e-08	4.867886e+01	2.221600e+03
1.370000e-06	6.887679e-06	3.398895e-08	4.923618e+01	2.234562e+03
1.380000e-06	6.963055e-06	3.417908e-08	4.977500e+01	2.246838e+03
1.390000e-06	7.035800e-06	3.435897e-08	5.029502e+01	2.258476e+03
1.400000e-06	7.106037e-06	3.452836e-08	5.079710e+01	2.269531e+03
1.410000e-06	7.173856e-06	3.468920e-08	5.128190e+01	2.280051e+03
1.420000e-06	7.239057e-06	3.484214e-08	5.174799e+01	2.290068e+03
1.430000e-06	7.301617e-06	3.498839e-08	5.219519e+01	2.299588e+03
1.440000e-06	7.361788e-06	3.512750e-08	5.262532e+01	2.308599e+03
1.450000e-06	7.419442e-06	3.525853e-08	5.303746e+01	2.317073e+03
1.460000e-06	7.474366e-06	3.538123e-08	5.343008e+01	2.324980e+03
1.470000e-06	7.526416e-06	3.549458e-08	5.380215e+01	2.332299e+03
1.480000e-06	7.575312e-06	3.559932e-08	5.415169e+01	2.339027e+03
1.490000e-06	7.621287e-06	3.569457e-08	5.448034e+01	2.345185e+03
1.500000e-06	7.664715e-06	3.578163e-08	5.479078e+01	2.350816e+03
1.510000e-06	7.705375e-06	3.586279e-08	5.508144e+01	2.355976e+03
1.520000e-06	7.743218e-06	3.593732e-08	5.535196e+01	2.360719e+03
1.530000e-06	7.778472e-06	3.600407e-08	5.560397e+01	2.365091e+03
1.540000e-06	7.810963e-06	3.606297e-08	5.583623e+01	2.369112e+03
1.550000e-06	7.840656e-06	3.611670e-08	5.604848e+01	2.372780e+03
1.560000e-06	7.867584e-06	3.616647e-08	5.624098e+01	2.376070e+03
1.570000e-06	7.891578e-06	3.621160e-08	5.641249e+01	2.378942e+03
1.580000e-06	7.912783e-06	3.625084e-08	5.656408e+01	2.381360e+03
1.590000e-06	7.931283e-06	3.628293e-08	5.669632e+01	2.383297e+03
1.600000e-06	7.946844e-06	3.630603e-08	5.680756e+01	2.384750e+03
1.610000e-06	7.959313e-06	3.632050e-08	5.689670e+01	2.385744e+03
1.620000e-06	7.968643e-06	3.633077e-08	5.696339e+01	2.386324e+03
1.630000e-06	7.975059e-06	3.633641e-08	5.700926e+01	2.386549e+03
1.640000e-06	7.978748e-06	3.633777e-08	5.703562e+01	2.386477e+03
1.650000e-06	7.979570e-06	3.633693e-08	5.704150e+01	2.386152e+03
1.660000e-06	7.977633e-06	3.632612e-08	5.702766e+01	2.385590e+03
1.670000e-06	7.973105e-06	3.631117e-08	5.699528e+01	2.384781e+03
1.680000e-06	7.965894e-06	3.629287e-08	5.694374e+01	2.383689e+03
1.690000e-06	7.956055e-06	3.626935e-08	5.687341e+01	2.382263e+03
1.700000e-06	7.943445e-06	3.624271e-08	5.678326e+01	2.380451e+03
1.710000e-06	7.928003e-06	3.621727e-08	5.667288e+01	2.378220e+03
1.720000e-06	7.910126e-06	3.619598e-08	5.654509e+01	2.375564e+03
1.730000e-06	7.889948e-06	3.612875e-08	5.640084e+01	2.372512e+03
1.740000e-06	7.866892e-06	3.602003e-08	5.623603e+01	2.369127e+03
1.750000e-06	7.840259e-06	3.598417e-08	5.604565e+01	2.365495e+03
1.760000e-06	7.810025e-06	3.595743e-08	5.582952e+01	2.361709e+03
1.770000e-06	7.776867e-06	3.590112e-08	5.559249e+01	2.357849e+03
1.780000e-06	7.741475e-06	3.588542e-08	5.533950e+01	2.353965e+03
1.790000e-06	7.703937e-06	3.587266e-08	5.507116e+01	2.350062e+03
1.800000e-06	7.664279e-06	3.570620e-08	5.478766e+01	2.346101e+03
1.810000e-06	7.622339e-06	3.565944e-08	5.448786e+01	2.342000e+03
1.820000e-06	7.577841e-06	3.565880e-08	5.416976e+01	2.337644e+03
1.830000e-06	7.530725e-06	3.555759e-08	5.383296e+01	2.332911e+03
1.840000e-06	7.480692e-06	3.561222e-08	5.347530e+01	2.327684e+03
1.850000e-06	7.427689e-06	3.552060e-08	5.309641e+01	2.321877e+03
1.860000e-06	7.371811e-06	3.542159e-08	5.269697e+01	2.315438e+03
1.870000e-06	7.313257e-06	3.529186e-08	5.227840e+01	2.308363e+03
1.880000e-06	7.252207e-06	3.510090e-08	5.184199e+01	2.300686e+03
1.890000e-06	7.188286e-06	3.504800e-08	5.138505e+01	2.292467e+03
1.900000e-06	7.121485e-06	3.489036e-08	5.090753e+01	2.283780e+03
1.910000e-06	7.051970e-06	3.477374e-08	5.041061e+01	2.274696e+03
1.920000e-06	6.979753e-06	3.464216e-08	4.989436e+01	2.265263e+03
1.930000e-06	6.904859e-06	3.448008e-08	4.935899e+01	2.255504e+03
1.940000e-06	6.827222e-06	3.432774e-08	4.880401e+01	2.245412e+03
1.950000e-06	6.746927e-06	3.412740e-08	4.823002e+01	2.234954e+03
1.960000e-06	6.664094e-06	3.400781e-08	4.763790e+01	2.224082e+03
1.970000e-06	6.578806e-06	3.381829e-08	4.702822e+01	2.212745e+03
1.980000e-06	6.491090e-06	3.364163e-08	4.640119e+01	2.200902e+03
1.990000e-06	6.401086e-06	3.346968e-08	4.575780e+01	2.188528e+03
2.000000e-06	6.308858e-06	3.326825e-08	4.509851e+01	2.175618e+03
2.010000e-06	6.214343e-06	3.305128e-08	4.442288e+01	2.162186e+03
2.020000e-06	6.117606e-06	3.281366e-08	4.373136e+01	2.148257e+03
2.030000e-06	6.018743e-06	3.261552e-08	4.302464e+01	2.133856e+03
2.040000e-06	5.917764e-06	3.239400e-08	4.230280e+01	2.118997e+03
2.050000e-06	5.814662e-06	3.217663e-08	4.156578e+01	2.103680e+03
2.060000e-06	5.709532e-06	3.193397e-08	4.081426e+01	2.087885e+03
2.070000e-06	5.602461e-06	3.167961e-08	4.004887e+01	2.071575e+03
2.080000e-06	5.493427e-06	3.140500e-08	3.926945e+01	2.054703e+03
2.090000e-06	5.382356e-06	3.112897e-08	3.847546e+01	2.037223e+03
2.100000e-06	5.269297e-06	3.086748e-08	3.766727e+01	2.019096e+03
2.110000e-06	5.154250e-06	3.059422e-08	3.684486e+01	2.000300e+03
2.120000e-06	5.037199e-06	3.030629e-08	3.600813e+01	1.980832e+03
2.130000e-06	4.918247e-06	2.999270e-08	3.515781e+01	1.960699e+03
2.140000e-06	4.797426e-06	2.966856e-08	3.429413e+01	1.939921e+03
2.150000e-06	4.674822e-06	2.933422e-08	3.341770e+01	1.918510e+03
2.160000e-06	4.550501e-06	2.899933e-08	3.252900e+01	1.896470e+03
2.170000e-06	4.424530e-06	2.865582e-08	3.162850e+01	1.873785e+03
2.180000e-06	4.296943e-06	2.830614e-08	3.071645e+01	1.850419e+03
2.190000e-06	4.167806e-06	2.793941e-08	2.979332e+01	1.826321e+03
2.200000e-06	4.037163e-06	2.755581e-08	2.885943e+01	1.801434e+03
2.210000e-06	3.904954e-06	2.715371e-08	2.791434e+01	1.775704e+03
2.220000e-06	3.771296e-06	2.674305e-08	2.695889e+01	1.749089e+03
2.230000e-06	3.636273e-06	2.632557e-08	2.599369e+01	1.721565e+03
2.240000e-06	3.499909e-06	2.589560e-08	2.501890e+01	1.693129e+03
2.250000e-06	3.362296e-06	2.545180e-08	2.403518e+01	1.663788e+03
2.260000e-06	3.223407e-06	2.499189e-08	2.304234e+01	1.633550e+03
2.270000e-06	3.083207e-06	2.451710e-08	2.204013e+01	1.602416e+03
2.280000e-06	2.941767e-06	2.402456e-08	2.102905e+01	1.570366e+03
2.290000e-06	2.799175e-06	2.351786e-08	2.000974e+01	1.537358e+03
2.300000e-06	2.655522e-06	2.299264e-08	1.898285e+01	1.503326e+03
2.310000e-06	2.510945e-06	2.245281e-08	1.794935e+01	1.468191e+03
2.320000e-06	2.365552e-06	2.189684e-08	1.691001e+01	1.431875e+03
2.330000e-06	2.219344e-06	2.132485e-08	1.586486e+01	1.394312e+03
2.340000e-06	2.072394e-06	2.073551e-08	1.481439e+01	1.355457e+03
2.350000e-06	1.924775e-06	2.012518e-08	1.375914e+01	1.315293e+03
2.360000e-06	1.776484e-06	1.949416e-08	1.269910e+01	1.273821e+03
2.370000e-06	1.627599e-06	1.884048e-08	1.163480e+01	1.231053e+03
2.380000e-06	1.478207e-06	1.816902e-08	1.056688e+01	1.186992e+03
2.390000e-06	1.328304e-06	1.747822e-08	9.495305e+00	1.141620e+03
2.400000e-06	1.177939e-06	1.676186e-08	8.420432e+00	1.094888e+03
2.410000e-06	1.027163e-06	1.602053e-08	7.342619e+00	1.046719e+03
2.420000e-06	8.760209e-07	1.525706e-08	6.262186e+00	9.970174e+02
2.430000e-06	7.246163e-07	1.447406e-08	5.179878e+00	9.456889e+02
2.440000e-06	5.730064e-07	1.366671e-08	4.096104e+00	8.926637e+02
2.450000e-06	4.212058e-07	1.283265e-08	3.010966e+00	8.379123e+02
2.460000e-06	2.692152e-07	1.197487e-08	1.924470e+00	7.814508e+02
2.470000e-06	1.170490e-07	1.108928e-08	8.367180e-01	7.233284e+02
2.480000e-06	-3.522360e-08	1.017733e-08	-2.517939e-01	6.635973e+02
2.490000e-06	-1.875197e-07	9.243180e-09	-1.340474e+00	6.022685e+02
2.500000e-06	-3.397467e-07	8.283331e-09	-2.428660e+00	5.392636e+02
2.510000e-06	-4.918398e-07	7.291198e-09	-3.515889e+00	4.743739e+02
2.520000e-06	-6.437568e-07	6.259424e-09	-4.601859e+00	4.072405e+02
2.530000e-06	-7.954940e-07	5.186955e-09	-5.686544e+00	3.373647e+02
2.540000e-06	-9.470222e-07	4.066778e-09	-6.769734e+00	2.641547e+02
2.550000e-06	-1.098238e-06	2.888963e-09	-7.850694e+00	1.870055e+02
2.560000e-06	-1.249005e-06	1.649102e-09	-8.928442e+00	1.054018e+02
2.570000e-06	-1.399190e-06	3.406266e-10	-1.000203e+01	1.902844e+01
2.580000e-06	-1.548840e-06	-1.042786e-09	-1.107179e+01	-7.213222e+01
2.590000e-06	-1.697980e-06	-2.499126e-09	-1.213791e+01	-1.677347e+02
2.600000e-06	-1.846562e-06	-4.016579e-09	-1.320005e+01	-2.670506e+02
2.610000e-06	-1.994493e-06	-5.579055e-09	-1.425752e+01	-3.690026e+02
2.620000e-06	-2.141560e-06	-7.166680e-09	-1.530882e+01	-4.722481e+02
2.630000e-06	-2.287780e-06	-8.751283e-09	-1.635407e+01	-5.753015e+02
2.640000e-06	-2.433267e-06	-1.030542e-08	-1.739407e+01	-6.766763e+02
2.650000e-06	-2.577858e-06	-1.181029e-08	-1.842767e+01	-7.750236e+02
2.660000e-06	-2.721382e-06	-1.324826e-08	-1.945364e+01	-8.692463e+02
2.670000e-06	-2.863823e-06	-1.460915e-08	-2.047187e+01	-9.585733e+02
2.680000e-06	-3.005114e-06	-1.589113e-08	-2.148189e+01	-1.042583e+03
2.690000e-06	-3.145174e-06	-1.709521e-08	-2.248310e+01	-1.121182e+03
2.700000e-06	-3.283980e-06	-1.822014e-08	-2.347534e+01	-1.194539e+03
2.710000e-06	-3.421538e-06	-1.927006e-08	-2.445867e+01	-1.263004e+03
2.720000e-06	-3.557843e-06	-2.025419e-08	-2.543304e+01	-1.327011e+03
2.730000e-06	-3.692842e-06	-2.117733e-08	-2.639807e+01	-1.387004e+03
2.740000e-06	-3.826433e-06	-2.204459e-08	-2.735304e+01	-1.443379e+03
2.750000e-06	-3.958657e-06	-2.285916e-08	-2.829824e+01	-1.496451e+03
2.760000e-06	-4.089558e-06	-2.362270e-08	-2.923397e+01	-1.546457e+03
2.770000e-06	-4.219090e-06	-2.434027e-08	-3.015993e+01	-1.593576e+03
2.780000e-06	-4.347180e-06	-2.501567e-08	-3.107557e+01	-1.637954e+03
2.790000e-06	-4.473699e-06	-2.565223e-08	-3.197998e+01	-1.679736e+03
2.800000e-06	-4.598636e-06	-2.625604e-08	-3.287308e+01	-1.719083e+03
2.810000e-06	-4.721954e-06	-2.682851e-08	-3.375462e+01	-1.756181e+03
2.820000e-06	-4.843649e-06	-2.737076e-08	-3.462455e+01	-1.791232e+03
2.830000e-06	-4.963663e-06	-2.788620e-08	-3.548246e+01	-1.824438e+03
2.840000e-06	-5.081704e-06	-2.837614e-08	-3.632627e+01	-1.855984e+03
2.850000e-06	-5.197630e-06	-2.884055e-08	-3.715496e+01	-1.886021e+03
2.860000e-06	-5.311494e-06	-2.927719e-08	-3.796891e+01	-1.914657e+03
2.870000e-06	-5.423221e-06	-2.968913e-08	-3.876759e+01	-1.941960e+03
2.880000e-06	-5.532854e-06	-3.008199e-08	-3.955129e+01	-1.967971e+03
2.890000e-06	-5.640589e-06	-3.045828e-08	-4.032143e+01	-1.992716e+03
2.900000e-06	-5.746440e-06	-3.081799e-08	-4.107810e+01	-2.016229e+03
2.910000e-06	-5.850213e-06	-3.116039e-08	-4.181991e+01	-2.038557e+03
2.920000e-06	-5.951788e-06	-3.148666e-08	-4.254602e+01	-2.059770e+03
2.930000e-06	-6.051217e-06	-3.179812e-08	-4.325678e+01	-2.079952e+03
2.940000e-06	-6.148554e-06	-3.209586e-08	-4.395259e+01	-2.099197e+03
2.950000e-06	-6.243667e-06	-3.237986e-08	-4.463250e+01	-2.117589e+03
2.960000e-06	-6.336415e-06	-3.264976e-08	-4.529551e+01	-2.135195e+03
2.970000e-06	-6.426924e-06	-3.290535e-08	-4.594250e+01	-2.152058e+03
2.980000e-06	-6.515196e-06	-3.314876e-08	-4.657351e+01	-2.168192e+03
2.990000e-06	-6.601070e-06	-3.338214e-08	-4.718738e+01	-2.183597e+03
3.000000e-06	-6.684519e-06	-3.360726e-08	-4.778390e+01	-2.198264e+03
3.010000e-06	-6.765661e-06	-3.382187e-08	-4.836394e+01	-2.212188e+03
3.020000e-06	-6.844322e-06	-3.402244e-08	-4.892625e+01	-2.225381e+03
3.030000e-06	-6.920240e-06	-3.421335e-08	-4.946894e+01	-2.237874e+03
3.040000e-06	-6.993612e-06	-3.439888e-08	-4.999344e+01	-2.249711e+03
3.050000e-06	-7.064473e-06	-3.457580e-08	-5.049998e+01	-2.260949e+03
3.060000e-06	-7.132731e-06	-3.473871e-08	-5.098792e+01	-2.271638e+03
3.070000e-06	-7.198549e-06	-3.489051e-08	-5.145842e+01	-2.281815e+03
3.080000e-06	-7.261885e-06	-3.503471e-08	-5.191117e+01	-2.291497e+03
3.090000e-06	-7.322572e-06	-3.517033e-08	-5.234499e+01	-2.300675e+03
3.100000e-06	-7.380664e-06	-3.529787e-08	-5.276026e+01	-2.309326e+03
3.110000e-06	-7.436173e-06	-3.541730e-08	-5.315706e+01	-2.317419e+03
3.120000e-06	-7.488824e-06	-3.553117e-08	-5.353343e+01	-2.324929e+03
3.130000e-06	-7.538348e-06	-3.563695e-08	-5.388745e+01	-2.331847e+03
3.140000e-06	-7.584915e-06	-3.573378e-08	-5.422033e+01	-2.338185e+03
3.150000e-06	-7.628973e-06	-3.582399e-08	-5.453528e+01	-2.343981e+03
3.160000e-06	-7.670560e-06	-3.590674e-08	-5.483256e+01	-2.349287e+03
3.170000e-06	-7.709455e-06	-3.598048e-08	-5.511060e+01	-2.354160e+03
3.180000e-06	-7.745638e-06	-3.604546e-08	-5.536925e+01	-2.358648e+03
3.190000e-06	-7.779121e-06	-3.610904e-08	-5.560860e+01	-2.362782e+03
3.200000e-06	-7.809695e-06	-3.616790e-08	-5.582716e+01	-2.366567e+03
3.210000e-06	-7.837372e-06	-3.621913e-08	-5.602501e+01	-2.369983e+03
3.220000e-06	-7.862346e-06	-3.626286e-08	-5.620354e+01	-2.372995e+03
3.230000e-06	-7.884516e-06	-3.629835e-08	-5.636201e+01	-2.375563e+03
3.240000e-06	-7.903866e-06	-3.632723e-08	-5.650034e+01	-2.377657e+03
3.250000e-06	-7.920365e-06	-3.635114e-08	-5.661828e+01	-2.379265e+03
3.260000e-06	-7.933746e-06	-3.637080e-08	-5.671393e+01	-2.380404e+03
3.270000e-06	-7.944049e-06	-3.638367e-08	-5.678758e+01	-2.381112e+03
3.280000e-06	-7.951464e-06	-3.638813e-08	-5.684059e+01	-2.381445e+03
3.290000e-06	-7.956022e-06	-3.638643e-08	-5.687317e+01	-2.381464e+03
3.300000e-06	-7.957805e-06	-3.638024e-08	-5.688591e+01	-2.381218e+03
