# Temperatura_=_34.52
# Concentracion g/m^3_=_26700.0
# C_Vs_to_Am_M_A/Vsm_=_65563218390.804596
# pendiente_HvsI_1/m_=_3716.3
# ordenada_HvsI_A/m_=_1297.0
# frecuencia_Hz_=_302448.9772161361

Tiempo_(s)	Campo_(V.s)	Magnetizacion_(V.s)	Campo_(kA/m)	Magnetizacion_(A/m)
0.000000e+00	-7.910701e-06	-3.594601e-08	-5.688487e+01	-2.352233e+03
1.000000e-08	-7.908298e-06	-3.593787e-08	-5.686759e+01	-2.351600e+03
2.000000e-08	-7.903245e-06	-3.592071e-08	-5.683125e+01	-2.350707e+03
3.000000e-08	-7.895651e-06	-3.589593e-08	-5.677665e+01	-2.349524e+03
4.000000e-08	-7.885283e-06	-3.586903e-08	-5.670209e+01	-2.348004e+03
5.000000e-08	-7.871950e-06	-3.583886e-08	-5.660622e+01	-2.346103e+03
6.000000e-08	-7.855754e-06	-3.580269e-08	-5.648975e+01	-2.343790e+03
7.000000e-08	-7.837139e-06	-3.575786e-08	-5.635589e+01	-2.341063e+03
8.000000e-08	-7.816217e-06	-3.570854e-08	-5.620544e+01	-2.337950e+03
9.000000e-08	-7.792576e-06	-3.570242e-08	-5.603544e+01	-2.334512e+03
1.000000e-07	-7.765861e-06	-3.567436e-08	-5.584334e+01	-2.330829e+03
1.100000e-07	-7.736137e-06	-3.558054e-08	-5.562960e+01	-2.326990e+03
1.200000e-07	-7.703536e-06	-3.548589e-08	-5.539517e+01	-2.323067e+03
1.300000e-07	-7.668189e-06	-3.540217e-08	-5.514100e+01	-2.319107e+03
1.400000e-07	-7.630555e-06	-3.530469e-08	-5.487037e+01	-2.315113e+03
1.500000e-07	-7.590813e-06	-3.522619e-08	-5.458459e+01	-2.311047e+03
1.600000e-07	-7.548585e-06	-3.523535e-08	-5.428093e+01	-2.306829e+03
1.700000e-07	-7.503676e-06	-3.514089e-08	-5.395800e+01	-2.302350e+03
1.800000e-07	-7.456160e-06	-3.501204e-08	-5.361632e+01	-2.297493e+03
1.900000e-07	-7.405717e-06	-3.495165e-08	-5.325359e+01	-2.292148e+03
2.000000e-07	-7.352257e-06	-3.478929e-08	-5.286917e+01	-2.286229e+03
2.100000e-07	-7.296032e-06	-3.466445e-08	-5.246486e+01	-2.279686e+03
2.200000e-07	-7.237134e-06	-3.457484e-08	-5.204133e+01	-2.272507e+03
2.300000e-07	-7.175686e-06	-3.448044e-08	-5.159947e+01	-2.264720e+03
2.400000e-07	-7.111570e-06	-3.438681e-08	-5.113842e+01	-2.256376e+03
2.500000e-07	-7.044721e-06	-3.422289e-08	-5.065772e+01	-2.247542e+03
2.600000e-07	-6.975280e-06	-3.407627e-08	-5.015837e+01	-2.238284e+03
2.700000e-07	-6.903124e-06	-3.392245e-08	-4.963951e+01	-2.228655e+03
2.800000e-07	-6.828187e-06	-3.376195e-08	-4.910065e+01	-2.218685e+03
2.900000e-07	-6.750536e-06	-3.360564e-08	-4.854226e+01	-2.208381e+03
3.000000e-07	-6.670151e-06	-3.346438e-08	-4.796423e+01	-2.197725e+03
3.100000e-07	-6.587313e-06	-3.331272e-08	-4.736855e+01	-2.186683e+03
3.200000e-07	-6.502333e-06	-3.310550e-08	-4.675747e+01	-2.175212e+03
3.300000e-07	-6.415070e-06	-3.292715e-08	-4.612997e+01	-2.163271e+03
3.400000e-07	-6.325415e-06	-3.273396e-08	-4.548528e+01	-2.150826e+03
3.500000e-07	-6.233517e-06	-3.252496e-08	-4.482445e+01	-2.137859e+03
3.600000e-07	-6.139446e-06	-3.232291e-08	-4.414799e+01	-2.124363e+03
3.700000e-07	-6.043145e-06	-3.212218e-08	-4.345551e+01	-2.110343e+03
3.800000e-07	-5.944562e-06	-3.191182e-08	-4.274660e+01	-2.095811e+03
3.900000e-07	-5.843876e-06	-3.167204e-08	-4.202259e+01	-2.080779e+03
4.000000e-07	-5.741221e-06	-3.142474e-08	-4.128441e+01	-2.065253e+03
4.100000e-07	-5.636499e-06	-3.116396e-08	-4.053137e+01	-2.049227e+03
4.200000e-07	-5.529693e-06	-3.091296e-08	-3.976334e+01	-2.032689e+03
4.300000e-07	-5.420917e-06	-3.066243e-08	-3.898114e+01	-2.015613e+03
4.400000e-07	-5.310197e-06	-3.040852e-08	-3.818497e+01	-1.997970e+03
4.500000e-07	-5.197489e-06	-3.013564e-08	-3.737450e+01	-1.979728e+03
4.600000e-07	-5.082798e-06	-2.983772e-08	-3.654977e+01	-1.960860e+03
4.700000e-07	-4.966148e-06	-2.952524e-08	-3.571095e+01	-1.941345e+03
4.800000e-07	-4.847715e-06	-2.921035e-08	-3.485931e+01	-1.921170e+03
4.900000e-07	-4.727558e-06	-2.890585e-08	-3.399528e+01	-1.900330e+03
5.000000e-07	-4.605689e-06	-2.859167e-08	-3.311894e+01	-1.878820e+03
5.100000e-07	-4.482071e-06	-2.825403e-08	-3.223001e+01	-1.856636e+03
5.200000e-07	-4.356808e-06	-2.789717e-08	-3.132926e+01	-1.833767e+03
5.300000e-07	-4.230051e-06	-2.753602e-08	-3.041777e+01	-1.810195e+03
5.400000e-07	-4.101719e-06	-2.716116e-08	-2.949495e+01	-1.785894e+03
5.500000e-07	-3.971886e-06	-2.677430e-08	-2.856134e+01	-1.760831e+03
5.600000e-07	-3.840490e-06	-2.638450e-08	-2.761648e+01	-1.734971e+03
5.700000e-07	-3.707553e-06	-2.598654e-08	-2.666056e+01	-1.708282e+03
5.800000e-07	-3.573273e-06	-2.556731e-08	-2.569496e+01	-1.680737e+03
5.900000e-07	-3.437641e-06	-2.513086e-08	-2.471965e+01	-1.652319e+03
6.000000e-07	-3.300645e-06	-2.468682e-08	-2.373453e+01	-1.623015e+03
6.100000e-07	-3.162432e-06	-2.422318e-08	-2.274066e+01	-1.592814e+03
6.200000e-07	-3.022938e-06	-2.374069e-08	-2.173757e+01	-1.561704e+03
6.300000e-07	-2.882106e-06	-2.325122e-08	-2.072486e+01	-1.529666e+03
6.400000e-07	-2.740060e-06	-2.275644e-08	-1.970343e+01	-1.496666e+03
6.500000e-07	-2.596948e-06	-2.224248e-08	-1.867433e+01	-1.462660e+03
6.600000e-07	-2.452936e-06	-2.170819e-08	-1.763876e+01	-1.427595e+03
6.700000e-07	-2.308026e-06	-2.115366e-08	-1.659673e+01	-1.391411e+03
6.800000e-07	-2.162275e-06	-2.057769e-08	-1.554865e+01	-1.354057e+03
6.900000e-07	-2.015857e-06	-1.998704e-08	-1.449578e+01	-1.315490e+03
7.000000e-07	-1.868804e-06	-1.938554e-08	-1.343834e+01	-1.275683e+03
7.100000e-07	-1.721138e-06	-1.876897e-08	-1.237649e+01	-1.234624e+03
7.200000e-07	-1.572989e-06	-1.812755e-08	-1.131117e+01	-1.192312e+03
7.300000e-07	-1.424404e-06	-1.746391e-08	-1.024271e+01	-1.148748e+03
7.400000e-07	-1.275341e-06	-1.678083e-08	-9.170817e+00	-1.103928e+03
7.500000e-07	-1.125747e-06	-1.607631e-08	-8.095105e+00	-1.057834e+03
7.600000e-07	-9.757130e-07	-1.534986e-08	-7.016231e+00	-1.010433e+03
7.700000e-07	-8.254013e-07	-1.460435e-08	-5.935358e+00	-9.616789e+02
7.800000e-07	-6.748992e-07	-1.383809e-08	-4.853116e+00	-9.115199e+02
7.900000e-07	-5.241922e-07	-1.305008e-08	-3.769401e+00	-8.599131e+02
8.000000e-07	-3.732508e-07	-1.224616e-08	-2.684000e+00	-8.068332e+02
8.100000e-07	-2.221728e-07	-1.142213e-08	-1.597617e+00	-7.522778e+02
8.200000e-07	-7.105115e-08	-1.057095e-08	-5.109200e-01	-6.962627e+02
8.300000e-07	8.015010e-08	-9.694462e-09	5.763494e-01	-6.388056e+02
8.400000e-07	2.313540e-07	-8.797980e-09	1.663638e+00	-5.798995e+02
8.500000e-07	3.824849e-07	-7.878241e-09	2.750401e+00	-5.194806e+02
8.600000e-07	5.335297e-07	-6.930480e-09	3.836546e+00	-4.573972e+02
8.700000e-07	6.844212e-07	-5.953721e-09	4.921588e+00	-3.933903e+02
8.800000e-07	8.351103e-07	-4.940846e-09	6.005174e+00	-3.270921e+02
8.900000e-07	9.855896e-07	-3.883905e-09	7.087252e+00	-2.580505e+02
9.000000e-07	1.135821e-06	-2.779885e-09	8.167550e+00	-1.857785e+02
9.100000e-07	1.285650e-06	-1.625737e-09	9.244948e+00	-1.098255e+02
9.200000e-07	1.434993e-06	-4.121957e-10	1.031886e+01	-2.986055e+01
9.300000e-07	1.583764e-06	8.654104e-10	1.138865e+01	5.424562e+01
9.400000e-07	1.731901e-06	2.205094e-09	1.245388e+01	1.423553e+02
9.500000e-07	1.879503e-06	3.603527e-09	1.351527e+01	2.340279e+02
9.600000e-07	2.026458e-06	5.049397e-09	1.457201e+01	3.285220e+02
9.700000e-07	2.172688e-06	6.521574e-09	1.562353e+01	4.248390e+02
9.800000e-07	2.318162e-06	7.999566e-09	1.666961e+01	5.218025e+02
9.900000e-07	2.462691e-06	9.467160e-09	1.770891e+01	6.181618e+02
1.000000e-06	2.606215e-06	1.090333e-08	1.874097e+01	7.127053e+02
1.010000e-06	2.748750e-06	1.229040e-08	1.976592e+01	8.043645e+02
1.020000e-06	2.890218e-06	1.361972e-08	2.078320e+01	8.922947e+02
1.030000e-06	3.030502e-06	1.488833e-08	2.179196e+01	9.759210e+02
1.040000e-06	3.169572e-06	1.608943e-08	2.279200e+01	1.054945e+03
1.050000e-06	3.307434e-06	1.721959e-08	2.378334e+01	1.129318e+03
1.060000e-06	3.443966e-06	1.828372e-08	2.476513e+01	1.199183e+03
1.070000e-06	3.579204e-06	1.928366e-08	2.573761e+01	1.264809e+03
1.080000e-06	3.713253e-06	2.022044e-08	2.670154e+01	1.326522e+03
1.090000e-06	3.845921e-06	2.110144e-08	2.765554e+01	1.384645e+03
1.100000e-06	3.977108e-06	2.193526e-08	2.859889e+01	1.439464e+03
1.110000e-06	4.106909e-06	2.272229e-08	2.953227e+01	1.491211e+03
1.120000e-06	4.235258e-06	2.346047e-08	3.045521e+01	1.540067e+03
1.130000e-06	4.362095e-06	2.415462e-08	3.136728e+01	1.586180e+03
1.140000e-06	4.487468e-06	2.481205e-08	3.226882e+01	1.629685e+03
1.150000e-06	4.611285e-06	2.543372e-08	3.315918e+01	1.670725e+03
1.160000e-06	4.733501e-06	2.601971e-08	3.403802e+01	1.709459e+03
1.170000e-06	4.854023e-06	2.657602e-08	3.490468e+01	1.746062e+03
1.180000e-06	4.972759e-06	2.710336e-08	3.575849e+01	1.780717e+03
1.190000e-06	5.089673e-06	2.760316e-08	3.659921e+01	1.813600e+03
1.200000e-06	5.204739e-06	2.807908e-08	3.742663e+01	1.844867e+03
1.210000e-06	5.317816e-06	2.853162e-08	3.823975e+01	1.874641e+03
1.220000e-06	5.428858e-06	2.896095e-08	3.903824e+01	1.903014e+03
1.230000e-06	5.537970e-06	2.936812e-08	3.982286e+01	1.930045e+03
1.240000e-06	5.645088e-06	2.975647e-08	4.059313e+01	1.955779e+03
1.250000e-06	5.750139e-06	3.012675e-08	4.134853e+01	1.980256e+03
1.260000e-06	5.853078e-06	3.047956e-08	4.208876e+01	2.003520e+03
1.270000e-06	5.953911e-06	3.081740e-08	4.281383e+01	2.025631e+03
1.280000e-06	6.052574e-06	3.113876e-08	4.352331e+01	2.046663e+03
1.290000e-06	6.148950e-06	3.144452e-08	4.421634e+01	2.066696e+03
1.300000e-06	6.243030e-06	3.173933e-08	4.489285e+01	2.085811e+03
1.310000e-06	6.334881e-06	3.202060e-08	4.555334e+01	2.104076e+03
1.320000e-06	6.424504e-06	3.228436e-08	4.619781e+01	2.121539e+03
1.330000e-06	6.511857e-06	3.253367e-08	4.682595e+01	2.138228e+03
1.340000e-06	6.596938e-06	3.277283e-08	4.743776e+01	2.154153e+03
1.350000e-06	6.679752e-06	3.300094e-08	4.803326e+01	2.169316e+03
1.360000e-06	6.760170e-06	3.321804e-08	4.861154e+01	2.183718e+03
1.370000e-06	6.838014e-06	3.342783e-08	4.917131e+01	2.197369e+03
1.380000e-06	6.913268e-06	3.362882e-08	4.971245e+01	2.210296e+03
1.390000e-06	6.985886e-06	3.381499e-08	5.023464e+01	2.222538e+03
1.400000e-06	7.055973e-06	3.398817e-08	5.073862e+01	2.234144e+03
1.410000e-06	7.123679e-06	3.415508e-08	5.122549e+01	2.245164e+03
1.420000e-06	7.188854e-06	3.431680e-08	5.169416e+01	2.255637e+03
1.430000e-06	7.251439e-06	3.446918e-08	5.214419e+01	2.265585e+03
1.440000e-06	7.311535e-06	3.461308e-08	5.257634e+01	2.275010e+03
1.450000e-06	7.369067e-06	3.475128e-08	5.299004e+01	2.283898e+03
1.460000e-06	7.423951e-06	3.488151e-08	5.338471e+01	2.292225e+03
1.470000e-06	7.476021e-06	3.500078e-08	5.375914e+01	2.299970e+03
1.480000e-06	7.525008e-06	3.510995e-08	5.411140e+01	2.307121e+03
1.490000e-06	7.571103e-06	3.520971e-08	5.444286e+01	2.313685e+03
1.500000e-06	7.614547e-06	3.530092e-08	5.475526e+01	2.319692e+03
1.510000e-06	7.655206e-06	3.538608e-08	5.504763e+01	2.325185e+03
1.520000e-06	7.693124e-06	3.546570e-08	5.532030e+01	2.330213e+03
1.530000e-06	7.728411e-06	3.553701e-08	5.557404e+01	2.334822e+03
1.540000e-06	7.760928e-06	3.559989e-08	5.580787e+01	2.339044e+03
1.550000e-06	7.790725e-06	3.565711e-08	5.602213e+01	2.342887e+03
1.560000e-06	7.817860e-06	3.570932e-08	5.621726e+01	2.346340e+03
1.570000e-06	7.842109e-06	3.575603e-08	5.639163e+01	2.349376e+03
1.580000e-06	7.863525e-06	3.579677e-08	5.654563e+01	2.351961e+03
1.590000e-06	7.882192e-06	3.583017e-08	5.667986e+01	2.354067e+03
1.600000e-06	7.897956e-06	3.585481e-08	5.679322e+01	2.355686e+03
1.610000e-06	7.910777e-06	3.587174e-08	5.688541e+01	2.356829e+03
1.620000e-06	7.920554e-06	3.588233e-08	5.695572e+01	2.357534e+03
1.630000e-06	7.927331e-06	3.588749e-08	5.700445e+01	2.357852e+03
1.640000e-06	7.931329e-06	3.588886e-08	5.703320e+01	2.357839e+03
1.650000e-06	7.932483e-06	3.588892e-08	5.704150e+01	2.357542e+03
1.660000e-06	7.930851e-06	3.588203e-08	5.702977e+01	2.356989e+03
1.670000e-06	7.926668e-06	3.586546e-08	5.699969e+01	2.356181e+03
1.680000e-06	7.919806e-06	3.584620e-08	5.695034e+01	2.355094e+03
1.690000e-06	7.910281e-06	3.582331e-08	5.688185e+01	2.353687e+03
1.700000e-06	7.898047e-06	3.579693e-08	5.679387e+01	2.351912e+03
1.710000e-06	7.882997e-06	3.577149e-08	5.668565e+01	2.349732e+03
1.720000e-06	7.865464e-06	3.575020e-08	5.655957e+01	2.347136e+03
1.730000e-06	7.845665e-06	3.570750e-08	5.641720e+01	2.344141e+03
1.740000e-06	7.823125e-06	3.559412e-08	5.625512e+01	2.340798e+03
1.750000e-06	7.797046e-06	3.553091e-08	5.606758e+01	2.337183e+03
1.760000e-06	7.767317e-06	3.551204e-08	5.585381e+01	2.333384e+03
1.770000e-06	7.734606e-06	3.546386e-08	5.561859e+01	2.329481e+03
1.780000e-06	7.699610e-06	3.542618e-08	5.536693e+01	2.325529e+03
1.790000e-06	7.662507e-06	3.540753e-08	5.510013e+01	2.321548e+03
1.800000e-06	7.623323e-06	3.528725e-08	5.481837e+01	2.317511e+03
1.810000e-06	7.581904e-06	3.520021e-08	5.452053e+01	2.313351e+03
1.820000e-06	7.537946e-06	3.520736e-08	5.420443e+01	2.308968e+03
1.830000e-06	7.491393e-06	3.511283e-08	5.386968e+01	2.304244e+03
1.840000e-06	7.442000e-06	3.513772e-08	5.351450e+01	2.299066e+03
1.850000e-06	7.389710e-06	3.508103e-08	5.313849e+01	2.293338e+03
1.860000e-06	7.334571e-06	3.495264e-08	5.274199e+01	2.286998e+03
1.870000e-06	7.276625e-06	3.486056e-08	5.232531e+01	2.280021e+03
1.880000e-06	7.216116e-06	3.464446e-08	5.189020e+01	2.272424e+03
1.890000e-06	7.152837e-06	3.456161e-08	5.143516e+01	2.264251e+03
1.900000e-06	7.086740e-06	3.445529e-08	5.095986e+01	2.255566e+03
1.910000e-06	7.017952e-06	3.432610e-08	5.046522e+01	2.246437e+03
1.920000e-06	6.946394e-06	3.421639e-08	4.995065e+01	2.236921e+03
1.930000e-06	6.872187e-06	3.403758e-08	4.941704e+01	2.227059e+03
1.940000e-06	6.795289e-06	3.388757e-08	4.886408e+01	2.216862e+03
1.950000e-06	6.715740e-06	3.367460e-08	4.829205e+01	2.206321e+03
1.960000e-06	6.633711e-06	3.353212e-08	4.770219e+01	2.195407e+03
1.970000e-06	6.549223e-06	3.337127e-08	4.709465e+01	2.184077e+03
1.980000e-06	6.462303e-06	3.318918e-08	4.646962e+01	2.172290e+03
1.990000e-06	6.373006e-06	3.303203e-08	4.582750e+01	2.160010e+03
2.000000e-06	6.281530e-06	3.281493e-08	4.516970e+01	2.147211e+03
2.010000e-06	6.187894e-06	3.260905e-08	4.449638e+01	2.133884e+03
2.020000e-06	6.092012e-06	3.237448e-08	4.380690e+01	2.120030e+03
2.030000e-06	5.993987e-06	3.217044e-08	4.310202e+01	2.105661e+03
2.040000e-06	5.893887e-06	3.195583e-08	4.238221e+01	2.090788e+03
2.050000e-06	5.791631e-06	3.174369e-08	4.164689e+01	2.075419e+03
2.060000e-06	5.687253e-06	3.151010e-08	4.089633e+01	2.059554e+03
2.070000e-06	5.580912e-06	3.124205e-08	4.013164e+01	2.043182e+03
2.080000e-06	5.472640e-06	3.096814e-08	3.935308e+01	2.026281e+03
2.090000e-06	5.362468e-06	3.068299e-08	3.856084e+01	2.008823e+03
2.100000e-06	5.250367e-06	3.041848e-08	3.775474e+01	1.990775e+03
2.110000e-06	5.136309e-06	3.014650e-08	3.693456e+01	1.972110e+03
2.120000e-06	5.020269e-06	2.987334e-08	3.610013e+01	1.952804e+03
2.130000e-06	4.902257e-06	2.956716e-08	3.525152e+01	1.932842e+03
2.140000e-06	4.782292e-06	2.923881e-08	3.438887e+01	1.912215e+03
2.150000e-06	4.660554e-06	2.890045e-08	3.351346e+01	1.890920e+03
2.160000e-06	4.537198e-06	2.856688e-08	3.262643e+01	1.868952e+03
2.170000e-06	4.412147e-06	2.822709e-08	3.172720e+01	1.846304e+03
2.180000e-06	4.285535e-06	2.787983e-08	3.081675e+01	1.822960e+03
2.190000e-06	4.157361e-06	2.752268e-08	2.989507e+01	1.798895e+03
2.200000e-06	4.027631e-06	2.714061e-08	2.896220e+01	1.774080e+03
2.210000e-06	3.896482e-06	2.673718e-08	2.801912e+01	1.748478e+03
2.220000e-06	3.763826e-06	2.632561e-08	2.706521e+01	1.722058e+03
2.230000e-06	3.629758e-06	2.591293e-08	2.610114e+01	1.694790e+03
2.240000e-06	3.494381e-06	2.548364e-08	2.512766e+01	1.666654e+03
2.250000e-06	3.357613e-06	2.504393e-08	2.414418e+01	1.637634e+03
2.260000e-06	3.219607e-06	2.459385e-08	2.315179e+01	1.607722e+03
2.270000e-06	3.080445e-06	2.412868e-08	2.215109e+01	1.576905e+03
2.280000e-06	2.940062e-06	2.364118e-08	2.114162e+01	1.545167e+03
2.290000e-06	2.798513e-06	2.313958e-08	2.012376e+01	1.512480e+03
2.300000e-06	2.655951e-06	2.262221e-08	1.909861e+01	1.478802e+03
2.310000e-06	2.512388e-06	2.208852e-08	1.806627e+01	1.444082e+03
2.320000e-06	2.367859e-06	2.154179e-08	1.702698e+01	1.408263e+03
2.330000e-06	2.222530e-06	2.098062e-08	1.598193e+01	1.371290e+03
2.340000e-06	2.076478e-06	2.039772e-08	1.493170e+01	1.333116e+03
2.350000e-06	1.929733e-06	1.978839e-08	1.387647e+01	1.293708e+03
2.360000e-06	1.782360e-06	1.916309e-08	1.281673e+01	1.253051e+03
2.370000e-06	1.634439e-06	1.852474e-08	1.175305e+01	1.211141e+03
2.380000e-06	1.485992e-06	1.787068e-08	1.068558e+01	1.167978e+03
2.390000e-06	1.337042e-06	1.719986e-08	9.614500e+00	1.123562e+03
2.400000e-06	1.187524e-06	1.650558e-08	8.539339e+00	1.077880e+03
2.410000e-06	1.037503e-06	1.578315e-08	7.460558e+00	1.030903e+03
2.420000e-06	8.871631e-07	1.503700e-08	6.379480e+00	9.825880e+02
2.430000e-06	7.366247e-07	1.427511e-08	5.296976e+00	9.328849e+02
2.440000e-06	5.859242e-07	1.349617e-08	4.213308e+00	8.817463e+02
2.450000e-06	4.350539e-07	1.269362e-08	3.128418e+00	8.291404e+02
2.460000e-06	2.840720e-07	1.186886e-08	2.042727e+00	7.750572e+02
2.470000e-06	1.329773e-07	1.102255e-08	9.562236e-01	7.195081e+02
2.480000e-06	-1.819907e-08	1.015412e-08	-1.308672e-01	6.625125e+02
2.490000e-06	-1.694092e-07	9.263619e-09	-1.218201e+00	6.040748e+02
2.500000e-06	-3.206185e-07	8.351095e-09	-2.305528e+00	5.441530e+02
2.510000e-06	-4.717446e-07	7.412363e-09	-3.392257e+00	4.826266e+02
2.520000e-06	-6.227398e-07	6.440625e-09	-4.478045e+00	4.192721e+02
2.530000e-06	-7.735716e-07	5.434354e-09	-5.562657e+00	3.537555e+02
2.540000e-06	-9.241843e-07	4.392267e-09	-6.645695e+00	2.856475e+02
2.550000e-06	-1.074518e-06	3.306017e-09	-7.726723e+00	2.144654e+02
2.560000e-06	-1.224421e-06	2.167533e-09	-8.804662e+00	1.397382e+02
2.570000e-06	-1.373803e-06	9.717670e-10	-9.878846e+00	6.108723e+01
2.580000e-06	-1.522656e-06	-2.858579e-10	-1.094923e+01	-2.168989e+01
2.590000e-06	-1.670929e-06	-1.605581e-09	-1.201544e+01	-1.085469e+02
2.600000e-06	-1.818619e-06	-2.983632e-09	-1.307746e+01	-1.991420e+02
2.610000e-06	-1.965741e-06	-4.414267e-09	-1.413540e+01	-2.928280e+02
2.620000e-06	-2.112200e-06	-5.887120e-09	-1.518857e+01	-3.886817e+02
2.630000e-06	-2.257776e-06	-7.378456e-09	-1.623539e+01	-4.855734e+02
2.640000e-06	-2.402335e-06	-8.860365e-09	-1.727489e+01	-5.822641e+02
2.650000e-06	-2.545941e-06	-1.031479e-08	-1.830755e+01	-6.775174e+02
2.660000e-06	-2.688658e-06	-1.172733e-08	-1.933381e+01	-7.702088e+02
2.670000e-06	-2.830340e-06	-1.308558e-08	-2.035263e+01	-8.594147e+02
2.680000e-06	-2.970848e-06	-1.438361e-08	-2.136300e+01	-9.444709e+02
2.690000e-06	-3.110194e-06	-1.561745e-08	-2.236502e+01	-1.024992e+03
2.700000e-06	-3.248336e-06	-1.678168e-08	-2.335838e+01	-1.100852e+03
2.710000e-06	-3.385170e-06	-1.787412e-08	-2.434234e+01	-1.172142e+03
2.720000e-06	-3.520749e-06	-1.890324e-08	-2.531727e+01	-1.239098e+03
2.730000e-06	-3.655123e-06	-1.987429e-08	-2.628354e+01	-1.302033e+03
2.740000e-06	-3.788144e-06	-2.078629e-08	-2.724007e+01	-1.361278e+03
2.750000e-06	-3.919794e-06	-2.164336e-08	-2.818675e+01	-1.417132e+03
2.760000e-06	-4.050126e-06	-2.244930e-08	-2.912395e+01	-1.469845e+03
2.770000e-06	-4.179037e-06	-2.320813e-08	-3.005094e+01	-1.519614e+03
2.780000e-06	-4.306515e-06	-2.392570e-08	-3.096761e+01	-1.566595e+03
2.790000e-06	-4.432536e-06	-2.460391e-08	-3.187382e+01	-1.610924e+03
2.800000e-06	-4.556971e-06	-2.524378e-08	-3.276861e+01	-1.652741e+03
2.810000e-06	-4.679796e-06	-2.584913e-08	-3.365183e+01	-1.692199e+03
2.820000e-06	-4.800921e-06	-2.642477e-08	-3.452283e+01	-1.729468e+03
2.830000e-06	-4.920224e-06	-2.697267e-08	-3.538072e+01	-1.764730e+03
2.840000e-06	-5.037634e-06	-2.749249e-08	-3.622500e+01	-1.798165e+03
2.850000e-06	-5.153030e-06	-2.798307e-08	-3.705480e+01	-1.829937e+03
2.860000e-06	-5.266362e-06	-2.844544e-08	-3.786976e+01	-1.860181e+03
2.870000e-06	-5.377655e-06	-2.888163e-08	-3.867005e+01	-1.888997e+03
2.880000e-06	-5.486977e-06	-2.929454e-08	-3.945617e+01	-1.916455e+03
2.890000e-06	-5.594347e-06	-2.969074e-08	-4.022826e+01	-1.942603e+03
2.900000e-06	-5.699758e-06	-3.007336e-08	-4.098625e+01	-1.967480e+03
2.910000e-06	-5.803193e-06	-3.043923e-08	-4.173004e+01	-1.991129e+03
2.920000e-06	-5.904479e-06	-3.078610e-08	-4.245837e+01	-2.013604e+03
2.930000e-06	-6.003588e-06	-3.111516e-08	-4.317105e+01	-2.034975e+03
2.940000e-06	-6.100633e-06	-3.142825e-08	-4.386889e+01	-2.055322e+03
2.950000e-06	-6.195492e-06	-3.172561e-08	-4.455101e+01	-2.074725e+03
2.960000e-06	-6.288065e-06	-3.200815e-08	-4.521669e+01	-2.093257e+03
2.970000e-06	-6.378359e-06	-3.227630e-08	-4.586599e+01	-2.110974e+03
2.980000e-06	-6.466356e-06	-3.253131e-08	-4.649876e+01	-2.127911e+03
2.990000e-06	-6.552009e-06	-3.277647e-08	-4.711468e+01	-2.144083e+03
3.000000e-06	-6.635304e-06	-3.301332e-08	-4.771364e+01	-2.159492e+03
3.010000e-06	-6.716246e-06	-3.323960e-08	-4.829569e+01	-2.174139e+03
3.020000e-06	-6.794673e-06	-3.345347e-08	-4.885965e+01	-2.188030e+03
3.030000e-06	-6.870474e-06	-3.365586e-08	-4.940472e+01	-2.201187e+03
3.040000e-06	-6.943692e-06	-3.384902e-08	-4.993122e+01	-2.213645e+03
3.050000e-06	-7.014378e-06	-3.403293e-08	-5.043952e+01	-2.225451e+03
3.060000e-06	-7.082580e-06	-3.420538e-08	-5.092995e+01	-2.236655e+03
3.070000e-06	-7.148316e-06	-3.436688e-08	-5.140265e+01	-2.247301e+03
3.080000e-06	-7.211523e-06	-3.451798e-08	-5.185716e+01	-2.257418e+03
3.090000e-06	-7.272133e-06	-3.465960e-08	-5.229300e+01	-2.267013e+03
3.100000e-06	-7.330153e-06	-3.479446e-08	-5.271022e+01	-2.276077e+03
3.110000e-06	-7.385561e-06	-3.492250e-08	-5.310865e+01	-2.284588e+03
3.120000e-06	-7.438136e-06	-3.504314e-08	-5.348671e+01	-2.292522e+03
3.130000e-06	-7.487660e-06	-3.515489e-08	-5.384283e+01	-2.299865e+03
3.140000e-06	-7.534323e-06	-3.525720e-08	-5.417838e+01	-2.306617e+03
3.150000e-06	-7.578474e-06	-3.535255e-08	-5.449586e+01	-2.312800e+03
3.160000e-06	-7.620138e-06	-3.544141e-08	-5.479546e+01	-2.318453e+03
3.170000e-06	-7.659194e-06	-3.552050e-08	-5.507631e+01	-2.323626e+03
3.180000e-06	-7.695577e-06	-3.558969e-08	-5.533794e+01	-2.328367e+03
3.190000e-06	-7.729211e-06	-3.565504e-08	-5.557980e+01	-2.332712e+03
3.200000e-06	-7.759968e-06	-3.571602e-08	-5.580096e+01	-2.336678e+03
3.210000e-06	-7.787877e-06	-3.577070e-08	-5.600166e+01	-2.340260e+03
3.220000e-06	-7.813021e-06	-3.581722e-08	-5.618246e+01	-2.343435e+03
3.230000e-06	-7.835344e-06	-3.585721e-08	-5.634299e+01	-2.346169e+03
3.240000e-06	-7.854920e-06	-3.589052e-08	-5.648375e+01	-2.348432e+03
3.250000e-06	-7.871745e-06	-3.591664e-08	-5.660474e+01	-2.350208e+03
3.260000e-06	-7.885419e-06	-3.593661e-08	-5.670306e+01	-2.351502e+03
3.270000e-06	-7.895945e-06	-3.595060e-08	-5.677876e+01	-2.352344e+03
3.280000e-06	-7.903651e-06	-3.595909e-08	-5.683417e+01	-2.352781e+03
3.290000e-06	-7.908548e-06	-3.596052e-08	-5.686938e+01	-2.352869e+03
3.300000e-06	-7.910736e-06	-3.595517e-08	-5.688512e+01	-2.352660e+03
