# Temperatura_=_47.8
# Concentracion g/m^3_=_26700.0
# C_Vs_to_Am_M_A/Vsm_=_65563218390.804596
# pendiente_HvsI_1/m_=_3716.3
# ordenada_HvsI_A/m_=_1297.0
# frecuencia_Hz_=_302454.2566188467

Tiempo_(s)	Campo_(V.s)	Magnetizacion_(V.s)	Campo_(kA/m)	Magnetizacion_(A/m)
0.000000e+00	-7.949747e-06	-3.650546e-08	-5.688209e+01	-2.389497e+03
1.000000e-08	-7.947124e-06	-3.649735e-08	-5.686332e+01	-2.388868e+03
2.000000e-08	-7.941833e-06	-3.647954e-08	-5.682546e+01	-2.387963e+03
3.000000e-08	-7.934004e-06	-3.645534e-08	-5.676945e+01	-2.386742e+03
4.000000e-08	-7.923428e-06	-3.642981e-08	-5.669377e+01	-2.385163e+03
5.000000e-08	-7.909922e-06	-3.640041e-08	-5.659713e+01	-2.383186e+03
6.000000e-08	-7.893544e-06	-3.636260e-08	-5.647994e+01	-2.380795e+03
7.000000e-08	-7.874714e-06	-3.631488e-08	-5.634521e+01	-2.377998e+03
8.000000e-08	-7.853616e-06	-3.627564e-08	-5.619425e+01	-2.374837e+03
9.000000e-08	-7.829695e-06	-3.627487e-08	-5.602309e+01	-2.371376e+03
1.000000e-07	-7.802560e-06	-3.622989e-08	-5.582894e+01	-2.367694e+03
1.100000e-07	-7.772429e-06	-3.613338e-08	-5.561334e+01	-2.363870e+03
1.200000e-07	-7.739450e-06	-3.604809e-08	-5.537737e+01	-2.359968e+03
1.300000e-07	-7.703745e-06	-3.596300e-08	-5.512190e+01	-2.356022e+03
1.400000e-07	-7.665731e-06	-3.585444e-08	-5.484989e+01	-2.352028e+03
1.500000e-07	-7.625598e-06	-3.578479e-08	-5.456273e+01	-2.347942e+03
1.600000e-07	-7.582962e-06	-3.580108e-08	-5.425767e+01	-2.343686e+03
1.700000e-07	-7.537592e-06	-3.567873e-08	-5.393304e+01	-2.339154e+03
1.800000e-07	-7.489601e-06	-3.558193e-08	-5.358965e+01	-2.334235e+03
1.900000e-07	-7.438675e-06	-3.552644e-08	-5.322526e+01	-2.328824e+03
2.000000e-07	-7.384709e-06	-3.535161e-08	-5.283912e+01	-2.322837e+03
2.100000e-07	-7.327986e-06	-3.523971e-08	-5.243326e+01	-2.316226e+03
2.200000e-07	-7.268629e-06	-3.512963e-08	-5.200855e+01	-2.308979e+03
2.300000e-07	-7.206704e-06	-3.502434e-08	-5.156546e+01	-2.301122e+03
2.400000e-07	-7.142068e-06	-3.491413e-08	-5.110298e+01	-2.292707e+03
2.500000e-07	-7.074675e-06	-3.477180e-08	-5.062077e+01	-2.283803e+03
2.600000e-07	-7.004649e-06	-3.464003e-08	-5.011972e+01	-2.274479e+03
2.700000e-07	-6.931883e-06	-3.448255e-08	-4.959906e+01	-2.264790e+03
2.800000e-07	-6.856350e-06	-3.432050e-08	-4.905861e+01	-2.254770e+03
2.900000e-07	-6.778040e-06	-3.415166e-08	-4.849828e+01	-2.244422e+03
3.000000e-07	-6.697036e-06	-3.400691e-08	-4.791869e+01	-2.233725e+03
3.100000e-07	-6.613707e-06	-3.385018e-08	-4.732244e+01	-2.222635e+03
3.200000e-07	-6.528186e-06	-3.365118e-08	-4.671053e+01	-2.211104e+03
3.300000e-07	-6.440337e-06	-3.347553e-08	-4.608195e+01	-2.199081e+03
3.400000e-07	-6.350127e-06	-3.328268e-08	-4.543647e+01	-2.186532e+03
3.500000e-07	-6.257637e-06	-3.307498e-08	-4.477469e+01	-2.173441e+03
3.600000e-07	-6.162913e-06	-3.286379e-08	-4.409692e+01	-2.159810e+03
3.700000e-07	-6.065931e-06	-3.265896e-08	-4.340300e+01	-2.145657e+03
3.800000e-07	-5.966665e-06	-3.244733e-08	-4.269273e+01	-2.131007e+03
3.900000e-07	-5.865261e-06	-3.220845e-08	-4.196716e+01	-2.115880e+03
4.000000e-07	-5.761809e-06	-3.196354e-08	-4.122694e+01	-2.100284e+03
4.100000e-07	-5.656338e-06	-3.171031e-08	-4.047227e+01	-2.084209e+03
4.200000e-07	-5.548874e-06	-3.146154e-08	-3.970334e+01	-2.067626e+03
4.300000e-07	-5.439488e-06	-3.120087e-08	-3.892067e+01	-2.050492e+03
4.400000e-07	-5.328135e-06	-3.093259e-08	-3.812392e+01	-2.032760e+03
4.500000e-07	-5.214733e-06	-3.065737e-08	-3.731250e+01	-2.014386e+03
4.600000e-07	-5.099346e-06	-3.036521e-08	-3.648688e+01	-1.995340e+03
4.700000e-07	-4.982008e-06	-3.005395e-08	-3.564730e+01	-1.975608e+03
4.800000e-07	-4.862846e-06	-2.973851e-08	-3.479467e+01	-1.955194e+03
4.900000e-07	-4.741950e-06	-2.943053e-08	-3.392963e+01	-1.934112e+03
5.000000e-07	-4.619302e-06	-2.910606e-08	-3.305206e+01	-1.912376e+03
5.100000e-07	-4.494945e-06	-2.876016e-08	-3.216226e+01	-1.889993e+03
5.200000e-07	-4.368950e-06	-2.840433e-08	-3.126074e+01	-1.866955e+03
5.300000e-07	-4.241353e-06	-2.804434e-08	-3.034776e+01	-1.843231e+03
5.400000e-07	-4.112255e-06	-2.766600e-08	-2.942404e+01	-1.818778e+03
5.500000e-07	-3.981587e-06	-2.727598e-08	-2.848908e+01	-1.793538e+03
5.600000e-07	-3.849344e-06	-2.688868e-08	-2.754285e+01	-1.767459e+03
5.700000e-07	-3.715708e-06	-2.648735e-08	-2.658666e+01	-1.740496e+03
5.800000e-07	-3.580715e-06	-2.605651e-08	-2.562076e+01	-1.712622e+03
5.900000e-07	-3.444381e-06	-2.561060e-08	-2.464526e+01	-1.683830e+03
6.000000e-07	-3.306696e-06	-2.516333e-08	-2.366010e+01	-1.654123e+03
6.100000e-07	-3.167630e-06	-2.469705e-08	-2.266505e+01	-1.623510e+03
6.200000e-07	-3.027191e-06	-2.421112e-08	-2.166018e+01	-1.591990e+03
6.300000e-07	-2.885458e-06	-2.371944e-08	-2.064605e+01	-1.559542e+03
6.400000e-07	-2.742531e-06	-2.321663e-08	-1.962338e+01	-1.526122e+03
6.500000e-07	-2.598535e-06	-2.269049e-08	-1.859306e+01	-1.491663e+03
6.600000e-07	-2.453651e-06	-2.214497e-08	-1.755639e+01	-1.456083e+03
6.700000e-07	-2.307953e-06	-2.158507e-08	-1.651388e+01	-1.419302e+03
6.800000e-07	-2.161442e-06	-2.100212e-08	-1.546557e+01	-1.381250e+03
6.900000e-07	-2.014211e-06	-2.039824e-08	-1.441210e+01	-1.341883e+03
7.000000e-07	-1.866396e-06	-1.978187e-08	-1.335445e+01	-1.301183e+03
7.100000e-07	-1.718102e-06	-1.914919e-08	-1.229337e+01	-1.259153e+03
7.200000e-07	-1.569314e-06	-1.848970e-08	-1.122877e+01	-1.215808e+03
7.300000e-07	-1.420003e-06	-1.780623e-08	-1.016041e+01	-1.171153e+03
7.400000e-07	-1.270172e-06	-1.710512e-08	-9.088343e+00	-1.125169e+03
7.500000e-07	-1.119863e-06	-1.638309e-08	-8.012853e+00	-1.077806e+03
7.600000e-07	-9.691850e-07	-1.563760e-08	-6.934720e+00	-1.028985e+03
7.700000e-07	-8.181369e-07	-1.486936e-08	-5.853939e+00	-9.786086e+02
7.800000e-07	-6.667695e-07	-1.407498e-08	-4.770874e+00	-9.265820e+02
7.900000e-07	-5.152155e-07	-1.325198e-08	-3.686474e+00	-8.728369e+02
8.000000e-07	-3.634935e-07	-1.240603e-08	-2.600872e+00	-8.173465e+02
8.100000e-07	-2.115776e-07	-1.153880e-08	-1.513881e+00	-7.601286e+02
8.200000e-07	-5.956763e-08	-1.064649e-08	-4.262187e-01	-7.012295e+02
8.300000e-07	9.250325e-08	-9.727183e-09	6.618800e-01	-6.406897e+02
8.400000e-07	2.445951e-07	-8.781501e-09	1.750129e+00	-5.784969e+02
8.500000e-07	3.966152e-07	-7.804560e-09	2.837864e+00	-5.145365e+02
8.600000e-07	5.485292e-07	-6.792136e-09	3.924840e+00	-4.485532e+02
8.700000e-07	7.003015e-07	-5.743998e-09	5.010802e+00	-3.801377e+02
8.800000e-07	8.518839e-07	-4.653008e-09	6.095406e+00	-3.087466e+02
8.900000e-07	1.003161e-06	-3.508630e-09	7.177826e+00	-2.337617e+02
9.000000e-07	1.154040e-06	-2.303183e-09	8.257396e+00	-1.545810e+02
9.100000e-07	1.304477e-06	-1.031315e-09	9.333805e+00	-7.073049e+01
9.200000e-07	1.454422e-06	3.147196e-10	1.040669e+01	1.802239e+01
9.300000e-07	1.603857e-06	1.737287e-09	1.147593e+01	1.115754e+02
9.400000e-07	1.752727e-06	3.229843e-09	1.254113e+01	2.094372e+02
9.500000e-07	1.900947e-06	4.779443e-09	1.360167e+01	3.107252e+02
9.600000e-07	2.048491e-06	6.363831e-09	1.465738e+01	4.142197e+02
9.700000e-07	2.195319e-06	7.957017e-09	1.570796e+01	5.184682e+02
9.800000e-07	2.341385e-06	9.532335e-09	1.675310e+01	6.219234e+02
9.900000e-07	2.486614e-06	1.106747e-08	1.779224e+01	7.230940e+02
1.000000e-06	2.630894e-06	1.254388e-08	1.882459e+01	8.206823e+02
1.010000e-06	2.774039e-06	1.394774e-08	1.984883e+01	9.136896e+02
1.020000e-06	2.916048e-06	1.527424e-08	2.086493e+01	1.001473e+03
1.030000e-06	3.056953e-06	1.652118e-08	2.187313e+01	1.083750e+03
1.040000e-06	3.196649e-06	1.768546e-08	2.287269e+01	1.160555e+03
1.050000e-06	3.335102e-06	1.877441e-08	2.386335e+01	1.232161e+03
1.060000e-06	3.472220e-06	1.979690e-08	2.484445e+01	1.298984e+03
1.070000e-06	3.608009e-06	2.075255e-08	2.581606e+01	1.361492e+03
1.080000e-06	3.742503e-06	2.164389e-08	2.677838e+01	1.420128e+03
1.090000e-06	3.875651e-06	2.248038e-08	2.773109e+01	1.475265e+03
1.100000e-06	4.007408e-06	2.326917e-08	2.867384e+01	1.527192e+03
1.110000e-06	4.137702e-06	2.400991e-08	2.960612e+01	1.576120e+03
1.120000e-06	4.266509e-06	2.470238e-08	3.052775e+01	1.622211e+03
1.130000e-06	4.393836e-06	2.535402e-08	3.143881e+01	1.665609e+03
1.140000e-06	4.519665e-06	2.597268e-08	3.233914e+01	1.706466e+03
1.150000e-06	4.644029e-06	2.655639e-08	3.322899e+01	1.744957e+03
1.160000e-06	4.766825e-06	2.710748e-08	3.410762e+01	1.781279e+03
1.170000e-06	4.887849e-06	2.763328e-08	3.497357e+01	1.815639e+03
1.180000e-06	5.007116e-06	2.813257e-08	3.582696e+01	1.848234e+03
1.190000e-06	5.124599e-06	2.860527e-08	3.666757e+01	1.879234e+03
1.200000e-06	5.240129e-06	2.905366e-08	3.749421e+01	1.908766e+03
1.210000e-06	5.353568e-06	2.947857e-08	3.830589e+01	1.936918e+03
1.220000e-06	5.464939e-06	2.988229e-08	3.910277e+01	1.963741e+03
1.230000e-06	5.574342e-06	3.026609e-08	3.988557e+01	1.989269e+03
1.240000e-06	5.681835e-06	3.063152e-08	4.065471e+01	2.013531e+03
1.250000e-06	5.787282e-06	3.097951e-08	4.140921e+01	2.036572e+03
1.260000e-06	5.890558e-06	3.131352e-08	4.214817e+01	2.058456e+03
1.270000e-06	5.991730e-06	3.163511e-08	4.287207e+01	2.079268e+03
1.280000e-06	6.090680e-06	3.194087e-08	4.358008e+01	2.099103e+03
1.290000e-06	6.187276e-06	3.223146e-08	4.427125e+01	2.118053e+03
1.300000e-06	6.281572e-06	3.250938e-08	4.494595e+01	2.136197e+03
1.310000e-06	6.373743e-06	3.277432e-08	4.560545e+01	2.153586e+03
1.320000e-06	6.463674e-06	3.302365e-08	4.624893e+01	2.170244e+03
1.330000e-06	6.551226e-06	3.326054e-08	4.687538e+01	2.186172e+03
1.340000e-06	6.636506e-06	3.348916e-08	4.748558e+01	2.201358e+03
1.350000e-06	6.719448e-06	3.370845e-08	4.807904e+01	2.215794e+03
1.360000e-06	6.799942e-06	3.391766e-08	4.865500e+01	2.229481e+03
1.370000e-06	6.878002e-06	3.411557e-08	4.921353e+01	2.242443e+03
1.380000e-06	6.953481e-06	3.430436e-08	4.975360e+01	2.254721e+03
1.390000e-06	7.026233e-06	3.448373e-08	5.027416e+01	2.266370e+03
1.400000e-06	7.096453e-06	3.465317e-08	5.077659e+01	2.277448e+03
1.410000e-06	7.164224e-06	3.481573e-08	5.126151e+01	2.287999e+03
1.420000e-06	7.229434e-06	3.497147e-08	5.172810e+01	2.298051e+03
1.430000e-06	7.292122e-06	3.511892e-08	5.217665e+01	2.307606e+03
1.440000e-06	7.352372e-06	3.525732e-08	5.260775e+01	2.316646e+03
1.450000e-06	7.410029e-06	3.538817e-08	5.302030e+01	2.325141e+03
1.460000e-06	7.464988e-06	3.551173e-08	5.341354e+01	2.333062e+03
1.470000e-06	7.517070e-06	3.562576e-08	5.378620e+01	2.340391e+03
1.480000e-06	7.566103e-06	3.573031e-08	5.413703e+01	2.347131e+03
1.490000e-06	7.612292e-06	3.582681e-08	5.446753e+01	2.353309e+03
1.500000e-06	7.655790e-06	3.591468e-08	5.477877e+01	2.358971e+03
1.510000e-06	7.696490e-06	3.599521e-08	5.506998e+01	2.364174e+03
1.520000e-06	7.734409e-06	3.607033e-08	5.534130e+01	2.368968e+03
1.530000e-06	7.769650e-06	3.613845e-08	5.559346e+01	2.373394e+03
1.540000e-06	7.802161e-06	3.619882e-08	5.582608e+01	2.377467e+03
1.550000e-06	7.831937e-06	3.625325e-08	5.603913e+01	2.381177e+03
1.560000e-06	7.858974e-06	3.630203e-08	5.623259e+01	2.384499e+03
1.570000e-06	7.883113e-06	3.634506e-08	5.640531e+01	2.387394e+03
1.580000e-06	7.904401e-06	3.638272e-08	5.655763e+01	2.389830e+03
1.590000e-06	7.922980e-06	3.641477e-08	5.669057e+01	2.391787e+03
1.600000e-06	7.938648e-06	3.643993e-08	5.680267e+01	2.393267e+03
1.610000e-06	7.951240e-06	3.645838e-08	5.689277e+01	2.394298e+03
1.620000e-06	7.960731e-06	3.647086e-08	5.696068e+01	2.394924e+03
1.630000e-06	7.967271e-06	3.647746e-08	5.700748e+01	2.395199e+03
1.640000e-06	7.971067e-06	3.647889e-08	5.703464e+01	2.395173e+03
1.650000e-06	7.972026e-06	3.647651e-08	5.704150e+01	2.394881e+03
1.660000e-06	7.970208e-06	3.646457e-08	5.702850e+01	2.394335e+03
1.670000e-06	7.965768e-06	3.644738e-08	5.699672e+01	2.393521e+03
1.680000e-06	7.958661e-06	3.642905e-08	5.694587e+01	2.392406e+03
1.690000e-06	7.948916e-06	3.640627e-08	5.687615e+01	2.390946e+03
1.700000e-06	7.936429e-06	3.638022e-08	5.678680e+01	2.389099e+03
1.710000e-06	7.921148e-06	3.635463e-08	5.667746e+01	2.386840e+03
1.720000e-06	7.903353e-06	3.633268e-08	5.655013e+01	2.384170e+03
1.730000e-06	7.883214e-06	3.627413e-08	5.640603e+01	2.381120e+03
1.740000e-06	7.860295e-06	3.616623e-08	5.624204e+01	2.377746e+03
1.750000e-06	7.833870e-06	3.611615e-08	5.605297e+01	2.374124e+03
1.760000e-06	7.803801e-06	3.608798e-08	5.583782e+01	2.370337e+03
1.770000e-06	7.770756e-06	3.603154e-08	5.560137e+01	2.366454e+03
1.780000e-06	7.735498e-06	3.600590e-08	5.534909e+01	2.362520e+03
1.790000e-06	7.698119e-06	3.599273e-08	5.508164e+01	2.358543e+03
1.800000e-06	7.658654e-06	3.585559e-08	5.479926e+01	2.354494e+03
1.810000e-06	7.616899e-06	3.579181e-08	5.450050e+01	2.350301e+03
1.820000e-06	7.572477e-06	3.578106e-08	5.418264e+01	2.345869e+03
1.830000e-06	7.525433e-06	3.568660e-08	5.384603e+01	2.341086e+03
1.840000e-06	7.475534e-06	3.570562e-08	5.348900e+01	2.335843e+03
1.850000e-06	7.422663e-06	3.561778e-08	5.311069e+01	2.330047e+03
1.860000e-06	7.366924e-06	3.551828e-08	5.271187e+01	2.323639e+03
1.870000e-06	7.308469e-06	3.540752e-08	5.229361e+01	2.316594e+03
1.880000e-06	7.247489e-06	3.521573e-08	5.185728e+01	2.308927e+03
1.890000e-06	7.183715e-06	3.514091e-08	5.140097e+01	2.300684e+03
1.900000e-06	7.117109e-06	3.499920e-08	5.092439e+01	2.291929e+03
1.910000e-06	7.047772e-06	3.487165e-08	5.042827e+01	2.282732e+03
1.920000e-06	6.975709e-06	3.474952e-08	4.991265e+01	2.273155e+03
1.930000e-06	6.901029e-06	3.459317e-08	4.937830e+01	2.263238e+03
1.940000e-06	6.823589e-06	3.444796e-08	4.882419e+01	2.252996e+03
1.950000e-06	6.743482e-06	3.424409e-08	4.825102e+01	2.242414e+03
1.960000e-06	6.660899e-06	3.409522e-08	4.766011e+01	2.231455e+03
1.970000e-06	6.575836e-06	3.390589e-08	4.705147e+01	2.220070e+03
1.980000e-06	6.488286e-06	3.372798e-08	4.642503e+01	2.208209e+03
1.990000e-06	6.398408e-06	3.356449e-08	4.578194e+01	2.195831e+03
2.000000e-06	6.306384e-06	3.336754e-08	4.512349e+01	2.182914e+03
2.010000e-06	6.212090e-06	3.316277e-08	4.444879e+01	2.169454e+03
2.020000e-06	6.115509e-06	3.292285e-08	4.375773e+01	2.155466e+03
2.030000e-06	6.016740e-06	3.270803e-08	4.305102e+01	2.140972e+03
2.040000e-06	5.915893e-06	3.248349e-08	4.232944e+01	2.125996e+03
2.050000e-06	5.812930e-06	3.227162e-08	4.159272e+01	2.110550e+03
2.060000e-06	5.707898e-06	3.203202e-08	4.084119e+01	2.094630e+03
2.070000e-06	5.600974e-06	3.177148e-08	4.007613e+01	2.078213e+03
2.080000e-06	5.492126e-06	3.150257e-08	3.929730e+01	2.061261e+03
2.090000e-06	5.381214e-06	3.122247e-08	3.850371e+01	2.043725e+03
2.100000e-06	5.268269e-06	3.095203e-08	3.769556e+01	2.025560e+03
2.110000e-06	5.153410e-06	3.067344e-08	3.687372e+01	2.006732e+03
2.120000e-06	5.036583e-06	3.038651e-08	3.603780e+01	1.987220e+03
2.130000e-06	4.917768e-06	3.007043e-08	3.518765e+01	1.967023e+03
2.140000e-06	4.797077e-06	2.974543e-08	3.432408e+01	1.946153e+03
2.150000e-06	4.674666e-06	2.941896e-08	3.344821e+01	1.924625e+03
2.160000e-06	4.550600e-06	2.908884e-08	3.256049e+01	1.902449e+03
2.170000e-06	4.424903e-06	2.873846e-08	3.166110e+01	1.879623e+03
2.180000e-06	4.297532e-06	2.838165e-08	3.074974e+01	1.856123e+03
2.190000e-06	4.168545e-06	2.801759e-08	2.982681e+01	1.831909e+03
2.200000e-06	4.038083e-06	2.763231e-08	2.889332e+01	1.806928e+03
2.210000e-06	3.906143e-06	2.722564e-08	2.794926e+01	1.781123e+03
2.220000e-06	3.772758e-06	2.681370e-08	2.699486e+01	1.754447e+03
2.230000e-06	3.637958e-06	2.639739e-08	2.603035e+01	1.726867e+03
2.240000e-06	3.501793e-06	2.596143e-08	2.505606e+01	1.698368e+03
2.250000e-06	3.364366e-06	2.551504e-08	2.407274e+01	1.668954e+03
2.260000e-06	3.225644e-06	2.506204e-08	2.308015e+01	1.638631e+03
2.270000e-06	3.085650e-06	2.459123e-08	2.207847e+01	1.607402e+03
2.280000e-06	2.944427e-06	2.409459e-08	2.106798e+01	1.575255e+03
2.290000e-06	2.801990e-06	2.358517e-08	2.004882e+01	1.542153e+03
2.300000e-06	2.658502e-06	2.306176e-08	1.902213e+01	1.508036e+03
2.310000e-06	2.514102e-06	2.251977e-08	1.798892e+01	1.472825e+03
2.320000e-06	2.368869e-06	2.196010e-08	1.694975e+01	1.436437e+03
2.330000e-06	2.222841e-06	2.138593e-08	1.590489e+01	1.398799e+03
2.340000e-06	2.076025e-06	2.079213e-08	1.485439e+01	1.359856e+03
2.350000e-06	1.928438e-06	2.017586e-08	1.379837e+01	1.319584e+03
2.360000e-06	1.780228e-06	1.954434e-08	1.273790e+01	1.277980e+03
2.370000e-06	1.631546e-06	1.889567e-08	1.167405e+01	1.235056e+03
2.380000e-06	1.482389e-06	1.822334e-08	1.060680e+01	1.190821e+03
2.390000e-06	1.332742e-06	1.752901e-08	9.536047e+00	1.145267e+03
2.400000e-06	1.182630e-06	1.681270e-08	8.461965e+00	1.098354e+03
2.410000e-06	1.031979e-06	1.606971e-08	7.384024e+00	1.050011e+03
2.420000e-06	8.808384e-07	1.529998e-08	6.302581e+00	1.000144e+03
2.430000e-06	7.294677e-07	1.450898e-08	5.219493e+00	9.486564e+02
2.440000e-06	5.779324e-07	1.369817e-08	4.135226e+00	8.954679e+02
2.450000e-06	4.261795e-07	1.286287e-08	3.049403e+00	8.405377e+02
2.460000e-06	2.742417e-07	1.200220e-08	1.962256e+00	7.838699e+02
2.470000e-06	1.221749e-07	1.111611e-08	8.741867e-01	7.255047e+02
2.480000e-06	-2.997812e-08	1.020249e-08	-2.144997e-01	6.654891e+02
2.490000e-06	-1.820878e-07	9.262942e-09	-1.302876e+00	6.038334e+02
2.500000e-06	-3.340817e-07	8.297866e-09	-2.390424e+00	5.404608e+02
2.510000e-06	-4.860014e-07	7.299775e-09	-3.477441e+00	4.751642e+02
2.520000e-06	-6.378088e-07	6.261509e-09	-4.563654e+00	4.075832e+02
2.530000e-06	-7.894532e-07	5.180975e-09	-5.648701e+00	3.372130e+02
2.540000e-06	-9.408698e-07	4.052807e-09	-6.732119e+00	2.634510e+02
2.550000e-06	-1.091934e-06	2.866086e-09	-7.813011e+00	1.856782e+02
2.560000e-06	-1.242514e-06	1.614076e-09	-8.890446e+00	1.033669e+02
2.570000e-06	-1.392555e-06	2.929488e-10	-9.964022e+00	1.619534e+01
2.580000e-06	-1.542095e-06	-1.102006e-09	-1.103401e+01	-7.585000e+01
2.590000e-06	-1.691093e-06	-2.568982e-09	-1.210012e+01	-1.724058e+02
2.600000e-06	-1.839499e-06	-4.099402e-09	-1.316200e+01	-2.727119e+02
2.610000e-06	-1.987206e-06	-5.676290e-09	-1.421887e+01	-3.756478e+02
2.620000e-06	-2.134140e-06	-7.277862e-09	-1.527022e+01	-4.798220e+02
2.630000e-06	-2.280350e-06	-8.876981e-09	-1.631638e+01	-5.837015e+02
2.640000e-06	-2.425720e-06	-1.044337e-08	-1.735653e+01	-6.857607e+02
2.650000e-06	-2.570158e-06	-1.195571e-08	-1.839001e+01	-7.846263e+02
2.660000e-06	-2.713656e-06	-1.339814e-08	-1.941677e+01	-8.791947e+02
2.670000e-06	-2.856031e-06	-1.476208e-08	-2.043549e+01	-9.687058e+02
2.680000e-06	-2.997190e-06	-1.604675e-08	-2.144552e+01	-1.052764e+03
2.690000e-06	-3.137116e-06	-1.725103e-08	-2.244672e+01	-1.131309e+03
2.700000e-06	-3.275790e-06	-1.837438e-08	-2.343896e+01	-1.204546e+03
2.710000e-06	-3.413287e-06	-1.942298e-08	-2.442277e+01	-1.272857e+03
2.720000e-06	-3.549623e-06	-2.040561e-08	-2.539829e+01	-1.336702e+03
2.730000e-06	-3.684679e-06	-2.132667e-08	-2.636464e+01	-1.396539e+03
2.740000e-06	-3.818265e-06	-2.219106e-08	-2.732048e+01	-1.452766e+03
2.750000e-06	-3.950452e-06	-2.300351e-08	-2.826631e+01	-1.505699e+03
2.760000e-06	-4.081289e-06	-2.376637e-08	-2.920247e+01	-1.555573e+03
2.770000e-06	-4.210724e-06	-2.448225e-08	-3.012860e+01	-1.602561e+03
2.780000e-06	-4.338801e-06	-2.515588e-08	-3.104502e+01	-1.646809e+03
2.790000e-06	-4.465366e-06	-2.579252e-08	-3.195062e+01	-1.688466e+03
2.800000e-06	-4.590311e-06	-2.639539e-08	-3.284463e+01	-1.727698e+03
2.810000e-06	-4.713609e-06	-2.696500e-08	-3.372685e+01	-1.764696e+03
2.820000e-06	-4.835238e-06	-2.750417e-08	-3.459713e+01	-1.799665e+03
2.830000e-06	-4.955098e-06	-2.801721e-08	-3.545476e+01	-1.832808e+03
2.840000e-06	-5.072998e-06	-2.850428e-08	-3.629835e+01	-1.864305e+03
2.850000e-06	-5.188930e-06	-2.896606e-08	-3.712787e+01	-1.894298e+03
2.860000e-06	-5.302775e-06	-2.940303e-08	-3.794246e+01	-1.922888e+03
2.870000e-06	-5.414405e-06	-2.981640e-08	-3.874119e+01	-1.950135e+03
2.880000e-06	-5.524020e-06	-3.020893e-08	-3.952551e+01	-1.976077e+03
2.890000e-06	-5.631820e-06	-3.058430e-08	-4.029684e+01	-2.000743e+03
2.900000e-06	-5.737718e-06	-3.094350e-08	-4.105457e+01	-2.024171e+03
2.910000e-06	-5.841485e-06	-3.128380e-08	-4.179704e+01	-2.046420e+03
2.920000e-06	-5.943017e-06	-3.160697e-08	-4.252352e+01	-2.067567e+03
2.930000e-06	-6.042429e-06	-3.191739e-08	-4.323483e+01	-2.087706e+03
2.940000e-06	-6.139786e-06	-3.221637e-08	-4.393144e+01	-2.106933e+03
2.950000e-06	-6.234871e-06	-3.250123e-08	-4.461180e+01	-2.125330e+03
2.960000e-06	-6.327582e-06	-3.277142e-08	-4.527516e+01	-2.142958e+03
2.970000e-06	-6.418059e-06	-3.302759e-08	-4.592254e+01	-2.159851e+03
2.980000e-06	-6.506344e-06	-3.327086e-08	-4.655424e+01	-2.176015e+03
2.990000e-06	-6.592241e-06	-3.350345e-08	-4.716886e+01	-2.191442e+03
3.000000e-06	-6.675690e-06	-3.372706e-08	-4.776595e+01	-2.206121e+03
3.010000e-06	-6.756824e-06	-3.394226e-08	-4.834648e+01	-2.220048e+03
3.020000e-06	-6.835423e-06	-3.414543e-08	-4.890887e+01	-2.233240e+03
3.030000e-06	-6.911323e-06	-3.433732e-08	-4.945195e+01	-2.245733e+03
3.040000e-06	-6.984707e-06	-3.452176e-08	-4.997703e+01	-2.257579e+03
3.050000e-06	-7.055586e-06	-3.469793e-08	-5.048419e+01	-2.268835e+03
3.060000e-06	-7.123889e-06	-3.486202e-08	-5.097291e+01	-2.279553e+03
3.070000e-06	-7.189706e-06	-3.501530e-08	-5.144384e+01	-2.289765e+03
3.080000e-06	-7.253015e-06	-3.515978e-08	-5.189683e+01	-2.299482e+03
3.090000e-06	-7.313700e-06	-3.529537e-08	-5.233104e+01	-2.308691e+03
3.100000e-06	-7.371826e-06	-3.542318e-08	-5.274694e+01	-2.317366e+03
3.110000e-06	-7.427339e-06	-3.554221e-08	-5.314415e+01	-2.325475e+03
3.120000e-06	-7.480018e-06	-3.565318e-08	-5.352108e+01	-2.332995e+03
3.130000e-06	-7.529607e-06	-3.575688e-08	-5.387590e+01	-2.339924e+03
3.140000e-06	-7.576251e-06	-3.585457e-08	-5.420965e+01	-2.346279e+03
3.150000e-06	-7.620400e-06	-3.594662e-08	-5.452554e+01	-2.352102e+03
3.160000e-06	-7.662068e-06	-3.603189e-08	-5.482369e+01	-2.357447e+03
3.170000e-06	-7.701030e-06	-3.610757e-08	-5.510247e+01	-2.362369e+03
3.180000e-06	-7.737213e-06	-3.617441e-08	-5.536136e+01	-2.366911e+03
3.190000e-06	-7.770673e-06	-3.623717e-08	-5.560078e+01	-2.371098e+03
3.200000e-06	-7.801287e-06	-3.629374e-08	-5.581983e+01	-2.374928e+03
3.210000e-06	-7.829012e-06	-3.634375e-08	-5.601821e+01	-2.378380e+03
3.220000e-06	-7.854021e-06	-3.638713e-08	-5.619715e+01	-2.381417e+03
3.230000e-06	-7.876233e-06	-3.642550e-08	-5.635608e+01	-2.384004e+03
3.240000e-06	-7.895594e-06	-3.645941e-08	-5.649462e+01	-2.386117e+03
3.250000e-06	-7.912159e-06	-3.648663e-08	-5.661314e+01	-2.387749e+03
3.260000e-06	-7.925648e-06	-3.650476e-08	-5.670966e+01	-2.388921e+03
3.270000e-06	-7.936010e-06	-3.651432e-08	-5.678380e+01	-2.389672e+03
3.280000e-06	-7.943476e-06	-3.651912e-08	-5.683722e+01	-2.390055e+03
3.290000e-06	-7.948125e-06	-3.651891e-08	-5.687049e+01	-2.390122e+03
3.300000e-06	-7.950054e-06	-3.651343e-08	-5.688428e+01	-2.389915e+03
