# Temperatura_=_78.02
# Concentracion g/m^3_=_20000.0
# C_Vs_to_Am_M_A/Vsm_=_65563218390.804596
# pendiente_HvsI_1/m_=_3716.3
# ordenada_HvsI_A/m_=_1297.0
# frecuencia_Hz_=_301605.699836868

Tiempo_(s)	Campo_(V.s)	Magnetizacion_(V.s)	Campo_(kA/m)	Magnetizacion_(A/m)
0.000000e+00	-5.245669e-06	-1.920609e-08	-3.833645e+01	-1.256756e+03
1.000000e-08	-5.243752e-06	-1.920098e-08	-3.832244e+01	-1.256355e+03
2.000000e-08	-5.240061e-06	-1.918895e-08	-3.829546e+01	-1.255738e+03
3.000000e-08	-5.234725e-06	-1.917591e-08	-3.825647e+01	-1.254899e+03
4.000000e-08	-5.227853e-06	-1.916110e-08	-3.820624e+01	-1.253825e+03
5.000000e-08	-5.219321e-06	-1.913767e-08	-3.814390e+01	-1.252499e+03
6.000000e-08	-5.208794e-06	-1.910822e-08	-3.806696e+01	-1.250903e+03
7.000000e-08	-5.196317e-06	-1.907172e-08	-3.797578e+01	-1.249030e+03
8.000000e-08	-5.181886e-06	-1.903634e-08	-3.787031e+01	-1.246882e+03
9.000000e-08	-5.165267e-06	-1.904989e-08	-3.774885e+01	-1.244476e+03
1.000000e-07	-5.146560e-06	-1.904007e-08	-3.761214e+01	-1.241846e+03
1.100000e-07	-5.126054e-06	-1.895990e-08	-3.746228e+01	-1.239041e+03
1.200000e-07	-5.103829e-06	-1.890344e-08	-3.729985e+01	-1.236112e+03
1.300000e-07	-5.080093e-06	-1.879413e-08	-3.712639e+01	-1.233107e+03
1.400000e-07	-5.054891e-06	-1.870634e-08	-3.694220e+01	-1.230060e+03
1.500000e-07	-5.027993e-06	-1.879801e-08	-3.674563e+01	-1.226982e+03
1.600000e-07	-4.999521e-06	-1.869982e-08	-3.653755e+01	-1.223856e+03
1.700000e-07	-4.969581e-06	-1.858336e-08	-3.631874e+01	-1.220638e+03
1.800000e-07	-4.937880e-06	-1.865127e-08	-3.608706e+01	-1.217262e+03
1.900000e-07	-4.904181e-06	-1.848026e-08	-3.584079e+01	-1.213651e+03
2.000000e-07	-4.868795e-06	-1.837668e-08	-3.558218e+01	-1.209730e+03
2.100000e-07	-4.831845e-06	-1.843436e-08	-3.531214e+01	-1.205435e+03
2.200000e-07	-4.793210e-06	-1.830630e-08	-3.502979e+01	-1.200728e+03
2.300000e-07	-4.752821e-06	-1.822829e-08	-3.473461e+01	-1.195598e+03
2.400000e-07	-4.710528e-06	-1.816864e-08	-3.442553e+01	-1.190062e+03
2.500000e-07	-4.666421e-06	-1.799776e-08	-3.410319e+01	-1.184158e+03
2.600000e-07	-4.620595e-06	-1.791295e-08	-3.376828e+01	-1.177934e+03
2.700000e-07	-4.573042e-06	-1.784181e-08	-3.342075e+01	-1.171441e+03
2.800000e-07	-4.523539e-06	-1.776124e-08	-3.305897e+01	-1.164716e+03
2.900000e-07	-4.471909e-06	-1.765153e-08	-3.268165e+01	-1.157784e+03
3.000000e-07	-4.418435e-06	-1.750657e-08	-3.229085e+01	-1.150645e+03
3.100000e-07	-4.363396e-06	-1.739849e-08	-3.188861e+01	-1.143288e+03
3.200000e-07	-4.306753e-06	-1.730649e-08	-3.147466e+01	-1.135689e+03
3.300000e-07	-4.248357e-06	-1.720850e-08	-3.104788e+01	-1.127820e+03
3.400000e-07	-4.188401e-06	-1.705528e-08	-3.060971e+01	-1.119661e+03
3.500000e-07	-4.127086e-06	-1.691022e-08	-3.016161e+01	-1.111202e+03
3.600000e-07	-4.064451e-06	-1.679240e-08	-2.970386e+01	-1.102445e+03
3.700000e-07	-4.000477e-06	-1.664496e-08	-2.923633e+01	-1.093403e+03
3.800000e-07	-3.934851e-06	-1.651969e-08	-2.875672e+01	-1.084093e+03
3.900000e-07	-3.867585e-06	-1.638543e-08	-2.826512e+01	-1.074536e+03
4.000000e-07	-3.799013e-06	-1.622104e-08	-2.776398e+01	-1.064743e+03
4.100000e-07	-3.729242e-06	-1.605902e-08	-2.725408e+01	-1.054718e+03
4.200000e-07	-3.658372e-06	-1.590032e-08	-2.673615e+01	-1.044454e+03
4.300000e-07	-3.586353e-06	-1.575936e-08	-2.620982e+01	-1.033936e+03
4.400000e-07	-3.512836e-06	-1.560050e-08	-2.567254e+01	-1.023145e+03
4.500000e-07	-3.437671e-06	-1.541704e-08	-2.512322e+01	-1.012063e+03
4.600000e-07	-3.361121e-06	-1.522275e-08	-2.456378e+01	-1.000676e+03
4.700000e-07	-3.283328e-06	-1.504164e-08	-2.399525e+01	-9.889781e+02
4.800000e-07	-3.204180e-06	-1.487801e-08	-2.341682e+01	-9.769724e+02
4.900000e-07	-3.123742e-06	-1.469500e-08	-2.282896e+01	-9.646658e+02
5.000000e-07	-3.042166e-06	-1.450157e-08	-2.223279e+01	-9.520674e+02
5.100000e-07	-2.959537e-06	-1.429963e-08	-2.162892e+01	-9.391833e+02
5.200000e-07	-2.876009e-06	-1.408987e-08	-2.101848e+01	-9.260141e+02
5.300000e-07	-2.791674e-06	-1.388064e-08	-2.040214e+01	-9.125531e+02
5.400000e-07	-2.706448e-06	-1.368104e-08	-1.977929e+01	-8.987876e+02
5.500000e-07	-2.620304e-06	-1.347666e-08	-1.914973e+01	-8.847014e+02
5.600000e-07	-2.533341e-06	-1.324433e-08	-1.851419e+01	-8.702786e+02
5.700000e-07	-2.445540e-06	-1.300537e-08	-1.787252e+01	-8.555071e+02
5.800000e-07	-2.356700e-06	-1.277767e-08	-1.722326e+01	-8.403815e+02
5.900000e-07	-2.266722e-06	-1.255166e-08	-1.656568e+01	-8.249028e+02
6.000000e-07	-2.175779e-06	-1.230985e-08	-1.590105e+01	-8.090778e+02
6.100000e-07	-2.084116e-06	-1.205864e-08	-1.523116e+01	-7.929150e+02
6.200000e-07	-1.991787e-06	-1.180630e-08	-1.455640e+01	-7.764216e+02
6.300000e-07	-1.898748e-06	-1.154586e-08	-1.387645e+01	-7.595998e+02
6.400000e-07	-1.805038e-06	-1.128182e-08	-1.319160e+01	-7.424445e+02
6.500000e-07	-1.710750e-06	-1.102228e-08	-1.250252e+01	-7.249437e+02
6.600000e-07	-1.615938e-06	-1.075529e-08	-1.180961e+01	-7.070800e+02
6.700000e-07	-1.520609e-06	-1.046745e-08	-1.111293e+01	-6.888336e+02
6.800000e-07	-1.424777e-06	-1.017376e-08	-1.041257e+01	-6.701858e+02
6.900000e-07	-1.328372e-06	-9.885816e-09	-9.708018e+00	-6.511221e+02
7.000000e-07	-1.231345e-06	-9.595170e-09	-8.998927e+00	-6.316337e+02
7.100000e-07	-1.133774e-06	-9.292792e-09	-8.285857e+00	-6.117169e+02
7.200000e-07	-1.035735e-06	-8.980916e-09	-7.569371e+00	-5.913723e+02
7.300000e-07	-9.373176e-07	-8.660899e-09	-6.850114e+00	-5.706009e+02
7.400000e-07	-8.385285e-07	-8.331188e-09	-6.128142e+00	-5.494021e+02
7.500000e-07	-7.394466e-07	-7.998968e-09	-5.404031e+00	-5.277712e+02
7.600000e-07	-6.401504e-07	-7.666593e-09	-4.678353e+00	-5.056986e+02
7.700000e-07	-5.406539e-07	-7.323932e-09	-3.951212e+00	-4.831708e+02
7.800000e-07	-4.410526e-07	-6.968108e-09	-3.223305e+00	-4.601723e+02
7.900000e-07	-3.413684e-07	-6.607233e-09	-2.494792e+00	-4.366882e+02
8.000000e-07	-2.415690e-07	-6.243574e-09	-1.765437e+00	-4.127070e+02
8.100000e-07	-1.417141e-07	-5.872875e-09	-1.035676e+00	-3.882214e+02
8.200000e-07	-4.182145e-08	-5.492344e-09	-3.056399e-01	-3.632288e+02
8.300000e-07	5.817626e-08	-5.103836e-09	4.251643e-01	-3.377285e+02
8.400000e-07	1.581890e-07	-4.707477e-09	1.156078e+00	-3.117187e+02
8.500000e-07	2.581120e-07	-4.301120e-09	1.886337e+00	-2.851916e+02
8.600000e-07	3.579732e-07	-3.887912e-09	2.616143e+00	-2.581297e+02
8.700000e-07	4.577963e-07	-3.469410e-09	3.345671e+00	-2.305014e+02
8.800000e-07	5.575725e-07	-3.041506e-09	4.074857e+00	-2.022594e+02
8.900000e-07	6.572273e-07	-2.599536e-09	4.803155e+00	-1.733402e+02
9.000000e-07	7.566831e-07	-2.144724e-09	5.529999e+00	-1.436661e+02
9.100000e-07	8.559387e-07	-1.681334e-09	6.255380e+00	-1.131488e+02
9.200000e-07	9.549063e-07	-1.207076e-09	6.978656e+00	-8.169542e+01
9.300000e-07	1.053455e-06	-7.156161e-10	7.698867e+00	-4.921486e+01
9.400000e-07	1.151476e-06	-2.023297e-10	8.415230e+00	-1.562654e+01
9.500000e-07	1.248881e-06	3.312296e-10	9.127085e+00	1.913088e+01
9.600000e-07	1.345655e-06	8.809712e-10	9.834327e+00	5.509021e+01
9.700000e-07	1.441858e-06	1.443272e-09	1.053740e+01	9.224686e+01
9.800000e-07	1.537522e-06	2.019843e-09	1.123653e+01	1.305512e+02
9.900000e-07	1.632622e-06	2.615688e-09	1.193154e+01	1.699034e+02
1.000000e-06	1.727148e-06	3.229088e-09	1.262236e+01	2.101512e+02
1.010000e-06	1.821079e-06	3.854524e-09	1.330882e+01	2.510921e+02
1.020000e-06	1.914419e-06	4.486219e-09	1.399098e+01	2.924809e+02
1.030000e-06	2.007132e-06	5.119064e-09	1.466854e+01	3.340401e+02
1.040000e-06	2.099181e-06	5.751129e-09	1.534125e+01	3.754759e+02
1.050000e-06	2.190616e-06	6.375443e-09	1.600948e+01	4.164945e+02
1.060000e-06	2.281276e-06	6.985846e-09	1.667205e+01	4.568201e+02
1.070000e-06	2.370854e-06	7.579032e-09	1.732670e+01	4.962092e+02
1.080000e-06	2.459398e-06	8.155731e-09	1.797380e+01	5.344624e+02
1.090000e-06	2.547081e-06	8.718271e-09	1.861460e+01	5.714302e+02
1.100000e-06	2.633922e-06	9.264112e-09	1.924925e+01	6.070140e+02
1.110000e-06	2.719906e-06	9.788416e-09	1.987764e+01	6.411610e+02
1.120000e-06	2.804956e-06	1.028661e-08	2.049921e+01	6.738568e+02
1.130000e-06	2.889112e-06	1.075956e-08	2.111424e+01	7.051153e+02
1.140000e-06	2.972444e-06	1.121155e-08	2.172325e+01	7.349688e+02
1.150000e-06	3.054722e-06	1.164280e-08	2.232455e+01	7.634596e+02
1.160000e-06	3.135853e-06	1.205319e-08	2.291747e+01	7.906345e+02
1.170000e-06	3.215859e-06	1.244559e-08	2.350218e+01	8.165415e+02
1.180000e-06	3.294670e-06	1.282152e-08	2.407814e+01	8.412290e+02
1.190000e-06	3.372332e-06	1.317999e-08	2.464571e+01	8.647468e+02
1.200000e-06	3.448888e-06	1.351899e-08	2.520520e+01	8.871464e+02
1.210000e-06	3.524183e-06	1.384210e-08	2.575547e+01	9.084819e+02
1.220000e-06	3.597987e-06	1.415257e-08	2.629484e+01	9.288089e+02
1.230000e-06	3.670279e-06	1.444978e-08	2.682317e+01	9.481832e+02
1.240000e-06	3.741186e-06	1.473038e-08	2.734137e+01	9.666581e+02
1.250000e-06	3.810774e-06	1.499465e-08	2.784994e+01	9.842824e+02
1.260000e-06	3.879144e-06	1.524742e-08	2.834960e+01	1.001099e+03
1.270000e-06	3.946272e-06	1.549022e-08	2.884018e+01	1.017145e+03
1.280000e-06	4.011838e-06	1.572058e-08	2.931935e+01	1.032452e+03
1.290000e-06	4.075774e-06	1.594023e-08	2.978661e+01	1.047050e+03
1.300000e-06	4.138255e-06	1.615209e-08	3.024324e+01	1.060965e+03
1.310000e-06	4.199359e-06	1.635418e-08	3.068979e+01	1.074227e+03
1.320000e-06	4.259178e-06	1.654497e-08	3.112697e+01	1.086867e+03
1.330000e-06	4.317544e-06	1.672703e-08	3.155352e+01	1.098916e+03
1.340000e-06	4.374131e-06	1.690227e-08	3.196707e+01	1.110405e+03
1.350000e-06	4.429022e-06	1.706905e-08	3.236822e+01	1.121361e+03
1.360000e-06	4.482353e-06	1.722756e-08	3.275798e+01	1.131807e+03
1.370000e-06	4.533937e-06	1.738000e-08	3.313496e+01	1.141758e+03
1.380000e-06	4.583525e-06	1.752681e-08	3.349736e+01	1.151225e+03
1.390000e-06	4.631229e-06	1.766429e-08	3.384599e+01	1.160211e+03
1.400000e-06	4.677307e-06	1.779182e-08	3.418274e+01	1.168721e+03
1.410000e-06	4.721855e-06	1.791376e-08	3.450830e+01	1.176756e+03
1.420000e-06	4.764824e-06	1.803107e-08	3.482233e+01	1.184326e+03
1.430000e-06	4.805999e-06	1.814021e-08	3.512325e+01	1.191443e+03
1.440000e-06	4.845399e-06	1.824031e-08	3.541119e+01	1.198126e+03
1.450000e-06	4.883146e-06	1.833482e-08	3.568705e+01	1.204398e+03
1.460000e-06	4.919313e-06	1.842518e-08	3.595137e+01	1.210285e+03
1.470000e-06	4.953819e-06	1.850926e-08	3.620355e+01	1.215808e+03
1.480000e-06	4.986509e-06	1.858573e-08	3.644245e+01	1.220988e+03
1.490000e-06	5.017460e-06	1.865763e-08	3.666865e+01	1.225837e+03
1.500000e-06	5.046779e-06	1.872670e-08	3.688292e+01	1.230363e+03
1.510000e-06	5.074390e-06	1.879078e-08	3.708471e+01	1.234566e+03
1.520000e-06	5.100057e-06	1.884911e-08	3.727229e+01	1.238444e+03
1.530000e-06	5.123741e-06	1.890305e-08	3.744537e+01	1.241995e+03
1.540000e-06	5.145584e-06	1.895354e-08	3.760501e+01	1.245215e+03
1.550000e-06	5.165766e-06	1.899849e-08	3.775250e+01	1.248106e+03
1.560000e-06	5.184263e-06	1.903724e-08	3.788768e+01	1.250668e+03
1.570000e-06	5.200809e-06	1.906947e-08	3.800860e+01	1.252906e+03
1.580000e-06	5.215380e-06	1.909774e-08	3.811509e+01	1.254827e+03
1.590000e-06	5.228020e-06	1.912184e-08	3.820747e+01	1.256440e+03
1.600000e-06	5.238561e-06	1.913976e-08	3.828450e+01	1.257751e+03
1.610000e-06	5.247025e-06	1.915409e-08	3.834636e+01	1.258773e+03
1.620000e-06	5.253614e-06	1.916599e-08	3.839451e+01	1.259517e+03
1.630000e-06	5.258445e-06	1.917714e-08	3.842982e+01	1.259996e+03
1.640000e-06	5.261481e-06	1.918499e-08	3.845201e+01	1.260224e+03
1.650000e-06	5.262575e-06	1.918943e-08	3.846000e+01	1.260217e+03
1.660000e-06	5.261827e-06	1.918828e-08	3.845454e+01	1.259987e+03
1.670000e-06	5.259418e-06	1.917822e-08	3.843693e+01	1.259539e+03
1.680000e-06	5.255388e-06	1.916661e-08	3.840748e+01	1.258875e+03
1.690000e-06	5.249616e-06	1.915107e-08	3.836529e+01	1.257986e+03
1.700000e-06	5.241938e-06	1.913321e-08	3.830918e+01	1.256859e+03
1.710000e-06	5.232582e-06	1.911621e-08	3.824080e+01	1.255475e+03
1.720000e-06	5.221738e-06	1.909927e-08	3.816155e+01	1.253821e+03
1.730000e-06	5.209172e-06	1.908822e-08	3.806972e+01	1.251887e+03
1.740000e-06	5.194611e-06	1.901029e-08	3.796331e+01	1.249680e+03
1.750000e-06	5.177791e-06	1.892431e-08	3.784039e+01	1.247223e+03
1.760000e-06	5.158501e-06	1.892251e-08	3.769941e+01	1.244551e+03
1.770000e-06	5.136784e-06	1.889518e-08	3.754070e+01	1.241714e+03
1.780000e-06	5.113261e-06	1.892731e-08	3.736879e+01	1.238764e+03
1.790000e-06	5.088867e-06	1.887663e-08	3.719051e+01	1.235747e+03
1.800000e-06	5.063465e-06	1.867788e-08	3.700486e+01	1.232693e+03
1.810000e-06	5.036330e-06	1.875266e-08	3.680656e+01	1.229607e+03
1.820000e-06	5.007600e-06	1.872717e-08	3.659659e+01	1.226465e+03
1.830000e-06	4.977182e-06	1.855590e-08	3.637429e+01	1.223218e+03
1.840000e-06	4.944588e-06	1.867933e-08	3.613609e+01	1.219798e+03
1.850000e-06	4.910197e-06	1.858103e-08	3.588475e+01	1.216126e+03
1.860000e-06	4.874302e-06	1.839474e-08	3.562242e+01	1.212129e+03
1.870000e-06	4.836528e-06	1.845415e-08	3.534636e+01	1.207748e+03
1.880000e-06	4.796829e-06	1.830693e-08	3.505623e+01	1.202950e+03
1.890000e-06	4.755304e-06	1.824494e-08	3.475276e+01	1.197730e+03
1.900000e-06	4.712108e-06	1.826040e-08	3.443707e+01	1.192111e+03
1.910000e-06	4.667429e-06	1.810445e-08	3.411055e+01	1.186133e+03
1.920000e-06	4.621005e-06	1.805671e-08	3.377127e+01	1.179847e+03
1.930000e-06	4.572927e-06	1.788080e-08	3.341991e+01	1.173300e+03
1.940000e-06	4.523279e-06	1.776075e-08	3.305707e+01	1.166530e+03
1.950000e-06	4.471791e-06	1.775262e-08	3.268079e+01	1.159553e+03
1.960000e-06	4.418303e-06	1.759503e-08	3.228989e+01	1.152369e+03
1.970000e-06	4.362881e-06	1.750057e-08	3.188485e+01	1.144961e+03
1.980000e-06	4.305854e-06	1.735058e-08	3.146808e+01	1.137305e+03
1.990000e-06	4.247362e-06	1.723178e-08	3.104061e+01	1.129375e+03
2.000000e-06	4.187504e-06	1.713507e-08	3.060316e+01	1.121152e+03
2.010000e-06	4.126266e-06	1.695578e-08	3.015562e+01	1.112628e+03
2.020000e-06	4.063330e-06	1.688468e-08	2.969567e+01	1.103808e+03
2.030000e-06	3.998766e-06	1.671399e-08	2.922382e+01	1.094706e+03
2.040000e-06	3.932804e-06	1.654412e-08	2.874176e+01	1.085341e+03
2.050000e-06	3.865538e-06	1.641949e-08	2.825016e+01	1.075732e+03
2.060000e-06	3.797063e-06	1.626111e-08	2.774974e+01	1.065889e+03
2.070000e-06	3.727071e-06	1.614691e-08	2.723822e+01	1.055813e+03
2.080000e-06	3.655500e-06	1.594605e-08	2.671516e+01	1.045496e+03
2.090000e-06	3.582680e-06	1.577931e-08	2.618298e+01	1.034920e+03
2.100000e-06	3.508692e-06	1.563347e-08	2.564226e+01	1.024068e+03
2.110000e-06	3.433459e-06	1.547069e-08	2.509244e+01	1.012920e+03
2.120000e-06	3.356830e-06	1.530433e-08	2.453242e+01	1.001466e+03
2.130000e-06	3.278750e-06	1.510202e-08	2.396179e+01	9.897015e+02
2.140000e-06	3.199355e-06	1.493139e-08	2.338156e+01	9.776300e+02
2.150000e-06	3.118828e-06	1.472477e-08	2.279305e+01	9.652596e+02
2.160000e-06	3.037251e-06	1.452991e-08	2.219687e+01	9.525990e+02
2.170000e-06	2.954609e-06	1.435715e-08	2.159290e+01	9.396534e+02
2.180000e-06	2.870988e-06	1.416778e-08	2.098179e+01	9.264218e+02
2.190000e-06	2.786538e-06	1.394464e-08	2.036460e+01	9.128963e+02
2.200000e-06	2.700979e-06	1.370619e-08	1.973932e+01	8.990629e+02
2.210000e-06	2.614084e-06	1.351141e-08	1.910427e+01	8.849052e+02
2.220000e-06	2.526138e-06	1.330324e-08	1.846155e+01	8.704079e+02
2.230000e-06	2.437316e-06	1.307269e-08	1.781241e+01	8.555601e+02
2.240000e-06	2.347653e-06	1.283297e-08	1.715714e+01	8.403579e+02
2.250000e-06	2.257230e-06	1.259888e-08	1.649631e+01	8.248038e+02
2.260000e-06	2.166114e-06	1.235548e-08	1.583042e+01	8.089050e+02
2.270000e-06	2.074366e-06	1.210035e-08	1.515990e+01	7.926703e+02
2.280000e-06	1.982008e-06	1.186163e-08	1.448493e+01	7.761060e+02
2.290000e-06	1.888945e-06	1.161141e-08	1.380480e+01	7.592128e+02
2.300000e-06	1.794989e-06	1.133460e-08	1.311815e+01	7.419841e+02
2.310000e-06	1.700147e-06	1.105552e-08	1.242503e+01	7.244066e+02
2.320000e-06	1.604637e-06	1.079506e-08	1.172702e+01	7.064619e+02
2.330000e-06	1.508630e-06	1.052583e-08	1.102538e+01	6.881304e+02
2.340000e-06	1.412192e-06	1.023326e-08	1.032059e+01	6.693939e+02
2.350000e-06	1.315399e-06	9.933495e-09	9.613215e+00	6.502392e+02
2.360000e-06	1.218243e-06	9.635039e-09	8.903174e+00	6.306585e+02
2.370000e-06	1.120664e-06	9.331767e-09	8.190049e+00	6.106493e+02
2.380000e-06	1.022707e-06	9.023026e-09	7.474157e+00	5.902126e+02
2.390000e-06	9.244295e-07	8.716377e-09	6.755924e+00	5.693491e+02
2.400000e-06	8.258650e-07	8.396170e-09	6.035595e+00	5.480577e+02
2.410000e-06	7.270423e-07	8.057357e-09	5.313378e+00	5.263325e+02
2.420000e-06	6.279601e-07	7.715613e-09	4.589264e+00	5.041631e+02
2.430000e-06	5.287061e-07	7.376831e-09	3.863895e+00	4.815351e+02
2.440000e-06	4.293650e-07	7.029921e-09	3.137890e+00	4.584331e+02
2.450000e-06	3.299031e-07	6.668343e-09	2.411001e+00	4.348427e+02
2.460000e-06	2.303288e-07	6.298109e-09	1.683291e+00	4.107533e+02
2.470000e-06	1.306526e-07	5.923124e-09	9.548366e-01	3.861586e+02
2.480000e-06	3.091341e-08	5.541704e-09	2.259217e-01	3.610566e+02
2.490000e-06	-6.884627e-08	5.152484e-09	-5.031430e-01	3.354468e+02
2.500000e-06	-1.685999e-07	4.755847e-09	-1.232164e+00	3.093265e+02
2.510000e-06	-2.682932e-07	4.348205e-09	-1.960743e+00	2.826861e+02
2.520000e-06	-3.679142e-07	3.929886e-09	-2.688794e+00	2.555054e+02
2.530000e-06	-4.674576e-07	3.504688e-09	-3.416278e+00	2.277496e+02
2.540000e-06	-5.668297e-07	3.073596e-09	-4.142511e+00	1.993677e+02
2.550000e-06	-6.659513e-07	2.632507e-09	-4.866912e+00	1.702931e+02
2.560000e-06	-7.648309e-07	2.176879e-09	-5.589545e+00	1.404454e+02
2.570000e-06	-8.634804e-07	1.704844e-09	-6.310496e+00	1.097348e+02
2.580000e-06	-9.618617e-07	1.216999e-09	-7.029487e+00	7.806816e+01
2.590000e-06	-1.059916e-06	7.171958e-10	-7.746087e+00	4.535589e+01
2.600000e-06	-1.157599e-06	2.031996e-10	-8.459977e+00	1.152078e+01
2.610000e-06	-1.254860e-06	-3.291272e-10	-9.170782e+00	-2.349317e+01
2.620000e-06	-1.351665e-06	-8.834277e-10	-9.878255e+00	-5.971148e+01
2.630000e-06	-1.448065e-06	-1.458328e-09	-1.058276e+01	-9.712050e+01
2.640000e-06	-1.544084e-06	-2.049197e-09	-1.128449e+01	-1.356602e+02
2.650000e-06	-1.639626e-06	-2.654506e-09	-1.198273e+01	-1.752195e+02
2.660000e-06	-1.734430e-06	-3.271966e-09	-1.267558e+01	-2.156350e+02
2.670000e-06	-1.828274e-06	-3.899076e-09	-1.336141e+01	-2.566945e+02
2.680000e-06	-1.921283e-06	-4.531517e-09	-1.404114e+01	-2.981445e+02
2.690000e-06	-2.013654e-06	-5.165345e-09	-1.471620e+01	-3.397029e+02
2.700000e-06	-2.105353e-06	-5.797703e-09	-1.538636e+01	-3.810742e+02
2.710000e-06	-2.196299e-06	-6.424392e-09	-1.605102e+01	-4.219673e+02
2.720000e-06	-2.286450e-06	-7.040549e-09	-1.670985e+01	-4.621119e+02
2.730000e-06	-2.375762e-06	-7.641122e-09	-1.736257e+01	-5.012733e+02
2.740000e-06	-2.464333e-06	-8.223001e-09	-1.800987e+01	-5.392625e+02
2.750000e-06	-2.552217e-06	-8.783864e-09	-1.865213e+01	-5.759410e+02
2.760000e-06	-2.639189e-06	-9.321461e-09	-1.928775e+01	-6.112205e+02
2.770000e-06	-2.725013e-06	-9.837007e-09	-1.991496e+01	-6.450572e+02
2.780000e-06	-2.809724e-06	-1.033397e-08	-2.053405e+01	-6.774437e+02
2.790000e-06	-2.893501e-06	-1.081111e-08	-2.114631e+01	-7.083985e+02
2.800000e-06	-2.976372e-06	-1.126651e-08	-2.175195e+01	-7.379568e+02
2.810000e-06	-3.058255e-06	-1.169899e-08	-2.235037e+01	-7.661623e+02
2.820000e-06	-3.139165e-06	-1.210703e-08	-2.294168e+01	-7.930620e+02
2.830000e-06	-3.219095e-06	-1.249494e-08	-2.352582e+01	-8.187042e+02
2.840000e-06	-3.297822e-06	-1.286780e-08	-2.410118e+01	-8.431374e+02
2.850000e-06	-3.375137e-06	-1.322784e-08	-2.466621e+01	-8.664118e+02
2.860000e-06	-3.451008e-06	-1.357169e-08	-2.522069e+01	-8.885793e+02
2.870000e-06	-3.525533e-06	-1.389626e-08	-2.576533e+01	-9.096946e+02
2.880000e-06	-3.598805e-06	-1.420512e-08	-2.630082e+01	-9.298134e+02
2.890000e-06	-3.670872e-06	-1.449926e-08	-2.682750e+01	-9.489912e+02
2.900000e-06	-3.741610e-06	-1.477825e-08	-2.734447e+01	-9.672805e+02
2.910000e-06	-3.810815e-06	-1.504456e-08	-2.785023e+01	-9.847289e+02
2.920000e-06	-3.878547e-06	-1.530031e-08	-2.834524e+01	-1.001378e+03
2.930000e-06	-3.944931e-06	-1.554513e-08	-2.883038e+01	-1.017264e+03
2.940000e-06	-4.010023e-06	-1.577817e-08	-2.930609e+01	-1.032417e+03
2.950000e-06	-4.073767e-06	-1.600085e-08	-2.977195e+01	-1.046867e+03
2.960000e-06	-4.135948e-06	-1.621535e-08	-3.022638e+01	-1.060640e+03
2.970000e-06	-4.196494e-06	-1.641966e-08	-3.066886e+01	-1.073767e+03
2.980000e-06	-4.255572e-06	-1.661120e-08	-3.110061e+01	-1.086278e+03
2.990000e-06	-4.313235e-06	-1.679246e-08	-3.152203e+01	-1.098205e+03
3.000000e-06	-4.369426e-06	-1.696642e-08	-3.193268e+01	-1.109578e+03
3.010000e-06	-4.423867e-06	-1.713242e-08	-3.233055e+01	-1.120424e+03
3.020000e-06	-4.476349e-06	-1.728865e-08	-3.271410e+01	-1.130764e+03
3.030000e-06	-4.527064e-06	-1.743827e-08	-3.308473e+01	-1.140611e+03
3.040000e-06	-4.575984e-06	-1.758212e-08	-3.344225e+01	-1.149975e+03
3.050000e-06	-4.623040e-06	-1.771742e-08	-3.378615e+01	-1.158860e+03
3.060000e-06	-4.668544e-06	-1.784374e-08	-3.411870e+01	-1.167267e+03
3.070000e-06	-4.712649e-06	-1.796407e-08	-3.444103e+01	-1.175203e+03
3.080000e-06	-4.755277e-06	-1.807805e-08	-3.475256e+01	-1.182675e+03
3.090000e-06	-4.796433e-06	-1.818561e-08	-3.505334e+01	-1.189698e+03
3.100000e-06	-4.835938e-06	-1.828749e-08	-3.534205e+01	-1.196291e+03
3.110000e-06	-4.873556e-06	-1.838313e-08	-3.561697e+01	-1.202480e+03
3.120000e-06	-4.909393e-06	-1.847297e-08	-3.587887e+01	-1.208287e+03
3.130000e-06	-4.943604e-06	-1.855635e-08	-3.612890e+01	-1.213736e+03
3.140000e-06	-4.976157e-06	-1.863383e-08	-3.636680e+01	-1.218845e+03
3.150000e-06	-5.006864e-06	-1.870557e-08	-3.659121e+01	-1.223625e+03
3.160000e-06	-5.035664e-06	-1.877227e-08	-3.680169e+01	-1.228082e+03
3.170000e-06	-5.062746e-06	-1.883488e-08	-3.699961e+01	-1.232216e+03
3.180000e-06	-5.088121e-06	-1.889157e-08	-3.718506e+01	-1.236025e+03
3.190000e-06	-5.111685e-06	-1.894463e-08	-3.735727e+01	-1.239506e+03
3.200000e-06	-5.133318e-06	-1.899601e-08	-3.751537e+01	-1.242656e+03
3.210000e-06	-5.153089e-06	-1.904247e-08	-3.765985e+01	-1.245476e+03
3.220000e-06	-5.171139e-06	-1.908147e-08	-3.779177e+01	-1.247969e+03
3.230000e-06	-5.187383e-06	-1.911487e-08	-3.791048e+01	-1.250140e+03
3.240000e-06	-5.201507e-06	-1.914255e-08	-3.801371e+01	-1.251995e+03
3.250000e-06	-5.213444e-06	-1.916460e-08	-3.810095e+01	-1.253542e+03
3.260000e-06	-5.223467e-06	-1.918222e-08	-3.817419e+01	-1.254792e+03
3.270000e-06	-5.231722e-06	-1.919536e-08	-3.823452e+01	-1.255753e+03
3.280000e-06	-5.238087e-06	-1.920462e-08	-3.828104e+01	-1.256440e+03
3.290000e-06	-5.242525e-06	-1.921080e-08	-3.831347e+01	-1.256864e+03
3.300000e-06	-5.245205e-06	-1.921289e-08	-3.833306e+01	-1.257042e+03
3.310000e-06	-5.246134e-06	-1.921012e-08	-3.833985e+01	-1.256987e+03
