# Temperatura_=_35.56
# Concentracion g/m^3_=_20000.0
# C_Vs_to_Am_M_A/Vsm_=_65563218390.804596
# pendiente_HvsI_1/m_=_3716.3
# ordenada_HvsI_A/m_=_1297.0
# frecuencia_Hz_=_301911.49936025264

Tiempo_(s)	Campo_(V.s)	Magnetizacion_(V.s)	Campo_(kA/m)	Magnetizacion_(A/m)
0.000000e+00	-6.660373e-06	-2.876037e-08	-4.749266e+01	-1.882908e+03
1.000000e-08	-6.658405e-06	-2.875293e-08	-4.747863e+01	-1.882357e+03
2.000000e-08	-6.654092e-06	-2.873946e-08	-4.744788e+01	-1.881593e+03
3.000000e-08	-6.647699e-06	-2.871857e-08	-4.740229e+01	-1.880595e+03
4.000000e-08	-6.639196e-06	-2.869758e-08	-4.734166e+01	-1.879322e+03
5.000000e-08	-6.628293e-06	-2.867180e-08	-4.726391e+01	-1.877719e+03
6.000000e-08	-6.614868e-06	-2.864342e-08	-4.716819e+01	-1.875740e+03
7.000000e-08	-6.599005e-06	-2.860409e-08	-4.705508e+01	-1.873365e+03
8.000000e-08	-6.580937e-06	-2.854017e-08	-4.692624e+01	-1.870611e+03
9.000000e-08	-6.560793e-06	-2.854371e-08	-4.678260e+01	-1.867538e+03
1.000000e-07	-6.538256e-06	-2.855441e-08	-4.662189e+01	-1.864238e+03
1.100000e-07	-6.512990e-06	-2.845457e-08	-4.644173e+01	-1.860814e+03
1.200000e-07	-6.485165e-06	-2.835796e-08	-4.624332e+01	-1.857362e+03
1.300000e-07	-6.455245e-06	-2.831830e-08	-4.602997e+01	-1.853943e+03
1.400000e-07	-6.423597e-06	-2.818024e-08	-4.580430e+01	-1.850567e+03
1.500000e-07	-6.390112e-06	-2.809586e-08	-4.556553e+01	-1.847185e+03
1.600000e-07	-6.354508e-06	-2.820693e-08	-4.531166e+01	-1.843698e+03
1.700000e-07	-6.316869e-06	-2.801373e-08	-4.504327e+01	-1.839974e+03
1.800000e-07	-6.277144e-06	-2.797396e-08	-4.476000e+01	-1.835869e+03
1.900000e-07	-6.235038e-06	-2.799587e-08	-4.445976e+01	-1.831259e+03
2.000000e-07	-6.190629e-06	-2.775970e-08	-4.414309e+01	-1.826062e+03
2.100000e-07	-6.144015e-06	-2.775994e-08	-4.381070e+01	-1.820247e+03
2.200000e-07	-6.094852e-06	-2.762573e-08	-4.346014e+01	-1.813838e+03
2.300000e-07	-6.043083e-06	-2.747058e-08	-4.309100e+01	-1.806900e+03
2.400000e-07	-5.988883e-06	-2.742020e-08	-4.270452e+01	-1.799522e+03
2.500000e-07	-5.932421e-06	-2.727755e-08	-4.230191e+01	-1.791794e+03
2.600000e-07	-5.873712e-06	-2.718190e-08	-4.188327e+01	-1.783784e+03
2.700000e-07	-5.812771e-06	-2.705468e-08	-4.144873e+01	-1.775528e+03
2.800000e-07	-5.749793e-06	-2.691861e-08	-4.099965e+01	-1.767025e+03
2.900000e-07	-5.684739e-06	-2.677111e-08	-4.053578e+01	-1.758243e+03
3.000000e-07	-5.617525e-06	-2.663383e-08	-4.005650e+01	-1.749131e+03
3.100000e-07	-5.548170e-06	-2.652679e-08	-3.956196e+01	-1.739640e+03
3.200000e-07	-5.476793e-06	-2.633096e-08	-3.905300e+01	-1.729730e+03
3.300000e-07	-5.403409e-06	-2.619158e-08	-3.852972e+01	-1.719385e+03
3.400000e-07	-5.327797e-06	-2.601404e-08	-3.799056e+01	-1.708613e+03
3.500000e-07	-5.250005e-06	-2.582784e-08	-3.743585e+01	-1.697439e+03
3.600000e-07	-5.170031e-06	-2.568689e-08	-3.686559e+01	-1.685895e+03
3.700000e-07	-5.088083e-06	-2.549572e-08	-3.628125e+01	-1.674009e+03
3.800000e-07	-5.004579e-06	-2.531958e-08	-3.568581e+01	-1.661794e+03
3.900000e-07	-4.919492e-06	-2.511495e-08	-3.507908e+01	-1.649243e+03
4.000000e-07	-4.832830e-06	-2.491586e-08	-3.446113e+01	-1.636330e+03
4.100000e-07	-4.744547e-06	-2.471346e-08	-3.383162e+01	-1.623014e+03
4.200000e-07	-4.654581e-06	-2.451014e-08	-3.319010e+01	-1.609256e+03
4.300000e-07	-4.562962e-06	-2.429364e-08	-3.253680e+01	-1.595018e+03
4.400000e-07	-4.469704e-06	-2.405525e-08	-3.187181e+01	-1.580283e+03
4.500000e-07	-4.374918e-06	-2.383157e-08	-3.119593e+01	-1.565047e+03
4.600000e-07	-4.278541e-06	-2.358368e-08	-3.050870e+01	-1.549322e+03
4.700000e-07	-4.180553e-06	-2.333674e-08	-2.980998e+01	-1.533129e+03
4.800000e-07	-4.081037e-06	-2.308538e-08	-2.910037e+01	-1.516488e+03
4.900000e-07	-3.980017e-06	-2.283085e-08	-2.838004e+01	-1.499410e+03
5.000000e-07	-3.877603e-06	-2.256155e-08	-2.764976e+01	-1.481892e+03
5.100000e-07	-3.773830e-06	-2.228575e-08	-2.690979e+01	-1.463914e+03
5.200000e-07	-3.668719e-06	-2.200972e-08	-2.616028e+01	-1.445445e+03
5.300000e-07	-3.562225e-06	-2.171238e-08	-2.540092e+01	-1.426449e+03
5.400000e-07	-3.454287e-06	-2.140427e-08	-2.463125e+01	-1.406889e+03
5.500000e-07	-3.345081e-06	-2.109521e-08	-2.385254e+01	-1.386737e+03
5.600000e-07	-3.234744e-06	-2.079110e-08	-2.306577e+01	-1.365980e+03
5.700000e-07	-3.123241e-06	-2.046790e-08	-2.227068e+01	-1.344613e+03
5.800000e-07	-3.010451e-06	-2.013085e-08	-2.146641e+01	-1.322643e+03
5.900000e-07	-2.896362e-06	-1.978452e-08	-2.065289e+01	-1.300078e+03
6.000000e-07	-2.781084e-06	-1.942835e-08	-1.983088e+01	-1.276925e+03
6.100000e-07	-2.664647e-06	-1.906209e-08	-1.900062e+01	-1.253181e+03
6.200000e-07	-2.547157e-06	-1.869176e-08	-1.816284e+01	-1.228834e+03
6.300000e-07	-2.428756e-06	-1.831750e-08	-1.731857e+01	-1.203863e+03
6.400000e-07	-2.309464e-06	-1.792390e-08	-1.646794e+01	-1.178238e+03
6.500000e-07	-2.189341e-06	-1.751674e-08	-1.561139e+01	-1.151929e+03
6.600000e-07	-2.068448e-06	-1.710214e-08	-1.474934e+01	-1.124905e+03
6.700000e-07	-1.946814e-06	-1.667962e-08	-1.388202e+01	-1.097140e+03
6.800000e-07	-1.824512e-06	-1.624372e-08	-1.300992e+01	-1.068615e+03
6.900000e-07	-1.701519e-06	-1.579917e-08	-1.213290e+01	-1.039313e+03
7.000000e-07	-1.577901e-06	-1.534345e-08	-1.125143e+01	-1.009220e+03
7.100000e-07	-1.453759e-06	-1.487079e-08	-1.036622e+01	-9.783243e+02
7.200000e-07	-1.329125e-06	-1.438434e-08	-9.477500e+00	-9.466101e+02
7.300000e-07	-1.204083e-06	-1.388571e-08	-8.585869e+00	-9.140623e+02
7.400000e-07	-1.078702e-06	-1.337476e-08	-7.691825e+00	-8.806657e+02
7.500000e-07	-9.530471e-07	-1.285074e-08	-6.795828e+00	-8.464074e+02
7.600000e-07	-8.271196e-07	-1.231902e-08	-5.897885e+00	-8.112792e+02
7.700000e-07	-7.008936e-07	-1.177576e-08	-4.997814e+00	-7.752782e+02
7.800000e-07	-5.744334e-07	-1.121566e-08	-4.096073e+00	-7.384067e+02
7.900000e-07	-4.477959e-07	-1.063947e-08	-3.193068e+00	-7.006701e+02
8.000000e-07	-3.209548e-07	-1.005134e-08	-2.288610e+00	-6.620734e+02
8.100000e-07	-1.938907e-07	-9.450794e-09	-1.382563e+00	-6.226170e+02
8.200000e-07	-6.670469e-08	-8.834559e-09	-4.756466e-01	-5.822925e+02
8.300000e-07	6.052865e-08	-8.206578e-09	4.316075e-01	-5.410793e+02
8.400000e-07	1.877691e-07	-7.567968e-09	1.338912e+00	-4.989411e+02
8.500000e-07	3.149068e-07	-6.913147e-09	2.245485e+00	-4.558231e+02
8.600000e-07	4.419382e-07	-6.238148e-09	3.151298e+00	-4.116492e+02
8.700000e-07	5.689054e-07	-5.547083e-09	4.056655e+00	-3.663186e+02
8.800000e-07	6.957210e-07	-4.838668e-09	4.960930e+00	-3.197031e+02
8.900000e-07	8.222760e-07	-4.108728e-09	5.863347e+00	-2.716460e+02
9.000000e-07	9.485211e-07	-3.353163e-09	6.763554e+00	-2.219641e+02
9.100000e-07	1.074460e-06	-2.568790e-09	7.661575e+00	-1.704551e+02
9.200000e-07	1.200070e-06	-1.752452e-09	8.557254e+00	-1.169128e+02
9.300000e-07	1.325330e-06	-8.988824e-10	9.450441e+00	-6.114854e+01
9.400000e-07	1.450186e-06	-1.050527e-11	1.034074e+01	-3.019698e+00
9.500000e-07	1.574525e-06	9.121676e-10	1.122736e+01	5.753874e+01
9.600000e-07	1.698302e-06	1.870639e-09	1.210996e+01	1.204845e+02
9.700000e-07	1.821447e-06	2.862976e-09	1.298807e+01	1.856450e+02
9.800000e-07	1.943931e-06	3.882562e-09	1.386146e+01	2.527071e+02
9.900000e-07	2.065704e-06	4.923517e-09	1.472977e+01	3.212223e+02
1.000000e-06	2.186633e-06	5.978898e-09	1.559207e+01	3.906290e+02
1.010000e-06	2.306676e-06	7.040678e-09	1.644805e+01	4.602900e+02
1.020000e-06	2.425822e-06	8.097655e-09	1.729764e+01	5.295406e+02
1.030000e-06	2.544057e-06	9.135451e-09	1.814073e+01	5.977394e+02
1.040000e-06	2.661367e-06	1.014638e-08	1.897723e+01	6.643155e+02
1.050000e-06	2.777672e-06	1.112367e-08	1.980655e+01	7.288042e+02
1.060000e-06	2.892905e-06	1.206745e-08	2.062824e+01	7.908668e+02
1.070000e-06	3.006972e-06	1.297064e-08	2.144161e+01	8.502937e+02
1.080000e-06	3.119753e-06	1.383216e-08	2.224581e+01	9.069905e+02
1.090000e-06	3.231321e-06	1.465140e-08	2.304136e+01	9.609540e+02
1.100000e-06	3.341733e-06	1.543098e-08	2.382867e+01	1.012243e+03
1.110000e-06	3.451042e-06	1.617240e-08	2.460811e+01	1.060949e+03
1.120000e-06	3.559264e-06	1.687408e-08	2.537980e+01	1.107174e+03
1.130000e-06	3.666313e-06	1.754063e-08	2.614313e+01	1.151020e+03
1.140000e-06	3.772061e-06	1.817046e-08	2.689718e+01	1.192581e+03
1.150000e-06	3.876360e-06	1.876523e-08	2.764089e+01	1.231948e+03
1.160000e-06	3.979206e-06	1.932863e-08	2.837425e+01	1.269218e+03
1.170000e-06	4.080677e-06	1.986425e-08	2.909781e+01	1.304493e+03
1.180000e-06	4.180812e-06	2.036964e-08	2.981183e+01	1.337892e+03
1.190000e-06	4.279545e-06	2.084695e-08	3.051586e+01	1.369540e+03
1.200000e-06	4.376652e-06	2.130145e-08	3.120829e+01	1.399566e+03
1.210000e-06	4.472033e-06	2.173475e-08	3.188842e+01	1.428096e+03
1.220000e-06	4.565824e-06	2.214783e-08	3.255721e+01	1.455237e+03
1.230000e-06	4.658114e-06	2.254310e-08	3.321530e+01	1.481079e+03
1.240000e-06	4.748805e-06	2.291973e-08	3.386198e+01	1.505691e+03
1.250000e-06	4.837666e-06	2.327551e-08	3.449562e+01	1.529124e+03
1.260000e-06	4.924704e-06	2.361165e-08	3.511625e+01	1.551421e+03
1.270000e-06	5.010055e-06	2.393214e-08	3.572486e+01	1.572628e+03
1.280000e-06	5.093793e-06	2.423898e-08	3.632196e+01	1.592792e+03
1.290000e-06	5.175755e-06	2.453092e-08	3.690640e+01	1.611975e+03
1.300000e-06	5.255755e-06	2.480858e-08	3.747685e+01	1.630243e+03
1.310000e-06	5.333833e-06	2.507370e-08	3.803360e+01	1.647666e+03
1.320000e-06	5.409974e-06	2.532742e-08	3.857653e+01	1.664306e+03
1.330000e-06	5.484000e-06	2.557034e-08	3.910439e+01	1.680211e+03
1.340000e-06	5.555843e-06	2.580198e-08	3.961667e+01	1.695414e+03
1.350000e-06	5.625674e-06	2.602252e-08	4.011461e+01	1.709928e+03
1.360000e-06	5.693556e-06	2.623134e-08	4.059865e+01	1.723752e+03
1.370000e-06	5.759394e-06	2.642881e-08	4.106811e+01	1.736883e+03
1.380000e-06	5.823128e-06	2.661534e-08	4.152258e+01	1.749323e+03
1.390000e-06	5.884853e-06	2.679231e-08	4.196272e+01	1.761085e+03
1.400000e-06	5.944652e-06	2.696055e-08	4.238912e+01	1.772198e+03
1.410000e-06	6.002367e-06	2.712156e-08	4.280067e+01	1.782704e+03
1.420000e-06	6.057903e-06	2.727604e-08	4.319667e+01	1.792649e+03
1.430000e-06	6.111221e-06	2.742359e-08	4.357686e+01	1.802075e+03
1.440000e-06	6.162049e-06	2.756468e-08	4.393930e+01	1.811014e+03
1.450000e-06	6.210354e-06	2.769726e-08	4.428374e+01	1.819477e+03
1.460000e-06	6.256425e-06	2.781843e-08	4.461226e+01	1.827456e+03
1.470000e-06	6.300465e-06	2.792935e-08	4.492629e+01	1.834930e+03
1.480000e-06	6.342263e-06	2.803388e-08	4.522434e+01	1.841875e+03
1.490000e-06	6.381612e-06	2.813197e-08	4.550493e+01	1.848273e+03
1.500000e-06	6.418745e-06	2.822063e-08	4.576970e+01	1.854124e+03
1.510000e-06	6.453778e-06	2.829934e-08	4.601951e+01	1.859448e+03
1.520000e-06	6.486449e-06	2.837235e-08	4.625248e+01	1.864285e+03
1.530000e-06	6.516758e-06	2.844214e-08	4.646860e+01	1.868687e+03
1.540000e-06	6.544964e-06	2.850752e-08	4.666973e+01	1.872706e+03
1.550000e-06	6.570798e-06	2.856642e-08	4.685394e+01	1.876382e+03
1.560000e-06	6.594088e-06	2.861873e-08	4.702001e+01	1.879733e+03
1.570000e-06	6.615128e-06	2.866478e-08	4.717004e+01	1.882751e+03
1.580000e-06	6.634054e-06	2.870352e-08	4.730499e+01	1.885408e+03
1.590000e-06	6.650570e-06	2.873586e-08	4.742276e+01	1.887666e+03
1.600000e-06	6.664496e-06	2.876099e-08	4.752207e+01	1.889487e+03
1.610000e-06	6.675890e-06	2.878060e-08	4.760331e+01	1.890853e+03
1.620000e-06	6.684629e-06	2.879693e-08	4.766563e+01	1.891769e+03
1.630000e-06	6.690850e-06	2.880954e-08	4.770999e+01	1.892268e+03
1.640000e-06	6.694873e-06	2.881914e-08	4.773867e+01	1.892402e+03
1.650000e-06	6.696567e-06	2.882285e-08	4.775075e+01	1.892234e+03
1.660000e-06	6.695815e-06	2.882219e-08	4.774539e+01	1.891816e+03
1.670000e-06	6.692865e-06	2.880189e-08	4.772436e+01	1.891179e+03
1.680000e-06	6.687732e-06	2.878074e-08	4.768775e+01	1.890325e+03
1.690000e-06	6.680322e-06	2.876107e-08	4.763492e+01	1.889224e+03
1.700000e-06	6.670746e-06	2.873833e-08	4.756663e+01	1.887825e+03
1.710000e-06	6.659071e-06	2.871370e-08	4.748338e+01	1.886077e+03
1.720000e-06	6.645020e-06	2.868507e-08	4.738319e+01	1.883941e+03
1.730000e-06	6.628667e-06	2.869131e-08	4.726658e+01	1.881410e+03
1.740000e-06	6.610267e-06	2.859523e-08	4.713538e+01	1.878520e+03
1.750000e-06	6.589205e-06	2.848098e-08	4.698519e+01	1.875344e+03
1.760000e-06	6.564905e-06	2.849368e-08	4.681192e+01	1.871980e+03
1.770000e-06	6.537850e-06	2.846004e-08	4.661900e+01	1.868534e+03
1.780000e-06	6.508702e-06	2.839091e-08	4.641115e+01	1.865088e+03
1.790000e-06	6.477723e-06	2.847132e-08	4.619025e+01	1.861685e+03
1.800000e-06	6.445253e-06	2.828705e-08	4.595872e+01	1.858314e+03
1.810000e-06	6.410929e-06	2.820143e-08	4.571397e+01	1.854903e+03
1.820000e-06	6.374403e-06	2.833798e-08	4.545352e+01	1.851338e+03
1.830000e-06	6.335747e-06	2.810670e-08	4.517788e+01	1.847479e+03
1.840000e-06	6.294654e-06	2.818413e-08	4.488486e+01	1.843186e+03
1.850000e-06	6.251374e-06	2.813065e-08	4.457625e+01	1.838351e+03
1.860000e-06	6.206042e-06	2.789423e-08	4.425300e+01	1.832910e+03
1.870000e-06	6.158333e-06	2.800197e-08	4.391281e+01	1.826854e+03
1.880000e-06	6.108392e-06	2.775263e-08	4.355669e+01	1.820225e+03
1.890000e-06	6.055940e-06	2.767880e-08	4.318268e+01	1.813101e+03
1.900000e-06	6.000830e-06	2.762673e-08	4.278971e+01	1.805574e+03
1.910000e-06	5.943470e-06	2.738374e-08	4.238069e+01	1.797727e+03
1.920000e-06	5.883995e-06	2.739004e-08	4.195660e+01	1.789616e+03
1.930000e-06	5.822494e-06	2.716858e-08	4.151806e+01	1.781263e+03
1.940000e-06	5.758773e-06	2.710224e-08	4.106369e+01	1.772653e+03
1.950000e-06	5.692895e-06	2.695805e-08	4.059393e+01	1.763746e+03
1.960000e-06	5.624952e-06	2.675875e-08	4.010946e+01	1.754489e+03
1.970000e-06	5.554695e-06	2.668655e-08	3.960849e+01	1.744835e+03
1.980000e-06	5.482289e-06	2.642686e-08	3.909219e+01	1.734752e+03
1.990000e-06	5.407895e-06	2.637665e-08	3.856171e+01	1.724236e+03
2.000000e-06	5.331493e-06	2.617260e-08	3.801691e+01	1.713300e+03
2.010000e-06	5.252957e-06	2.598291e-08	3.745690e+01	1.701975e+03
2.020000e-06	5.172376e-06	2.583536e-08	3.688231e+01	1.690292e+03
2.030000e-06	5.089998e-06	2.559637e-08	3.629490e+01	1.678274e+03
2.040000e-06	5.005886e-06	2.547198e-08	3.569513e+01	1.665928e+03
2.050000e-06	4.920081e-06	2.524349e-08	3.508328e+01	1.653236e+03
2.060000e-06	4.832424e-06	2.508125e-08	3.445824e+01	1.640168e+03
2.070000e-06	4.743066e-06	2.484748e-08	3.382106e+01	1.626681e+03
2.080000e-06	4.652178e-06	2.462160e-08	3.317296e+01	1.612736e+03
2.090000e-06	4.559701e-06	2.440658e-08	3.251355e+01	1.598302e+03
2.100000e-06	4.465624e-06	2.417936e-08	3.184272e+01	1.583367e+03
2.110000e-06	4.369910e-06	2.397800e-08	3.116022e+01	1.567935e+03
2.120000e-06	4.272651e-06	2.370617e-08	3.046670e+01	1.552022e+03
2.130000e-06	4.173986e-06	2.346512e-08	2.976316e+01	1.535649e+03
2.140000e-06	4.073926e-06	2.320199e-08	2.904966e+01	1.518833e+03
2.150000e-06	3.972344e-06	2.295259e-08	2.832532e+01	1.501582e+03
2.160000e-06	3.869188e-06	2.267144e-08	2.758975e+01	1.483884e+03
2.170000e-06	3.764512e-06	2.239453e-08	2.684335e+01	1.465716e+03
2.180000e-06	3.658544e-06	2.211488e-08	2.608773e+01	1.447042e+03
2.190000e-06	3.551404e-06	2.181864e-08	2.532375e+01	1.427826e+03
2.200000e-06	3.443041e-06	2.151778e-08	2.455106e+01	1.408035e+03
2.210000e-06	3.333484e-06	2.120362e-08	2.376984e+01	1.387644e+03
2.220000e-06	3.222642e-06	2.088779e-08	2.297947e+01	1.366645e+03
2.230000e-06	3.110487e-06	2.054845e-08	2.217974e+01	1.345038e+03
2.240000e-06	2.997110e-06	2.021821e-08	2.137129e+01	1.322832e+03
2.250000e-06	2.882600e-06	1.988215e-08	2.055476e+01	1.300033e+03
2.260000e-06	2.766954e-06	1.953525e-08	1.973013e+01	1.276647e+03
2.270000e-06	2.650111e-06	1.915606e-08	1.889697e+01	1.252666e+03
2.280000e-06	2.532163e-06	1.877263e-08	1.805592e+01	1.228075e+03
2.290000e-06	2.413189e-06	1.838602e-08	1.720756e+01	1.202849e+03
2.300000e-06	2.293276e-06	1.799268e-08	1.635251e+01	1.176957e+03
2.310000e-06	2.172527e-06	1.759258e-08	1.549149e+01	1.150368e+03
2.320000e-06	2.051056e-06	1.718171e-08	1.462532e+01	1.123054e+03
2.330000e-06	1.929044e-06	1.675540e-08	1.375530e+01	1.094990e+03
2.340000e-06	1.806481e-06	1.631067e-08	1.288135e+01	1.066160e+03
2.350000e-06	1.683197e-06	1.586060e-08	1.200226e+01	1.036547e+03
2.360000e-06	1.559260e-06	1.539802e-08	1.111851e+01	1.006138e+03
2.370000e-06	1.434861e-06	1.492286e-08	1.023146e+01	9.749205e+02
2.380000e-06	1.310046e-06	1.443064e-08	9.341457e+00	9.428787e+02
2.390000e-06	1.184867e-06	1.393027e-08	8.448847e+00	9.099972e+02
2.400000e-06	1.059238e-06	1.341490e-08	7.553032e+00	8.762614e+02
2.410000e-06	9.331898e-07	1.288411e-08	6.654233e+00	8.416600e+02
2.420000e-06	8.068472e-07	1.234277e-08	5.753330e+00	8.061869e+02
2.430000e-06	6.801685e-07	1.178859e-08	4.850031e+00	7.698414e+02
2.440000e-06	5.532187e-07	1.122152e-08	3.944798e+00	7.326274e+02
2.450000e-06	4.261144e-07	1.064092e-08	3.038465e+00	6.945505e+02
2.460000e-06	2.988671e-07	1.004786e-08	2.131111e+00	6.556144e+02
2.470000e-06	1.715026e-07	9.437623e-09	1.222922e+00	6.158166e+02
2.480000e-06	4.407377e-08	8.809739e-09	3.142738e-01	5.751442e+02
2.490000e-06	-8.341028e-08	8.171393e-09	-5.947680e-01	5.335709e+02
2.500000e-06	-2.108782e-07	7.523936e-09	-1.503695e+00	4.910534e+02
2.510000e-06	-3.382697e-07	6.862386e-09	-2.412076e+00	4.475290e+02
2.520000e-06	-4.656174e-07	6.182750e-09	-3.320146e+00	4.029122e+02
2.530000e-06	-5.929351e-07	5.485248e-09	-4.228002e+00	3.570917e+02
2.540000e-06	-7.200500e-07	4.766882e-09	-5.134411e+00	3.099281e+02
2.550000e-06	-8.468428e-07	4.020031e-09	-6.038524e+00	2.612538e+02
2.560000e-06	-9.733109e-07	3.245587e-09	-6.940321e+00	2.108768e+02
2.570000e-06	-1.099336e-06	2.444591e-09	-7.838958e+00	1.585913e+02
2.580000e-06	-1.224836e-06	1.615262e-09	-8.733854e+00	1.041947e+02
2.590000e-06	-1.349865e-06	7.534501e-10	-9.625387e+00	4.751290e+01
2.600000e-06	-1.474452e-06	-1.456627e-10	-1.051377e+01	-1.156999e+01
2.610000e-06	-1.598492e-06	-1.082078e-09	-1.139826e+01	-7.308014e+01
2.620000e-06	-1.721855e-06	-2.055168e-09	-1.227791e+01	-1.369263e+02
2.630000e-06	-1.844506e-06	-3.061828e-09	-1.315249e+01	-2.028810e+02
2.640000e-06	-1.966530e-06	-4.098451e-09	-1.402260e+01	-2.705764e+02
2.650000e-06	-2.087893e-06	-5.157070e-09	-1.488800e+01	-3.395159e+02
2.660000e-06	-2.208490e-06	-6.223112e-09	-1.574793e+01	-4.091031e+02
2.670000e-06	-2.328240e-06	-7.284762e-09	-1.660182e+01	-4.786840e+02
2.680000e-06	-2.447073e-06	-8.335015e-09	-1.744918e+01	-5.475970e+02
2.690000e-06	-2.564880e-06	-9.368340e-09	-1.828921e+01	-6.152231e+02
2.700000e-06	-2.681576e-06	-1.037702e-08	-1.912133e+01	-6.810299e+02
2.710000e-06	-2.797110e-06	-1.135059e-08	-1.994516e+01	-7.446006e+02
2.720000e-06	-2.911466e-06	-1.228352e-08	-2.076059e+01	-8.056479e+02
2.730000e-06	-3.024685e-06	-1.317577e-08	-2.156792e+01	-8.640098e+02
2.740000e-06	-3.136630e-06	-1.402628e-08	-2.236615e+01	-9.196311e+02
2.750000e-06	-3.247309e-06	-1.483757e-08	-2.315537e+01	-9.725365e+02
2.760000e-06	-3.356893e-06	-1.560861e-08	-2.393677e+01	-1.022801e+03
2.770000e-06	-3.465394e-06	-1.633896e-08	-2.471044e+01	-1.070522e+03
2.780000e-06	-3.572809e-06	-1.703358e-08	-2.547638e+01	-1.115803e+03
2.790000e-06	-3.679116e-06	-1.769308e-08	-2.623442e+01	-1.158742e+03
2.800000e-06	-3.784143e-06	-1.831812e-08	-2.698333e+01	-1.199432e+03
2.810000e-06	-3.887770e-06	-1.890838e-08	-2.772225e+01	-1.237965e+03
2.820000e-06	-3.989922e-06	-1.946675e-08	-2.845066e+01	-1.274440e+03
2.830000e-06	-4.090573e-06	-1.999811e-08	-2.916837e+01	-1.308966e+03
2.840000e-06	-4.189811e-06	-2.050238e-08	-2.987600e+01	-1.341663e+03
2.850000e-06	-4.287647e-06	-2.097875e-08	-3.057363e+01	-1.372661e+03
2.860000e-06	-4.384058e-06	-2.142981e-08	-3.126110e+01	-1.402088e+03
2.870000e-06	-4.478951e-06	-2.185852e-08	-3.193775e+01	-1.430062e+03
2.880000e-06	-4.572158e-06	-2.226416e-08	-3.260237e+01	-1.456685e+03
2.890000e-06	-4.663682e-06	-2.265065e-08	-3.325500e+01	-1.482039e+03
2.900000e-06	-4.753576e-06	-2.302238e-08	-3.389600e+01	-1.506183e+03
2.910000e-06	-4.841770e-06	-2.337839e-08	-3.452487e+01	-1.529167e+03
2.920000e-06	-4.928113e-06	-2.371468e-08	-3.514056e+01	-1.551033e+03
2.930000e-06	-5.012629e-06	-2.402988e-08	-3.574321e+01	-1.571825e+03
2.940000e-06	-5.095463e-06	-2.432874e-08	-3.633387e+01	-1.591599e+03
2.950000e-06	-5.176577e-06	-2.461558e-08	-3.691226e+01	-1.610416e+03
2.960000e-06	-5.255715e-06	-2.488943e-08	-3.747657e+01	-1.628346e+03
2.970000e-06	-5.332634e-06	-2.515074e-08	-3.802505e+01	-1.645456e+03
2.980000e-06	-5.407470e-06	-2.540262e-08	-3.855868e+01	-1.661805e+03
2.990000e-06	-5.480357e-06	-2.564494e-08	-3.907841e+01	-1.677434e+03
3.000000e-06	-5.551230e-06	-2.587590e-08	-3.958377e+01	-1.692367e+03
3.010000e-06	-5.620027e-06	-2.609351e-08	-4.007434e+01	-1.706612e+03
3.020000e-06	-5.686825e-06	-2.629982e-08	-4.055065e+01	-1.720166e+03
3.030000e-06	-5.751747e-06	-2.649716e-08	-4.101359e+01	-1.733027e+03
3.040000e-06	-5.814638e-06	-2.668169e-08	-4.146204e+01	-1.745200e+03
3.050000e-06	-5.875333e-06	-2.685512e-08	-4.189483e+01	-1.756705e+03
3.060000e-06	-5.933899e-06	-2.702097e-08	-4.231245e+01	-1.767576e+03
3.070000e-06	-5.990480e-06	-2.718002e-08	-4.271591e+01	-1.777858e+03
3.080000e-06	-6.044928e-06	-2.732991e-08	-4.310415e+01	-1.787597e+03
3.090000e-06	-6.096934e-06	-2.746934e-08	-4.347499e+01	-1.796831e+03
3.100000e-06	-6.146336e-06	-2.759977e-08	-4.382726e+01	-1.805584e+03
3.110000e-06	-6.193248e-06	-2.772654e-08	-4.416177e+01	-1.813861e+03
3.120000e-06	-6.238135e-06	-2.784631e-08	-4.448184e+01	-1.821646e+03
3.130000e-06	-6.281126e-06	-2.795509e-08	-4.478839e+01	-1.828917e+03
3.140000e-06	-6.322093e-06	-2.805446e-08	-4.508052e+01	-1.835651e+03
3.150000e-06	-6.360832e-06	-2.814551e-08	-4.535675e+01	-1.841835e+03
3.160000e-06	-6.397265e-06	-2.823166e-08	-4.561654e+01	-1.847477e+03
3.170000e-06	-6.431465e-06	-2.831104e-08	-4.586040e+01	-1.852606e+03
3.180000e-06	-6.463409e-06	-2.838574e-08	-4.608819e+01	-1.857268e+03
3.190000e-06	-6.492981e-06	-2.845371e-08	-4.629905e+01	-1.861516e+03
3.200000e-06	-6.520120e-06	-2.851573e-08	-4.649257e+01	-1.865399e+03
3.210000e-06	-6.544983e-06	-2.856970e-08	-4.666986e+01	-1.868948e+03
3.220000e-06	-6.567509e-06	-2.861673e-08	-4.683049e+01	-1.872172e+03
3.230000e-06	-6.587649e-06	-2.865782e-08	-4.697410e+01	-1.875055e+03
3.240000e-06	-6.605503e-06	-2.869217e-08	-4.710141e+01	-1.877562e+03
3.250000e-06	-6.620929e-06	-2.871984e-08	-4.721141e+01	-1.879653e+03
3.260000e-06	-6.633667e-06	-2.874135e-08	-4.730223e+01	-1.881299e+03
3.270000e-06	-6.643851e-06	-2.876029e-08	-4.737486e+01	-1.882488e+03
3.280000e-06	-6.651675e-06	-2.877637e-08	-4.743064e+01	-1.883237e+03
3.290000e-06	-6.657025e-06	-2.878483e-08	-4.746879e+01	-1.883587e+03
3.300000e-06	-6.659993e-06	-2.878558e-08	-4.748996e+01	-1.883598e+03
3.310000e-06	-6.660823e-06	-2.877748e-08	-4.749587e+01	-1.883328e+03
