# Temperatura_=_70.8
# Concentracion g/m^3_=_20000.0
# C_Vs_to_Am_M_A/Vsm_=_65563218390.804596
# pendiente_HvsI_1/m_=_3716.3
# ordenada_HvsI_A/m_=_1297.0
# frecuencia_Hz_=_301918.78675326746

Tiempo_(s)	Campo_(V.s)	Magnetizacion_(V.s)	Campo_(kA/m)	Magnetizacion_(A/m)
0.000000e+00	-6.658599e-06	-3.064170e-08	-4.749877e+01	-2.006770e+03
1.000000e-08	-6.656762e-06	-3.063688e-08	-4.748567e+01	-2.006277e+03
2.000000e-08	-6.652573e-06	-3.062891e-08	-4.745579e+01	-2.005566e+03
3.000000e-08	-6.646271e-06	-3.061097e-08	-4.741083e+01	-2.004598e+03
4.000000e-08	-6.637872e-06	-3.059005e-08	-4.735092e+01	-2.003316e+03
5.000000e-08	-6.627181e-06	-3.056305e-08	-4.727466e+01	-2.001662e+03
6.000000e-08	-6.613986e-06	-3.052909e-08	-4.718053e+01	-1.999596e+03
7.000000e-08	-6.598288e-06	-3.048634e-08	-4.706855e+01	-1.997112e+03
8.000000e-08	-6.580372e-06	-3.043463e-08	-4.694075e+01	-1.994244e+03
9.000000e-08	-6.560376e-06	-3.042465e-08	-4.679811e+01	-1.991067e+03
1.000000e-07	-6.537972e-06	-3.042875e-08	-4.663829e+01	-1.987680e+03
1.100000e-07	-6.512884e-06	-3.034296e-08	-4.645932e+01	-1.984188e+03
1.200000e-07	-6.485235e-06	-3.025111e-08	-4.626209e+01	-1.980679e+03
1.300000e-07	-6.455484e-06	-3.019924e-08	-4.604986e+01	-1.977207e+03
1.400000e-07	-6.424014e-06	-3.007704e-08	-4.582538e+01	-1.973773e+03
1.500000e-07	-6.390698e-06	-2.997602e-08	-4.558771e+01	-1.970326e+03
1.600000e-07	-6.355236e-06	-3.003573e-08	-4.533475e+01	-1.966770e+03
1.700000e-07	-6.317754e-06	-2.990389e-08	-4.506737e+01	-1.962980e+03
1.800000e-07	-6.278219e-06	-2.982021e-08	-4.478535e+01	-1.958824e+03
1.900000e-07	-6.236274e-06	-2.982638e-08	-4.448614e+01	-1.954180e+03
2.000000e-07	-6.191941e-06	-2.964331e-08	-4.416990e+01	-1.948961e+03
2.100000e-07	-6.145406e-06	-2.961724e-08	-4.383794e+01	-1.943121e+03
2.200000e-07	-6.096452e-06	-2.954109e-08	-4.348873e+01	-1.936658e+03
2.300000e-07	-6.044845e-06	-2.939421e-08	-4.312059e+01	-1.929609e+03
2.400000e-07	-5.990782e-06	-2.929409e-08	-4.273493e+01	-1.922037e+03
2.500000e-07	-5.934555e-06	-2.912186e-08	-4.233384e+01	-1.914015e+03
2.600000e-07	-5.876092e-06	-2.900128e-08	-4.191680e+01	-1.905615e+03
2.700000e-07	-5.815363e-06	-2.889388e-08	-4.148359e+01	-1.896892e+03
2.800000e-07	-5.752604e-06	-2.875948e-08	-4.103590e+01	-1.887878e+03
2.900000e-07	-5.687745e-06	-2.861285e-08	-4.057324e+01	-1.878585e+03
3.000000e-07	-5.620622e-06	-2.845334e-08	-4.009442e+01	-1.869001e+03
3.100000e-07	-5.551378e-06	-2.832426e-08	-3.960047e+01	-1.859102e+03
3.200000e-07	-5.480172e-06	-2.815316e-08	-3.909253e+01	-1.848856e+03
3.300000e-07	-5.406883e-06	-2.801170e-08	-3.856972e+01	-1.838231e+03
3.400000e-07	-5.331346e-06	-2.783656e-08	-3.803088e+01	-1.827201e+03
3.500000e-07	-5.253632e-06	-2.762879e-08	-3.747652e+01	-1.815751e+03
3.600000e-07	-5.173867e-06	-2.746353e-08	-3.690752e+01	-1.803871e+03
3.700000e-07	-5.092222e-06	-2.727455e-08	-3.632511e+01	-1.791563e+03
3.800000e-07	-5.008894e-06	-2.709974e-08	-3.573069e+01	-1.778833e+03
3.900000e-07	-4.923952e-06	-2.689990e-08	-3.512476e+01	-1.765687e+03
4.000000e-07	-4.837434e-06	-2.667874e-08	-3.450759e+01	-1.752132e+03
4.100000e-07	-4.749282e-06	-2.645611e-08	-3.387876e+01	-1.738167e+03
4.200000e-07	-4.659418e-06	-2.624862e-08	-3.323772e+01	-1.723785e+03
4.300000e-07	-4.567884e-06	-2.603687e-08	-3.258477e+01	-1.708973e+03
4.400000e-07	-4.474749e-06	-2.579538e-08	-3.192039e+01	-1.693710e+03
4.500000e-07	-4.380057e-06	-2.555766e-08	-3.124491e+01	-1.677974e+03
4.600000e-07	-4.283770e-06	-2.529707e-08	-3.055805e+01	-1.661743e+03
4.700000e-07	-4.185926e-06	-2.502866e-08	-2.986009e+01	-1.645000e+03
4.800000e-07	-4.086579e-06	-2.476812e-08	-2.915140e+01	-1.627733e+03
4.900000e-07	-3.985744e-06	-2.451579e-08	-2.843210e+01	-1.609940e+03
5.000000e-07	-3.883472e-06	-2.424405e-08	-2.770255e+01	-1.591624e+03
5.100000e-07	-3.779748e-06	-2.394453e-08	-2.696264e+01	-1.572794e+03
5.200000e-07	-3.674603e-06	-2.364523e-08	-2.621259e+01	-1.553456e+03
5.300000e-07	-3.568096e-06	-2.334453e-08	-2.545283e+01	-1.533611e+03
5.400000e-07	-3.460276e-06	-2.302950e-08	-2.468370e+01	-1.513248e+03
5.500000e-07	-3.351241e-06	-2.270709e-08	-2.390590e+01	-1.492347e+03
5.600000e-07	-3.241068e-06	-2.238949e-08	-2.311999e+01	-1.470874e+03
5.700000e-07	-3.129635e-06	-2.205324e-08	-2.232509e+01	-1.448790e+03
5.800000e-07	-3.016871e-06	-2.169983e-08	-2.152070e+01	-1.426057e+03
5.900000e-07	-2.902900e-06	-2.134526e-08	-2.070769e+01	-1.402639e+03
6.000000e-07	-2.787765e-06	-2.098481e-08	-1.988638e+01	-1.378516e+03
6.100000e-07	-2.671431e-06	-2.060064e-08	-1.905652e+01	-1.353677e+03
6.200000e-07	-2.554000e-06	-2.020325e-08	-1.821883e+01	-1.328126e+03
6.300000e-07	-2.435703e-06	-1.980719e-08	-1.737496e+01	-1.301871e+03
6.400000e-07	-2.316583e-06	-1.939856e-08	-1.652523e+01	-1.274916e+03
6.500000e-07	-2.196569e-06	-1.897409e-08	-1.566911e+01	-1.247256e+03
6.600000e-07	-2.075718e-06	-1.854453e-08	-1.480703e+01	-1.218869e+03
6.700000e-07	-1.954182e-06	-1.810491e-08	-1.394006e+01	-1.189713e+03
6.800000e-07	-1.831945e-06	-1.764193e-08	-1.306809e+01	-1.159730e+03
6.900000e-07	-1.709013e-06	-1.716709e-08	-1.219116e+01	-1.128854e+03
7.000000e-07	-1.585429e-06	-1.668994e-08	-1.130958e+01	-1.097023e+03
7.100000e-07	-1.461225e-06	-1.619848e-08	-1.042358e+01	-1.064187e+03
7.200000e-07	-1.336589e-06	-1.567991e-08	-9.534485e+00	-1.030314e+03
7.300000e-07	-1.211636e-06	-1.514276e-08	-8.643141e+00	-9.953951e+02
7.400000e-07	-1.086335e-06	-1.459258e-08	-7.749312e+00	-9.594362e+02
7.500000e-07	-9.606535e-07	-1.402641e-08	-6.852773e+00	-9.224499e+02
7.600000e-07	-8.346447e-07	-1.344947e-08	-5.953895e+00	-8.844427e+02
7.700000e-07	-7.084240e-07	-1.286102e-08	-5.053506e+00	-8.454045e+02
7.800000e-07	-5.820168e-07	-1.225359e-08	-4.151787e+00	-8.053031e+02
7.900000e-07	-4.553916e-07	-1.162059e-08	-3.248512e+00	-7.640855e+02
8.000000e-07	-3.286042e-07	-1.097136e-08	-2.344081e+00	-7.216859e+02
8.100000e-07	-2.017148e-07	-1.030976e-08	-1.438922e+00	-6.780390e+02
8.200000e-07	-7.472616e-08	-9.626410e-09	-5.330553e-01	-6.330920e+02
8.300000e-07	5.233815e-08	-8.920701e-09	3.733515e-01	-5.868116e+02
8.400000e-07	1.793772e-07	-8.197874e-09	1.279578e+00	-5.391818e+02
8.500000e-07	3.063513e-07	-7.456386e-09	2.185341e+00	-4.901888e+02
8.600000e-07	4.332651e-07	-6.690328e-09	3.090674e+00	-4.397962e+02
8.700000e-07	5.600792e-07	-5.900069e-09	3.995296e+00	-3.879158e+02
8.800000e-07	6.867546e-07	-5.082890e-09	4.898929e+00	-3.343800e+02
8.900000e-07	8.132304e-07	-4.232328e-09	5.801138e+00	-2.789277e+02
9.000000e-07	9.394361e-07	-3.346978e-09	6.701419e+00	-2.212102e+02
9.100000e-07	1.065334e-06	-2.426888e-09	7.599503e+00	-1.608217e+02
9.200000e-07	1.190909e-06	-1.465345e-09	8.495290e+00	-9.735416e+01
9.300000e-07	1.316150e-06	-4.505118e-10	9.388689e+00	-3.046956e+01
9.400000e-07	1.440995e-06	6.224329e-10	1.027927e+01	4.002158e+01
9.500000e-07	1.565363e-06	1.753010e-09	1.116643e+01	1.140903e+02
9.600000e-07	1.689215e-06	2.936118e-09	1.204993e+01	1.914424e+02
9.700000e-07	1.812406e-06	4.157732e-09	1.292871e+01	2.715050e+02
9.800000e-07	1.934840e-06	5.406515e-09	1.380208e+01	3.534539e+02
9.900000e-07	2.056535e-06	6.668698e-09	1.467018e+01	4.362769e+02
1.000000e-06	2.177468e-06	7.925729e-09	1.553285e+01	5.188667e+02
1.010000e-06	2.297602e-06	9.161869e-09	1.638982e+01	6.001264e+02
1.020000e-06	2.416796e-06	1.036277e-08	1.724009e+01	6.790714e+02
1.030000e-06	2.535014e-06	1.151433e-08	1.808339e+01	7.549111e+02
1.040000e-06	2.652324e-06	1.260672e-08	1.892021e+01	8.270981e+02
1.050000e-06	2.768702e-06	1.364094e-08	1.975039e+01	8.953400e+02
1.060000e-06	2.883997e-06	1.461885e-08	2.057285e+01	9.595746e+02
1.070000e-06	2.998047e-06	1.553721e-08	2.138642e+01	1.019919e+03
1.080000e-06	3.110846e-06	1.639867e-08	2.219106e+01	1.076605e+03
1.090000e-06	3.222425e-06	1.721035e-08	2.298701e+01	1.129909e+03
1.100000e-06	3.332868e-06	1.797693e-08	2.377484e+01	1.180105e+03
1.110000e-06	3.442258e-06	1.869621e-08	2.455517e+01	1.227425e+03
1.120000e-06	3.550588e-06	1.937062e-08	2.532794e+01	1.272052e+03
1.130000e-06	3.657758e-06	2.000680e-08	2.609243e+01	1.314127e+03
1.140000e-06	3.763575e-06	2.060575e-08	2.684727e+01	1.353766e+03
1.150000e-06	3.867938e-06	2.116883e-08	2.759173e+01	1.391087e+03
1.160000e-06	3.970860e-06	2.170125e-08	2.832592e+01	1.426227e+03
1.170000e-06	4.072410e-06	2.220764e-08	2.905032e+01	1.459346e+03
1.180000e-06	4.172671e-06	2.268760e-08	2.976553e+01	1.490623e+03
1.190000e-06	4.271447e-06	2.313978e-08	3.047015e+01	1.520245e+03
1.200000e-06	4.368547e-06	2.356646e-08	3.116281e+01	1.548384e+03
1.210000e-06	4.463980e-06	2.397178e-08	3.184357e+01	1.575182e+03
1.220000e-06	4.557838e-06	2.435902e-08	3.251311e+01	1.600741e+03
1.230000e-06	4.650248e-06	2.473068e-08	3.317231e+01	1.625124e+03
1.240000e-06	4.741080e-06	2.508432e-08	3.382025e+01	1.648365e+03
1.250000e-06	4.830094e-06	2.541936e-08	3.445523e+01	1.670482e+03
1.260000e-06	4.917229e-06	2.573848e-08	3.507680e+01	1.691496e+03
1.270000e-06	5.002675e-06	2.604171e-08	3.568633e+01	1.711447e+03
1.280000e-06	5.086478e-06	2.633048e-08	3.628413e+01	1.730395e+03
1.290000e-06	5.168456e-06	2.660624e-08	3.686891e+01	1.748421e+03
1.300000e-06	5.248542e-06	2.687028e-08	3.744021e+01	1.765615e+03
1.310000e-06	5.326730e-06	2.712188e-08	3.799795e+01	1.782062e+03
1.320000e-06	5.402943e-06	2.736055e-08	3.854162e+01	1.797829e+03
1.330000e-06	5.477050e-06	2.758948e-08	3.907026e+01	1.812954e+03
1.340000e-06	5.549008e-06	2.780891e-08	3.958356e+01	1.827448e+03
1.350000e-06	5.618957e-06	2.801786e-08	4.008254e+01	1.841299e+03
1.360000e-06	5.686969e-06	2.821673e-08	4.056770e+01	1.854486e+03
1.370000e-06	5.752870e-06	2.840694e-08	4.103780e+01	1.866994e+03
1.380000e-06	5.816657e-06	2.858793e-08	4.149282e+01	1.878823e+03
1.390000e-06	5.878502e-06	2.875776e-08	4.193399e+01	1.889998e+03
1.400000e-06	5.938438e-06	2.891821e-08	4.236155e+01	1.900563e+03
1.410000e-06	5.996335e-06	2.907223e-08	4.277455e+01	1.910576e+03
1.420000e-06	6.052024e-06	2.922011e-08	4.317180e+01	1.920093e+03
1.430000e-06	6.105405e-06	2.936223e-08	4.355259e+01	1.929156e+03
1.440000e-06	6.156320e-06	2.949839e-08	4.391579e+01	1.937787e+03
1.450000e-06	6.204729e-06	2.962790e-08	4.426111e+01	1.945980e+03
1.460000e-06	6.250877e-06	2.974837e-08	4.459031e+01	1.953709e+03
1.470000e-06	6.294970e-06	2.985727e-08	4.490484e+01	1.960939e+03
1.480000e-06	6.336845e-06	2.995448e-08	4.520356e+01	1.967640e+03
1.490000e-06	6.376369e-06	3.004523e-08	4.548550e+01	1.973801e+03
1.500000e-06	6.413676e-06	3.013249e-08	4.575163e+01	1.979431e+03
1.510000e-06	6.448857e-06	3.021291e-08	4.600259e+01	1.984569e+03
1.520000e-06	6.481703e-06	3.028539e-08	4.623689e+01	1.989268e+03
1.530000e-06	6.512191e-06	3.035349e-08	4.645438e+01	1.993584e+03
1.540000e-06	6.540567e-06	3.041902e-08	4.665680e+01	1.997565e+03
1.550000e-06	6.566634e-06	3.047779e-08	4.684275e+01	2.001234e+03
1.560000e-06	6.590145e-06	3.052780e-08	4.701046e+01	2.004588e+03
1.570000e-06	6.611301e-06	3.057209e-08	4.716138e+01	2.007598e+03
1.580000e-06	6.630278e-06	3.061123e-08	4.729675e+01	2.010221e+03
1.590000e-06	6.646930e-06	3.064299e-08	4.741553e+01	2.012413e+03
1.600000e-06	6.661095e-06	3.066835e-08	4.751658e+01	2.014142e+03
1.610000e-06	6.672653e-06	3.068922e-08	4.759903e+01	2.015407e+03
1.620000e-06	6.681531e-06	3.070409e-08	4.766236e+01	2.016232e+03
1.630000e-06	6.687951e-06	3.071298e-08	4.770816e+01	2.016670e+03
1.640000e-06	6.692124e-06	3.071984e-08	4.773793e+01	2.016784e+03
1.650000e-06	6.693922e-06	3.072534e-08	4.775075e+01	2.016635e+03
1.660000e-06	6.693296e-06	3.072631e-08	4.774628e+01	2.016267e+03
1.670000e-06	6.690495e-06	3.071167e-08	4.772630e+01	2.015689e+03
1.680000e-06	6.685572e-06	3.069207e-08	4.769118e+01	2.014882e+03
1.690000e-06	6.678370e-06	3.067048e-08	4.763981e+01	2.013796e+03
1.700000e-06	6.668963e-06	3.064589e-08	4.757271e+01	2.012372e+03
1.710000e-06	6.657445e-06	3.062015e-08	4.749054e+01	2.010558e+03
1.720000e-06	6.643579e-06	3.059492e-08	4.739163e+01	2.008324e+03
1.730000e-06	6.627410e-06	3.058124e-08	4.727629e+01	2.005681e+03
1.740000e-06	6.609183e-06	3.050190e-08	4.714627e+01	2.002680e+03
1.750000e-06	6.588313e-06	3.039219e-08	4.699739e+01	1.999406e+03
1.760000e-06	6.564163e-06	3.038115e-08	4.682512e+01	1.995963e+03
1.770000e-06	6.537231e-06	3.034734e-08	4.663300e+01	1.992454e+03
1.780000e-06	6.508267e-06	3.028328e-08	4.642639e+01	1.988955e+03
1.790000e-06	6.477492e-06	3.032663e-08	4.620685e+01	1.985498e+03
1.800000e-06	6.445133e-06	3.021211e-08	4.597602e+01	1.982066e+03
1.810000e-06	6.410935e-06	3.011945e-08	4.573208e+01	1.978588e+03
1.820000e-06	6.374577e-06	3.020711e-08	4.547272e+01	1.974954e+03
1.830000e-06	6.336060e-06	3.006083e-08	4.519796e+01	1.971035e+03
1.840000e-06	6.295139e-06	3.006338e-08	4.490605e+01	1.966698e+03
1.850000e-06	6.252000e-06	3.002787e-08	4.459832e+01	1.961834e+03
1.860000e-06	6.206790e-06	2.981282e-08	4.427582e+01	1.956373e+03
1.870000e-06	6.159312e-06	2.983106e-08	4.393714e+01	1.950284e+03
1.880000e-06	6.109629e-06	2.964763e-08	4.358273e+01	1.943583e+03
1.890000e-06	6.057411e-06	2.955529e-08	4.321023e+01	1.936318e+03
1.900000e-06	6.002518e-06	2.952576e-08	4.281865e+01	1.928559e+03
1.910000e-06	5.945393e-06	2.931320e-08	4.241116e+01	1.920379e+03
1.920000e-06	5.886168e-06	2.925985e-08	4.198868e+01	1.911845e+03
1.930000e-06	5.824856e-06	2.906349e-08	4.155131e+01	1.903003e+03
1.940000e-06	5.761315e-06	2.892928e-08	4.109805e+01	1.893878e+03
1.950000e-06	5.695622e-06	2.882259e-08	4.062943e+01	1.884471e+03
1.960000e-06	5.627798e-06	2.863162e-08	4.014561e+01	1.874765e+03
1.970000e-06	5.557648e-06	2.852705e-08	3.964520e+01	1.864732e+03
1.980000e-06	5.485410e-06	2.828864e-08	3.912989e+01	1.854338e+03
1.990000e-06	5.411237e-06	2.817663e-08	3.860078e+01	1.843555e+03
2.000000e-06	5.335029e-06	2.801530e-08	3.805715e+01	1.832360e+03
2.010000e-06	5.256663e-06	2.781939e-08	3.749814e+01	1.820739e+03
2.020000e-06	5.176241e-06	2.766834e-08	3.692445e+01	1.808689e+03
2.030000e-06	5.094063e-06	2.742551e-08	3.633824e+01	1.796213e+03
2.040000e-06	5.010205e-06	2.725327e-08	3.574004e+01	1.783317e+03
2.050000e-06	4.924539e-06	2.703563e-08	3.512894e+01	1.770008e+03
2.060000e-06	4.836981e-06	2.685655e-08	3.450436e+01	1.756291e+03
2.070000e-06	4.747747e-06	2.664482e-08	3.386781e+01	1.742161e+03
2.080000e-06	4.657006e-06	2.640195e-08	3.322051e+01	1.727611e+03
2.090000e-06	4.564702e-06	2.616230e-08	3.256206e+01	1.712622e+03
2.100000e-06	4.470731e-06	2.591894e-08	3.189173e+01	1.697175e+03
2.110000e-06	4.375122e-06	2.571686e-08	3.120971e+01	1.681245e+03
2.120000e-06	4.278044e-06	2.545989e-08	3.051721e+01	1.664813e+03
2.130000e-06	4.179551e-06	2.520051e-08	2.981461e+01	1.647863e+03
2.140000e-06	4.079605e-06	2.491503e-08	2.910165e+01	1.630387e+03
2.150000e-06	3.978119e-06	2.463959e-08	2.837771e+01	1.612386e+03
2.160000e-06	3.875107e-06	2.435821e-08	2.764287e+01	1.593866e+03
2.170000e-06	3.770629e-06	2.407469e-08	2.689759e+01	1.574834e+03
2.180000e-06	3.664795e-06	2.379394e-08	2.614263e+01	1.555295e+03
2.190000e-06	3.557756e-06	2.348390e-08	2.537907e+01	1.535247e+03
2.200000e-06	3.449511e-06	2.316073e-08	2.460691e+01	1.514674e+03
2.210000e-06	3.340004e-06	2.283153e-08	2.382575e+01	1.493551e+03
2.220000e-06	3.229238e-06	2.250985e-08	2.303561e+01	1.471841e+03
2.230000e-06	3.117215e-06	2.216090e-08	2.223649e+01	1.449505e+03
2.240000e-06	3.003983e-06	2.180402e-08	2.142876e+01	1.426504e+03
2.250000e-06	2.889623e-06	2.144708e-08	2.061298e+01	1.402810e+03
2.260000e-06	2.774122e-06	2.108779e-08	1.978906e+01	1.378404e+03
2.270000e-06	2.657445e-06	2.070321e-08	1.895675e+01	1.353283e+03
2.280000e-06	2.539650e-06	2.030857e-08	1.811646e+01	1.327453e+03
2.290000e-06	2.420833e-06	1.990711e-08	1.726889e+01	1.300920e+03
2.300000e-06	2.301051e-06	1.948396e-08	1.641443e+01	1.273688e+03
2.310000e-06	2.180375e-06	1.905140e-08	1.555359e+01	1.245745e+03
2.320000e-06	2.058976e-06	1.861919e-08	1.468760e+01	1.217060e+03
2.330000e-06	1.936968e-06	1.817921e-08	1.381726e+01	1.187584e+03
2.340000e-06	1.814345e-06	1.771029e-08	1.294253e+01	1.157257e+03
2.350000e-06	1.691210e-06	1.722183e-08	1.206416e+01	1.126011e+03
2.360000e-06	1.567605e-06	1.672486e-08	1.118243e+01	1.093789e+03
2.370000e-06	1.443455e-06	1.621918e-08	1.029681e+01	1.060546e+03
2.380000e-06	1.318739e-06	1.569786e-08	9.407160e+00	1.026261e+03
2.390000e-06	1.193490e-06	1.516778e-08	8.513697e+00	9.909299e+02
2.400000e-06	1.067821e-06	1.461929e-08	7.617248e+00	9.545642e+02
2.410000e-06	9.418129e-07	1.404369e-08	6.718374e+00	9.171751e+02
2.420000e-06	8.154679e-07	1.345077e-08	5.817099e+00	8.787634e+02
2.430000e-06	6.888344e-07	1.284598e-08	4.913764e+00	8.393109e+02
2.440000e-06	5.620159e-07	1.222567e-08	4.009112e+00	7.987765e+02
2.450000e-06	4.350413e-07	1.158564e-08	3.103345e+00	7.571009e+02
2.460000e-06	3.078923e-07	1.093056e-08	2.196334e+00	7.142169e+02
2.470000e-06	1.805988e-07	1.025859e-08	1.288292e+00	6.700628e+02
2.480000e-06	5.318463e-08	9.564289e-09	3.793898e-01	6.245930e+02
2.490000e-06	-7.428374e-08	8.850120e-09	-5.298993e-01	5.777821e+02
2.500000e-06	-2.017307e-07	8.116476e-09	-1.439036e+00	5.296173e+02
2.510000e-06	-3.291281e-07	7.360348e-09	-2.347819e+00	4.800792e+02
2.520000e-06	-4.564088e-07	6.580141e-09	-3.255769e+00	4.291148e+02
2.530000e-06	-5.835200e-07	5.778353e-09	-4.162510e+00	3.766073e+02
2.540000e-06	-7.104785e-07	4.952105e-09	-5.068162e+00	3.223532e+02
2.550000e-06	-8.372007e-07	4.090651e-09	-5.972128e+00	2.660550e+02
2.560000e-06	-9.635904e-07	3.188745e-09	-6.873723e+00	2.073364e+02
2.570000e-06	-1.089612e-06	2.244188e-09	-7.772691e+00	1.457830e+02
2.580000e-06	-1.215219e-06	1.255612e-09	-8.668705e+00	8.100515e+01
2.590000e-06	-1.340350e-06	2.183287e-10	-9.561319e+00	1.271383e+01
2.600000e-06	-1.464943e-06	-8.716770e-10	-1.045009e+01	-5.920198e+01
2.610000e-06	-1.588921e-06	-2.016276e-09	-1.133448e+01	-1.346130e+02
2.620000e-06	-1.712253e-06	-3.213451e-09	-1.221427e+01	-2.131149e+02
2.630000e-06	-1.834959e-06	-4.452997e-09	-1.308959e+01	-2.940308e+02
2.640000e-06	-1.957024e-06	-5.718603e-09	-1.396033e+01	-3.764531e+02
2.650000e-06	-2.078438e-06	-6.992203e-09	-1.482643e+01	-4.593201e+02
2.660000e-06	-2.199103e-06	-8.251011e-09	-1.568719e+01	-5.415158e+02
2.670000e-06	-2.318924e-06	-9.476624e-09	-1.654192e+01	-6.219761e+02
2.680000e-06	-2.437846e-06	-1.066180e-08	-1.739025e+01	-6.997845e+02
2.690000e-06	-2.555746e-06	-1.179814e-08	-1.823128e+01	-7.742420e+02
2.700000e-06	-2.672511e-06	-1.287931e-08	-1.906422e+01	-8.449021e+02
2.710000e-06	-2.788106e-06	-1.390100e-08	-1.988881e+01	-9.115675e+02
2.720000e-06	-2.902559e-06	-1.486282e-08	-2.070525e+01	-9.742540e+02
2.730000e-06	-3.015820e-06	-1.576632e-08	-2.151320e+01	-1.033131e+03
2.740000e-06	-3.127813e-06	-1.661416e-08	-2.231209e+01	-1.088456e+03
2.750000e-06	-3.238586e-06	-1.741294e-08	-2.310229e+01	-1.140510e+03
2.760000e-06	-3.348213e-06	-1.816543e-08	-2.388430e+01	-1.189553e+03
2.770000e-06	-3.456752e-06	-1.887439e-08	-2.465856e+01	-1.235798e+03
2.780000e-06	-3.564248e-06	-1.954362e-08	-2.542538e+01	-1.279409e+03
2.790000e-06	-3.670594e-06	-2.017435e-08	-2.618400e+01	-1.320515e+03
2.800000e-06	-3.775654e-06	-2.076819e-08	-2.693343e+01	-1.359231e+03
2.810000e-06	-3.879329e-06	-2.132567e-08	-2.767300e+01	-1.395679e+03
2.820000e-06	-3.981527e-06	-2.184998e-08	-2.840202e+01	-1.430007e+03
2.830000e-06	-4.082242e-06	-2.234587e-08	-2.912046e+01	-1.462382e+03
2.840000e-06	-4.181547e-06	-2.281521e-08	-2.982885e+01	-1.492989e+03
2.850000e-06	-4.279444e-06	-2.326106e-08	-3.052719e+01	-1.522010e+03
2.860000e-06	-4.375973e-06	-2.368460e-08	-3.121578e+01	-1.549609e+03
2.870000e-06	-4.470977e-06	-2.408785e-08	-3.189349e+01	-1.575912e+03
2.880000e-06	-4.564264e-06	-2.447166e-08	-3.255894e+01	-1.601006e+03
2.890000e-06	-4.655937e-06	-2.483751e-08	-3.321289e+01	-1.624939e+03
2.900000e-06	-4.745981e-06	-2.518795e-08	-3.385522e+01	-1.647738e+03
2.910000e-06	-4.834310e-06	-2.552059e-08	-3.448530e+01	-1.669420e+03
2.920000e-06	-4.920810e-06	-2.583468e-08	-3.510235e+01	-1.690012e+03
2.930000e-06	-5.005482e-06	-2.613178e-08	-3.570635e+01	-1.709562e+03
2.940000e-06	-5.088391e-06	-2.641391e-08	-3.629778e+01	-1.728139e+03
2.950000e-06	-5.169508e-06	-2.668385e-08	-3.687642e+01	-1.745829e+03
2.960000e-06	-5.248658e-06	-2.694339e-08	-3.744103e+01	-1.762723e+03
2.970000e-06	-5.325669e-06	-2.719235e-08	-3.799039e+01	-1.778898e+03
2.980000e-06	-5.400603e-06	-2.743106e-08	-3.852493e+01	-1.794411e+03
2.990000e-06	-5.473652e-06	-2.765996e-08	-3.904601e+01	-1.809290e+03
3.000000e-06	-5.544689e-06	-2.787887e-08	-3.955275e+01	-1.823536e+03
3.010000e-06	-5.613598e-06	-2.808804e-08	-4.004431e+01	-1.837130e+03
3.020000e-06	-5.680497e-06	-2.828646e-08	-4.052154e+01	-1.850053e+03
3.030000e-06	-5.745482e-06	-2.847117e-08	-4.098510e+01	-1.862295e+03
3.040000e-06	-5.808499e-06	-2.864243e-08	-4.143463e+01	-1.873865e+03
3.050000e-06	-5.869332e-06	-2.880652e-08	-4.186858e+01	-1.884796e+03
3.060000e-06	-5.928046e-06	-2.896711e-08	-4.228741e+01	-1.895138e+03
3.070000e-06	-5.984813e-06	-2.912124e-08	-4.269236e+01	-1.904952e+03
3.080000e-06	-6.039430e-06	-2.926448e-08	-4.308197e+01	-1.914288e+03
3.090000e-06	-6.091574e-06	-2.939705e-08	-4.345393e+01	-1.923183e+03
3.100000e-06	-6.141154e-06	-2.952090e-08	-4.380761e+01	-1.931645e+03
3.110000e-06	-6.188307e-06	-2.963952e-08	-4.414397e+01	-1.939661e+03
3.120000e-06	-6.233385e-06	-2.975309e-08	-4.446553e+01	-1.947200e+03
3.130000e-06	-6.276527e-06	-2.985873e-08	-4.477328e+01	-1.954227e+03
3.140000e-06	-6.317584e-06	-2.995690e-08	-4.506616e+01	-1.960718e+03
3.150000e-06	-6.356404e-06	-3.004707e-08	-4.534308e+01	-1.966669e+03
3.160000e-06	-6.392989e-06	-3.012968e-08	-4.560406e+01	-1.972102e+03
3.170000e-06	-6.427394e-06	-3.020716e-08	-4.584949e+01	-1.977063e+03
3.180000e-06	-6.459476e-06	-3.027877e-08	-4.607834e+01	-1.981606e+03
3.190000e-06	-6.489062e-06	-3.034273e-08	-4.628939e+01	-1.985788e+03
3.200000e-06	-6.516275e-06	-3.040022e-08	-4.648352e+01	-1.989646e+03
3.210000e-06	-6.541287e-06	-3.045307e-08	-4.666193e+01	-1.993195e+03
3.220000e-06	-6.563941e-06	-3.050222e-08	-4.682354e+01	-1.996421e+03
3.230000e-06	-6.584197e-06	-3.054467e-08	-4.696803e+01	-1.999286e+03
3.240000e-06	-6.602207e-06	-3.058022e-08	-4.709651e+01	-2.001746e+03
3.250000e-06	-6.617792e-06	-3.060822e-08	-4.720768e+01	-2.003760e+03
3.260000e-06	-6.630699e-06	-3.062907e-08	-4.729975e+01	-2.005308e+03
3.270000e-06	-6.641041e-06	-3.064479e-08	-4.737352e+01	-2.006397e+03
3.280000e-06	-6.649028e-06	-3.065609e-08	-4.743050e+01	-2.007064e+03
3.290000e-06	-6.654615e-06	-3.066125e-08	-4.747036e+01	-2.007369e+03
3.300000e-06	-6.657854e-06	-3.065913e-08	-4.749346e+01	-2.007375e+03
3.310000e-06	-6.658895e-06	-3.065204e-08	-4.750089e+01	-2.007138e+03
