4.334510e+02
4.367805e+02
4.393976e+02
4.380471e+02
4.395544e+02
4.384078e+02
4.376125e+02
4.362724e+02
4.355147e+02
4.332002e+02
4.345134e+02
4.340278e+02
4.332475e+02
4.305987e+02
4.320572e+02
4.326222e+02
4.299567e+02
4.290467e+02
4.277655e+02
4.277481e+02
4.285257e+02
4.259613e+02
4.264609e+02
4.291378e+02
4.362915e+02
4.440965e+02
4.519042e+02
4.553997e+02
4.577852e+02
4.574449e+02
4.595633e+02
4.611058e+02
4.630515e+02
4.618896e+02
4.675750e+02
4.645470e+02
4.660416e+02
4.677530e+02
4.689085e+02
4.689086e+02
4.691795e+02
4.706297e+02
4.720185e+02
4.755601e+02
4.787704e+02
4.787496e+02
4.790532e+02
4.790292e+02
4.803188e+02
4.827598e+02
4.828425e+02
4.822434e+02
4.912580e+02
4.925189e+02
4.918927e+02
4.932063e+02
4.941881e+02
4.923426e+02
4.908217e+02
4.980439e+02
4.923372e+02
4.925576e+02
4.956033e+02
4.987380e+02
5.118513e+02
