# Temperatura_=_33.89
# Concentracion g/m^3_=_20000.0
# C_Vs_to_Am_M_A/Vsm_=_65563218390.804596
# pendiente_HvsI_1/m_=_3716.3
# ordenada_HvsI_A/m_=_1297.0
# frecuencia_Hz_=_301595.6987000211

Tiempo_(s)	Campo_(V.s)	Magnetizacion_(V.s)	Campo_(kA/m)	Magnetizacion_(A/m)
0.000000e+00	-5.254014e-06	-1.695925e-08	-3.834040e+01	-1.107851e+03
1.000000e-08	-5.251510e-06	-1.695439e-08	-3.832213e+01	-1.107494e+03
2.000000e-08	-5.247222e-06	-1.694653e-08	-3.829083e+01	-1.106939e+03
3.000000e-08	-5.241391e-06	-1.693438e-08	-3.824829e+01	-1.106169e+03
4.000000e-08	-5.234022e-06	-1.691698e-08	-3.819451e+01	-1.105161e+03
5.000000e-08	-5.224850e-06	-1.689607e-08	-3.812758e+01	-1.103899e+03
6.000000e-08	-5.213644e-06	-1.687323e-08	-3.804581e+01	-1.102374e+03
7.000000e-08	-5.200614e-06	-1.684712e-08	-3.795072e+01	-1.100594e+03
8.000000e-08	-5.185581e-06	-1.682300e-08	-3.784102e+01	-1.098586e+03
9.000000e-08	-5.168320e-06	-1.681388e-08	-3.771506e+01	-1.096391e+03
1.000000e-07	-5.149052e-06	-1.678103e-08	-3.757445e+01	-1.094061e+03
1.100000e-07	-5.127903e-06	-1.672619e-08	-3.742012e+01	-1.091649e+03
1.200000e-07	-5.105067e-06	-1.667097e-08	-3.725348e+01	-1.089196e+03
1.300000e-07	-5.080881e-06	-1.659002e-08	-3.707698e+01	-1.086726e+03
1.400000e-07	-5.055190e-06	-1.656205e-08	-3.688951e+01	-1.084238e+03
1.500000e-07	-5.027767e-06	-1.656436e-08	-3.668939e+01	-1.081704e+03
1.600000e-07	-4.998852e-06	-1.649031e-08	-3.647839e+01	-1.079077e+03
1.700000e-07	-4.968413e-06	-1.647966e-08	-3.625627e+01	-1.076291e+03
1.800000e-07	-4.936095e-06	-1.644304e-08	-3.602043e+01	-1.073280e+03
1.900000e-07	-4.901873e-06	-1.629481e-08	-3.577070e+01	-1.069986e+03
2.000000e-07	-4.866072e-06	-1.625000e-08	-3.550945e+01	-1.066365e+03
2.100000e-07	-4.828637e-06	-1.621180e-08	-3.523627e+01	-1.062396e+03
2.200000e-07	-4.789453e-06	-1.611659e-08	-3.495033e+01	-1.058081e+03
2.300000e-07	-4.748436e-06	-1.608970e-08	-3.465102e+01	-1.053438e+03
2.400000e-07	-4.705521e-06	-1.602113e-08	-3.433785e+01	-1.048495e+03
2.500000e-07	-4.660844e-06	-1.589011e-08	-3.401183e+01	-1.043285e+03
2.600000e-07	-4.614387e-06	-1.580637e-08	-3.367281e+01	-1.037834e+03
2.700000e-07	-4.566152e-06	-1.573029e-08	-3.332083e+01	-1.032159e+03
2.800000e-07	-4.515887e-06	-1.565071e-08	-3.295402e+01	-1.026264e+03
2.900000e-07	-4.463565e-06	-1.555637e-08	-3.257221e+01	-1.020144e+03
3.000000e-07	-4.409580e-06	-1.544552e-08	-3.217826e+01	-1.013789e+03
3.100000e-07	-4.354039e-06	-1.535149e-08	-3.177297e+01	-1.007187e+03
3.200000e-07	-4.296840e-06	-1.526672e-08	-3.135556e+01	-1.000330e+03
3.300000e-07	-4.237926e-06	-1.515271e-08	-3.092564e+01	-9.932171e+02
3.400000e-07	-4.177509e-06	-1.501201e-08	-3.048476e+01	-9.858546e+02
3.500000e-07	-4.115726e-06	-1.490341e-08	-3.003391e+01	-9.782530e+02
3.600000e-07	-4.052557e-06	-1.479518e-08	-2.957294e+01	-9.704240e+02
3.700000e-07	-3.988014e-06	-1.466924e-08	-2.910195e+01	-9.623769e+02
3.800000e-07	-3.921847e-06	-1.455915e-08	-2.861911e+01	-9.541151e+02
3.900000e-07	-3.854102e-06	-1.442796e-08	-2.812474e+01	-9.456355e+02
4.000000e-07	-3.785089e-06	-1.427209e-08	-2.762114e+01	-9.369290e+02
4.100000e-07	-3.714880e-06	-1.412594e-08	-2.710880e+01	-9.279833e+02
4.200000e-07	-3.643531e-06	-1.399389e-08	-2.658813e+01	-9.187858e+02
4.300000e-07	-3.570983e-06	-1.386658e-08	-2.605872e+01	-9.093272e+02
4.400000e-07	-3.496899e-06	-1.372871e-08	-2.551811e+01	-8.996035e+02
4.500000e-07	-3.421211e-06	-1.356673e-08	-2.496579e+01	-8.896160e+02
4.600000e-07	-3.344177e-06	-1.338841e-08	-2.440364e+01	-8.793698e+02
4.700000e-07	-3.265915e-06	-1.322157e-08	-2.383254e+01	-8.688712e+02
4.800000e-07	-3.186400e-06	-1.306749e-08	-2.325229e+01	-8.581247e+02
4.900000e-07	-3.105601e-06	-1.290599e-08	-2.266267e+01	-8.471305e+02
5.000000e-07	-3.023617e-06	-1.273618e-08	-2.206440e+01	-8.358831e+02
5.100000e-07	-2.940616e-06	-1.255781e-08	-2.145871e+01	-8.243725e+02
5.200000e-07	-2.856774e-06	-1.237103e-08	-2.084689e+01	-8.125855e+02
5.300000e-07	-2.772080e-06	-1.218067e-08	-2.022885e+01	-8.005094e+02
5.400000e-07	-2.686466e-06	-1.199646e-08	-1.960409e+01	-7.881341e+02
5.500000e-07	-2.599978e-06	-1.180971e-08	-1.897296e+01	-7.754543e+02
5.600000e-07	-2.512627e-06	-1.160051e-08	-1.833553e+01	-7.624701e+02
5.700000e-07	-2.424367e-06	-1.138848e-08	-1.769146e+01	-7.491852e+02
5.800000e-07	-2.335080e-06	-1.118972e-08	-1.703990e+01	-7.356054e+02
5.900000e-07	-2.244733e-06	-1.098587e-08	-1.638061e+01	-7.217352e+02
6.000000e-07	-2.153456e-06	-1.076223e-08	-1.571453e+01	-7.075758e+02
6.100000e-07	-2.061466e-06	-1.053497e-08	-1.504325e+01	-6.931237e+02
6.200000e-07	-1.968806e-06	-1.031117e-08	-1.436707e+01	-6.783711e+02
6.300000e-07	-1.875393e-06	-1.007576e-08	-1.368540e+01	-6.633075e+02
6.400000e-07	-1.781334e-06	-9.838101e-09	-1.299902e+01	-6.479225e+02
6.500000e-07	-1.686762e-06	-9.607365e-09	-1.230890e+01	-6.322080e+02
6.600000e-07	-1.591663e-06	-9.367264e-09	-1.161493e+01	-6.161603e+02
6.700000e-07	-1.496039e-06	-9.105538e-09	-1.091713e+01	-5.997802e+02
6.800000e-07	-1.399937e-06	-8.839547e-09	-1.021584e+01	-5.830725e+02
6.900000e-07	-1.303267e-06	-8.583161e-09	-9.510401e+00	-5.660433e+02
7.000000e-07	-1.205993e-06	-8.324671e-09	-8.800555e+00	-5.486977e+02
7.100000e-07	-1.108226e-06	-8.056733e-09	-8.087114e+00	-5.310371e+02
7.200000e-07	-1.009993e-06	-7.784596e-09	-7.370275e+00	-5.130581e+02
7.300000e-07	-9.113173e-07	-7.505943e-09	-6.650204e+00	-4.947530e+02
7.400000e-07	-8.122929e-07	-7.215521e-09	-5.927589e+00	-4.761110e+02
7.500000e-07	-7.129943e-07	-6.921695e-09	-5.202972e+00	-4.571208e+02
7.600000e-07	-6.134846e-07	-6.628749e-09	-4.476814e+00	-4.377735e+02
7.700000e-07	-5.138051e-07	-6.328680e-09	-3.749418e+00	-4.180645e+02
7.800000e-07	-4.139937e-07	-6.018602e-09	-3.021059e+00	-3.979935e+02
7.900000e-07	-3.141023e-07	-5.706255e-09	-2.292116e+00	-3.775638e+02
8.000000e-07	-2.141216e-07	-5.394024e-09	-1.562521e+00	-3.567798e+02
8.100000e-07	-1.140289e-07	-5.074614e-09	-8.321094e-01	-3.356436e+02
8.200000e-07	-1.391758e-08	-4.745389e-09	-1.015615e-01	-3.141521e+02
8.300000e-07	8.620212e-08	-4.409267e-09	6.290473e-01	-2.922954e+02
8.400000e-07	1.863235e-07	-4.066534e-09	1.359668e+00	-2.700560e+02
8.500000e-07	2.864237e-07	-3.718837e-09	2.090135e+00	-2.474104e+02
8.600000e-07	3.864520e-07	-3.369048e-09	2.820077e+00	-2.243314e+02
8.700000e-07	4.863804e-07	-3.013939e-09	3.549290e+00	-2.007911e+02
8.800000e-07	5.862293e-07	-2.648563e-09	4.277923e+00	-1.767625e+02
8.900000e-07	6.859240e-07	-2.272228e-09	5.005430e+00	-1.522207e+02
9.000000e-07	7.853941e-07	-1.889060e-09	5.731298e+00	-1.271421e+02
9.100000e-07	8.846248e-07	-1.499627e-09	6.455420e+00	-1.015016e+02
9.200000e-07	9.835440e-07	-1.100296e-09	7.177268e+00	-7.527098e+01
9.300000e-07	1.082044e-06	-6.915440e-10	7.896059e+00	-4.841597e+01
9.400000e-07	1.180073e-06	-2.727893e-10	8.611409e+00	-2.089689e+01
9.500000e-07	1.277525e-06	1.578516e-10	9.322554e+00	7.328977e+00
9.600000e-07	1.374314e-06	6.004271e-10	1.002886e+01	3.630172e+01
9.700000e-07	1.470467e-06	1.052656e-09	1.073052e+01	6.605096e+01
9.800000e-07	1.566051e-06	1.515946e-09	1.142802e+01	9.658681e+01
9.900000e-07	1.661058e-06	1.993054e-09	1.212133e+01	1.278915e+02
1.000000e-06	1.755521e-06	2.483287e-09	1.281066e+01	1.599133e+02
1.010000e-06	1.849448e-06	2.981916e-09	1.349607e+01	1.925640e+02
1.020000e-06	1.942696e-06	3.483294e-09	1.417654e+01	2.257206e+02
1.030000e-06	2.035237e-06	3.990385e-09	1.485185e+01	2.592316e+02
1.040000e-06	2.127178e-06	4.502456e-09	1.552277e+01	2.929257e+02
1.050000e-06	2.218462e-06	5.013888e-09	1.618890e+01	3.266228e+02
1.060000e-06	2.308940e-06	5.524091e-09	1.684915e+01	3.601445e+02
1.070000e-06	2.398422e-06	6.031341e-09	1.750213e+01	3.933230e+02
1.080000e-06	2.486856e-06	6.530569e-09	1.814747e+01	4.260076e+02
1.090000e-06	2.574335e-06	7.016637e-09	1.878583e+01	4.580679e+02
1.100000e-06	2.660972e-06	7.492900e-09	1.941806e+01	4.893946e+02
1.110000e-06	2.746802e-06	7.958509e-09	2.004439e+01	5.198980e+02
1.120000e-06	2.831747e-06	8.409984e-09	2.066426e+01	5.495062e+02
1.130000e-06	2.915805e-06	8.844377e-09	2.127766e+01	5.781630e+02
1.140000e-06	2.999033e-06	9.261128e-09	2.188501e+01	6.058264e+02
1.150000e-06	3.081225e-06	9.663103e-09	2.248479e+01	6.324678e+02
1.160000e-06	3.162197e-06	1.005088e-08	2.307567e+01	6.580724e+02
1.170000e-06	3.242040e-06	1.042534e-08	2.365831e+01	6.826384e+02
1.180000e-06	3.320725e-06	1.078387e-08	2.423250e+01	7.061766e+02
1.190000e-06	3.398198e-06	1.112574e-08	2.479786e+01	7.287085e+02
1.200000e-06	3.474496e-06	1.145244e-08	2.535462e+01	7.502640e+02
1.210000e-06	3.549546e-06	1.176580e-08	2.590229e+01	7.708776e+02
1.220000e-06	3.623058e-06	1.206454e-08	2.643874e+01	7.905859e+02
1.230000e-06	3.694996e-06	1.234778e-08	2.696369e+01	8.094241e+02
1.240000e-06	3.765629e-06	1.261689e-08	2.747913e+01	8.274253e+02
1.250000e-06	3.835033e-06	1.287523e-08	2.798559e+01	8.446197e+02
1.260000e-06	3.903184e-06	1.312363e-08	2.848291e+01	8.610356e+02
1.270000e-06	3.969968e-06	1.336033e-08	2.897026e+01	8.767009e+02
1.280000e-06	4.035110e-06	1.358482e-08	2.944562e+01	8.916446e+02
1.290000e-06	4.098698e-06	1.379772e-08	2.990965e+01	9.058974e+02
1.300000e-06	4.160895e-06	1.400167e-08	3.036352e+01	9.194914e+02
1.310000e-06	4.221714e-06	1.419757e-08	3.080734e+01	9.324586e+02
1.320000e-06	4.281219e-06	1.438502e-08	3.124157e+01	9.448290e+02
1.330000e-06	4.339120e-06	1.456312e-08	3.166409e+01	9.566281e+02
1.340000e-06	4.395241e-06	1.473336e-08	3.207363e+01	9.678759e+02
1.350000e-06	4.449765e-06	1.489457e-08	3.247151e+01	9.785857e+02
1.360000e-06	4.502693e-06	1.504738e-08	3.285775e+01	9.887660e+02
1.370000e-06	4.553803e-06	1.519544e-08	3.323071e+01	9.984221e+02
1.380000e-06	4.602917e-06	1.533807e-08	3.358911e+01	1.007559e+03
1.390000e-06	4.650223e-06	1.547184e-08	3.393432e+01	1.016186e+03
1.400000e-06	4.695962e-06	1.559402e-08	3.426810e+01	1.024314e+03
1.410000e-06	4.740195e-06	1.570687e-08	3.459088e+01	1.031964e+03
1.420000e-06	4.782801e-06	1.581363e-08	3.490179e+01	1.039159e+03
1.430000e-06	4.823521e-06	1.591576e-08	3.519894e+01	1.045924e+03
1.440000e-06	4.862500e-06	1.601149e-08	3.548338e+01	1.052287e+03
1.450000e-06	4.899959e-06	1.610037e-08	3.575674e+01	1.058272e+03
1.460000e-06	4.935913e-06	1.618489e-08	3.601911e+01	1.063899e+03
1.470000e-06	4.970109e-06	1.626384e-08	3.626864e+01	1.069182e+03
1.480000e-06	5.002368e-06	1.633618e-08	3.650405e+01	1.074131e+03
1.490000e-06	5.032885e-06	1.640400e-08	3.672674e+01	1.078752e+03
1.500000e-06	5.061771e-06	1.646920e-08	3.693754e+01	1.083050e+03
1.510000e-06	5.089027e-06	1.653056e-08	3.713643e+01	1.087027e+03
1.520000e-06	5.114287e-06	1.658475e-08	3.732076e+01	1.090687e+03
1.530000e-06	5.137469e-06	1.663487e-08	3.748993e+01	1.094034e+03
1.540000e-06	5.158889e-06	1.668204e-08	3.764624e+01	1.097070e+03
1.550000e-06	5.178713e-06	1.672211e-08	3.779090e+01	1.099796e+03
1.560000e-06	5.196741e-06	1.675456e-08	3.792246e+01	1.102213e+03
1.570000e-06	5.212753e-06	1.678224e-08	3.803930e+01	1.104321e+03
1.580000e-06	5.226824e-06	1.680908e-08	3.814198e+01	1.106119e+03
1.590000e-06	5.238943e-06	1.683368e-08	3.823042e+01	1.107610e+03
1.600000e-06	5.248899e-06	1.685185e-08	3.830308e+01	1.108802e+03
1.610000e-06	5.256780e-06	1.686457e-08	3.836058e+01	1.109708e+03
1.620000e-06	5.262887e-06	1.687396e-08	3.840515e+01	1.110350e+03
1.630000e-06	5.267283e-06	1.687978e-08	3.843723e+01	1.110748e+03
1.640000e-06	5.269845e-06	1.688064e-08	3.845592e+01	1.110928e+03
1.650000e-06	5.270404e-06	1.688012e-08	3.846000e+01	1.110908e+03
1.660000e-06	5.269122e-06	1.687784e-08	3.845064e+01	1.110699e+03
1.670000e-06	5.266212e-06	1.687059e-08	3.842941e+01	1.110300e+03
1.680000e-06	5.261785e-06	1.686206e-08	3.839711e+01	1.109701e+03
1.690000e-06	5.255553e-06	1.685211e-08	3.835163e+01	1.108881e+03
1.700000e-06	5.247443e-06	1.683797e-08	3.829245e+01	1.107819e+03
1.710000e-06	5.237768e-06	1.681841e-08	3.822184e+01	1.106500e+03
1.720000e-06	5.226503e-06	1.679584e-08	3.813964e+01	1.104918e+03
1.730000e-06	5.213457e-06	1.677016e-08	3.804444e+01	1.103086e+03
1.740000e-06	5.198287e-06	1.671112e-08	3.793374e+01	1.101034e+03
1.750000e-06	5.180725e-06	1.666409e-08	3.780559e+01	1.098805e+03
1.760000e-06	5.160647e-06	1.664623e-08	3.765907e+01	1.096453e+03
1.770000e-06	5.138200e-06	1.662210e-08	3.749526e+01	1.094028e+03
1.780000e-06	5.114323e-06	1.662747e-08	3.732103e+01	1.091569e+03
1.790000e-06	5.089816e-06	1.656192e-08	3.714219e+01	1.089096e+03
1.800000e-06	5.064037e-06	1.647871e-08	3.695407e+01	1.086601e+03
1.810000e-06	5.036335e-06	1.651059e-08	3.675192e+01	1.084052e+03
1.820000e-06	5.007072e-06	1.645459e-08	3.653838e+01	1.081395e+03
1.830000e-06	4.976014e-06	1.640429e-08	3.631173e+01	1.078566e+03
1.840000e-06	4.942809e-06	1.645264e-08	3.606942e+01	1.075499e+03
1.850000e-06	4.908007e-06	1.635296e-08	3.581546e+01	1.072137e+03
1.860000e-06	4.871587e-06	1.626858e-08	3.554969e+01	1.068442e+03
1.870000e-06	4.833169e-06	1.625677e-08	3.526935e+01	1.064398e+03
1.880000e-06	4.792952e-06	1.613154e-08	3.497586e+01	1.060010e+03
1.890000e-06	4.750938e-06	1.608558e-08	3.466928e+01	1.055299e+03
1.900000e-06	4.707337e-06	1.606096e-08	3.435110e+01	1.050296e+03
1.910000e-06	4.662132e-06	1.596446e-08	3.402123e+01	1.045032e+03
1.920000e-06	4.615028e-06	1.590197e-08	3.367749e+01	1.039531e+03
1.930000e-06	4.566425e-06	1.576217e-08	3.332282e+01	1.033808e+03
1.940000e-06	4.516245e-06	1.566610e-08	3.295664e+01	1.027866e+03
1.950000e-06	4.464162e-06	1.561074e-08	3.257657e+01	1.021696e+03
1.960000e-06	4.410069e-06	1.549222e-08	3.218183e+01	1.015288e+03
1.970000e-06	4.354092e-06	1.540079e-08	3.177335e+01	1.008631e+03
1.980000e-06	4.296593e-06	1.528876e-08	3.135376e+01	1.001718e+03
1.990000e-06	4.237658e-06	1.519092e-08	3.092369e+01	9.945510e+02
2.000000e-06	4.177427e-06	1.507233e-08	3.048416e+01	9.871357e+02
2.010000e-06	4.115676e-06	1.493103e-08	3.003355e+01	9.794839e+02
2.020000e-06	4.052155e-06	1.484311e-08	2.957001e+01	9.716070e+02
2.030000e-06	3.987116e-06	1.469771e-08	2.909540e+01	9.635132e+02
2.040000e-06	3.920659e-06	1.456775e-08	2.861043e+01	9.552047e+02
2.050000e-06	3.852930e-06	1.445595e-08	2.811619e+01	9.466769e+02
2.060000e-06	3.783944e-06	1.432501e-08	2.761278e+01	9.379197e+02
2.070000e-06	3.713328e-06	1.420938e-08	2.709747e+01	9.289205e+02
2.080000e-06	3.641213e-06	1.402940e-08	2.657122e+01	9.196671e+02
2.090000e-06	3.567907e-06	1.386376e-08	2.603628e+01	9.101514e+02
2.100000e-06	3.493459e-06	1.373512e-08	2.549301e+01	9.003703e+02
2.110000e-06	3.417747e-06	1.360871e-08	2.494051e+01	8.903263e+02
2.120000e-06	3.340577e-06	1.346119e-08	2.437737e+01	8.800249e+02
2.130000e-06	3.261935e-06	1.328216e-08	2.380349e+01	8.694724e+02
2.140000e-06	3.182025e-06	1.311593e-08	2.322036e+01	8.586725e+02
2.150000e-06	3.101053e-06	1.292941e-08	2.262948e+01	8.476241e+02
2.160000e-06	3.019022e-06	1.275093e-08	2.203087e+01	8.363208e+02
2.170000e-06	2.935997e-06	1.260172e-08	2.142501e+01	8.247515e+02
2.180000e-06	2.852088e-06	1.244559e-08	2.081269e+01	8.129031e+02
2.190000e-06	2.767188e-06	1.224448e-08	2.019315e+01	8.007631e+02
2.200000e-06	2.681029e-06	1.203060e-08	1.956441e+01	7.883222e+02
2.210000e-06	2.593617e-06	1.185438e-08	1.892654e+01	7.755765e+02
2.220000e-06	2.505283e-06	1.166468e-08	1.828193e+01	7.625268e+02
2.230000e-06	2.416130e-06	1.144790e-08	1.763135e+01	7.491778e+02
2.240000e-06	2.326125e-06	1.123352e-08	1.697456e+01	7.355349e+02
2.250000e-06	2.235411e-06	1.103624e-08	1.631258e+01	7.216023e+02
2.260000e-06	2.144073e-06	1.082327e-08	1.564606e+01	7.073801e+02
2.270000e-06	2.052093e-06	1.059523e-08	1.497485e+01	6.928638e+02
2.280000e-06	1.959407e-06	1.038362e-08	1.429848e+01	6.780449e+02
2.290000e-06	1.865880e-06	1.015444e-08	1.361599e+01	6.629128e+02
2.300000e-06	1.771444e-06	9.898374e-09	1.292685e+01	6.474572e+02
2.310000e-06	1.676282e-06	9.652648e-09	1.223242e+01	6.316709e+02
2.320000e-06	1.580592e-06	9.431259e-09	1.153414e+01	6.155512e+02
2.330000e-06	1.484425e-06	9.192517e-09	1.083238e+01	5.990999e+02
2.340000e-06	1.387795e-06	8.925113e-09	1.012723e+01	5.823222e+02
2.350000e-06	1.290742e-06	8.657842e-09	9.418997e+00	5.652244e+02
2.360000e-06	1.193318e-06	8.393679e-09	8.708060e+00	5.478107e+02
2.370000e-06	1.095518e-06	8.119132e-09	7.994383e+00	5.300818e+02
2.380000e-06	9.973173e-07	7.844163e-09	7.277777e+00	5.120332e+02
2.390000e-06	8.988028e-07	7.578495e-09	6.558882e+00	4.936563e+02
2.400000e-06	8.000440e-07	7.296895e-09	5.838204e+00	4.749400e+02
2.410000e-06	7.010249e-07	6.996374e-09	5.115627e+00	4.558734e+02
2.420000e-06	6.018420e-07	6.698251e-09	4.391854e+00	4.364483e+02
2.430000e-06	5.025156e-07	6.403334e-09	3.667034e+00	4.166611e+02
2.440000e-06	4.030321e-07	6.094339e-09	2.941067e+00	3.965123e+02
2.450000e-06	3.034668e-07	5.775555e-09	2.214504e+00	3.760058e+02
2.460000e-06	2.038048e-07	5.460216e-09	1.487236e+00	3.551457e+02
2.470000e-06	1.040601e-07	5.141634e-09	7.593635e-01	3.339333e+02
2.480000e-06	4.252971e-09	4.812478e-09	3.103544e-02	3.123642e+02
2.490000e-06	-9.556912e-08	4.477775e-09	-6.974017e-01	2.904266e+02
2.500000e-06	-1.953785e-07	4.139201e-09	-1.425746e+00	2.681018e+02
2.510000e-06	-2.951569e-07	3.789948e-09	-2.153865e+00	2.453651e+02
2.520000e-06	-3.948392e-07	3.433258e-09	-2.881281e+00	2.221891e+02
2.530000e-06	-4.944206e-07	3.074775e-09	-3.607962e+00	1.985458e+02
2.540000e-06	-5.938838e-07	2.710037e-09	-4.333780e+00	1.744087e+02
2.550000e-06	-6.931983e-07	2.332662e-09	-5.058513e+00	1.497534e+02
2.560000e-06	-7.922804e-07	1.944895e-09	-5.781551e+00	1.245560e+02
2.570000e-06	-8.910756e-07	1.550717e-09	-6.502494e+00	9.879111e+01
2.580000e-06	-9.895726e-07	1.148280e-09	-7.221261e+00	7.242920e+01
2.590000e-06	-1.087723e-06	7.372360e-10	-7.937499e+00	4.543485e+01
2.600000e-06	-1.185457e-06	3.165529e-10	-8.650701e+00	1.776739e+01
2.610000e-06	-1.282736e-06	-1.161793e-10	-9.360579e+00	-1.061591e+01
2.620000e-06	-1.379595e-06	-5.628357e-10	-1.006740e+01	-3.975362e+01
2.630000e-06	-1.476017e-06	-1.022010e-09	-1.077102e+01	-6.967194e+01
2.640000e-06	-1.571970e-06	-1.491691e-09	-1.147122e+01	-1.003757e+02
2.650000e-06	-1.667460e-06	-1.971643e-09	-1.216804e+01	-1.318402e+02
2.660000e-06	-1.762275e-06	-2.461141e-09	-1.285995e+01	-1.640059e+02
2.670000e-06	-1.856230e-06	-2.961125e-09	-1.354556e+01	-1.967770e+02
2.680000e-06	-1.949327e-06	-3.469910e-09	-1.422493e+01	-2.300237e+02
2.690000e-06	-2.041623e-06	-3.982411e-09	-1.489844e+01	-2.635893e+02
2.700000e-06	-2.133222e-06	-4.497345e-09	-1.556688e+01	-2.972999e+02
2.710000e-06	-2.224109e-06	-5.014993e-09	-1.623011e+01	-3.309747e+02
2.720000e-06	-2.314111e-06	-5.529350e-09	-1.688689e+01	-3.644370e+02
2.730000e-06	-2.403265e-06	-6.036573e-09	-1.753748e+01	-3.975222e+02
2.740000e-06	-2.491767e-06	-6.533781e-09	-1.818331e+01	-4.300838e+02
2.750000e-06	-2.579586e-06	-7.020470e-09	-1.882415e+01	-4.619960e+02
2.760000e-06	-2.666452e-06	-7.495788e-09	-1.945804e+01	-4.931537e+02
2.770000e-06	-2.752195e-06	-7.958745e-09	-2.008374e+01	-5.234713e+02
2.780000e-06	-2.836863e-06	-8.411164e-09	-2.070159e+01	-5.528805e+02
2.790000e-06	-2.920579e-06	-8.848559e-09	-2.131250e+01	-5.813280e+02
2.800000e-06	-3.003394e-06	-9.269344e-09	-2.191683e+01	-6.087748e+02
2.810000e-06	-3.085214e-06	-9.674095e-09	-2.251390e+01	-6.351954e+02
2.820000e-06	-3.166018e-06	-1.006406e-08	-2.310355e+01	-6.605777e+02
2.830000e-06	-3.245745e-06	-1.044079e-08	-2.368535e+01	-6.849227e+02
2.840000e-06	-3.324122e-06	-1.080125e-08	-2.425730e+01	-7.082436e+02
2.850000e-06	-3.401078e-06	-1.114284e-08	-2.481887e+01	-7.305641e+02
2.860000e-06	-3.476704e-06	-1.146665e-08	-2.537074e+01	-7.519153e+02
2.870000e-06	-3.551002e-06	-1.177630e-08	-2.591292e+01	-7.723324e+02
2.880000e-06	-3.624061e-06	-1.207628e-08	-2.644605e+01	-7.918519e+02
2.890000e-06	-3.695930e-06	-1.236659e-08	-2.697051e+01	-8.105086e+02
2.900000e-06	-3.766360e-06	-1.264360e-08	-2.748446e+01	-8.283350e+02
2.910000e-06	-3.835246e-06	-1.290710e-08	-2.798715e+01	-8.453607e+02
2.920000e-06	-3.902778e-06	-1.315734e-08	-2.847995e+01	-8.616139e+02
2.930000e-06	-3.968973e-06	-1.339653e-08	-2.896300e+01	-8.771227e+02
2.940000e-06	-4.033815e-06	-1.362531e-08	-2.943618e+01	-8.919162e+02
2.950000e-06	-4.097307e-06	-1.384356e-08	-2.989950e+01	-9.060257e+02
2.960000e-06	-4.159205e-06	-1.405257e-08	-3.035119e+01	-9.194832e+02
2.970000e-06	-4.219466e-06	-1.425130e-08	-3.079094e+01	-9.323207e+02
2.980000e-06	-4.278298e-06	-1.443957e-08	-3.122026e+01	-9.445672e+02
2.990000e-06	-4.335683e-06	-1.461802e-08	-3.163901e+01	-9.562473e+02
3.000000e-06	-4.391508e-06	-1.478822e-08	-3.204639e+01	-9.673794e+02
3.010000e-06	-4.445530e-06	-1.495042e-08	-3.244061e+01	-9.779757e+02
3.020000e-06	-4.497669e-06	-1.510380e-08	-3.282108e+01	-9.880438e+02
3.030000e-06	-4.548086e-06	-1.524942e-08	-3.318899e+01	-9.975887e+02
3.040000e-06	-4.596647e-06	-1.538856e-08	-3.354336e+01	-1.006616e+03
3.050000e-06	-4.643406e-06	-1.552089e-08	-3.388458e+01	-1.015135e+03
3.060000e-06	-4.688612e-06	-1.564279e-08	-3.421446e+01	-1.023160e+03
3.070000e-06	-4.732364e-06	-1.575526e-08	-3.453373e+01	-1.030711e+03
3.080000e-06	-4.774654e-06	-1.586550e-08	-3.484234e+01	-1.037811e+03
3.090000e-06	-4.815445e-06	-1.597315e-08	-3.514000e+01	-1.044489e+03
3.100000e-06	-4.854619e-06	-1.607233e-08	-3.542588e+01	-1.050770e+03
3.110000e-06	-4.891891e-06	-1.616270e-08	-3.569786e+01	-1.056677e+03
3.120000e-06	-4.927337e-06	-1.624843e-08	-3.595652e+01	-1.062230e+03
3.130000e-06	-4.961100e-06	-1.633080e-08	-3.620290e+01	-1.067441e+03
3.140000e-06	-4.993151e-06	-1.640710e-08	-3.643679e+01	-1.072320e+03
3.150000e-06	-5.023342e-06	-1.647664e-08	-3.665711e+01	-1.076872e+03
3.160000e-06	-5.051712e-06	-1.654090e-08	-3.686413e+01	-1.081101e+03
3.170000e-06	-5.078409e-06	-1.660076e-08	-3.705895e+01	-1.085011e+03
3.180000e-06	-5.103367e-06	-1.665628e-08	-3.724107e+01	-1.088604e+03
3.190000e-06	-5.126442e-06	-1.670789e-08	-3.740946e+01	-1.091884e+03
3.200000e-06	-5.147531e-06	-1.675554e-08	-3.756336e+01	-1.094854e+03
3.210000e-06	-5.166836e-06	-1.679733e-08	-3.770423e+01	-1.097515e+03
3.220000e-06	-5.184448e-06	-1.683297e-08	-3.783275e+01	-1.099867e+03
3.230000e-06	-5.200158e-06	-1.686384e-08	-3.794739e+01	-1.101908e+03
3.240000e-06	-5.213685e-06	-1.689131e-08	-3.804610e+01	-1.103641e+03
3.250000e-06	-5.225098e-06	-1.691486e-08	-3.812939e+01	-1.105067e+03
3.260000e-06	-5.234680e-06	-1.693441e-08	-3.819931e+01	-1.106197e+03
3.270000e-06	-5.242486e-06	-1.694971e-08	-3.825627e+01	-1.107046e+03
3.280000e-06	-5.248298e-06	-1.696090e-08	-3.829868e+01	-1.107633e+03
3.290000e-06	-5.252188e-06	-1.696708e-08	-3.832707e+01	-1.107984e+03
3.300000e-06	-5.254427e-06	-1.696819e-08	-3.834341e+01	-1.108120e+03
3.310000e-06	-5.254946e-06	-1.696468e-08	-3.834720e+01	-1.108060e+03
