# Temperatura_=_55.1
# Concentracion g/m^3_=_20000.0
# C_Vs_to_Am_M_A/Vsm_=_65563218390.804596
# pendiente_HvsI_1/m_=_3716.3
# ordenada_HvsI_A/m_=_1297.0
# frecuencia_Hz_=_301604.1686175214

Tiempo_(s)	Campo_(V.s)	Magnetizacion_(V.s)	Campo_(kA/m)	Magnetizacion_(A/m)
0.000000e+00	-5.257373e-06	-1.794255e-08	-3.833592e+01	-1.173109e+03
1.000000e-08	-5.255059e-06	-1.793698e-08	-3.831904e+01	-1.172662e+03
2.000000e-08	-5.250977e-06	-1.792840e-08	-3.828928e+01	-1.172015e+03
3.000000e-08	-5.245322e-06	-1.791638e-08	-3.824804e+01	-1.171157e+03
4.000000e-08	-5.238137e-06	-1.789784e-08	-3.819565e+01	-1.170072e+03
5.000000e-08	-5.229195e-06	-1.787301e-08	-3.813045e+01	-1.168743e+03
6.000000e-08	-5.218225e-06	-1.784630e-08	-3.805046e+01	-1.167157e+03
7.000000e-08	-5.205425e-06	-1.781854e-08	-3.795712e+01	-1.165314e+03
8.000000e-08	-5.190621e-06	-1.780124e-08	-3.784917e+01	-1.163227e+03
9.000000e-08	-5.173534e-06	-1.778327e-08	-3.772457e+01	-1.160921e+03
1.000000e-07	-5.154388e-06	-1.774343e-08	-3.758497e+01	-1.158436e+03
1.100000e-07	-5.133416e-06	-1.769291e-08	-3.743204e+01	-1.155813e+03
1.200000e-07	-5.110754e-06	-1.762455e-08	-3.726679e+01	-1.153092e+03
1.300000e-07	-5.086655e-06	-1.754970e-08	-3.709107e+01	-1.150303e+03
1.400000e-07	-5.061015e-06	-1.754439e-08	-3.690410e+01	-1.147458e+03
1.500000e-07	-5.033672e-06	-1.750519e-08	-3.670473e+01	-1.144551e+03
1.600000e-07	-5.004858e-06	-1.744110e-08	-3.649462e+01	-1.141553e+03
1.700000e-07	-4.974591e-06	-1.743974e-08	-3.627392e+01	-1.138422e+03
1.800000e-07	-4.942481e-06	-1.736015e-08	-3.603978e+01	-1.135105e+03
1.900000e-07	-4.908422e-06	-1.725333e-08	-3.579142e+01	-1.131550e+03
2.000000e-07	-4.872744e-06	-1.720563e-08	-3.553127e+01	-1.127707e+03
2.100000e-07	-4.835406e-06	-1.712219e-08	-3.525900e+01	-1.123542e+03
2.200000e-07	-4.796362e-06	-1.705275e-08	-3.497430e+01	-1.119036e+03
2.300000e-07	-4.755517e-06	-1.702394e-08	-3.467647e+01	-1.114183e+03
2.400000e-07	-4.712685e-06	-1.693750e-08	-3.436414e+01	-1.108994e+03
2.500000e-07	-4.668081e-06	-1.681968e-08	-3.403890e+01	-1.103487e+03
2.600000e-07	-4.621744e-06	-1.670743e-08	-3.370101e+01	-1.097685e+03
2.700000e-07	-4.573608e-06	-1.661651e-08	-3.335001e+01	-1.091612e+03
2.800000e-07	-4.523440e-06	-1.653323e-08	-3.298419e+01	-1.085285e+03
2.900000e-07	-4.471204e-06	-1.644377e-08	-3.260330e+01	-1.078717e+03
3.000000e-07	-4.417305e-06	-1.634547e-08	-3.221028e+01	-1.071916e+03
3.100000e-07	-4.361882e-06	-1.623717e-08	-3.180614e+01	-1.064883e+03
3.200000e-07	-4.304756e-06	-1.612504e-08	-3.138959e+01	-1.057617e+03
3.300000e-07	-4.245900e-06	-1.599571e-08	-3.096042e+01	-1.050116e+03
3.400000e-07	-4.185567e-06	-1.587179e-08	-3.052048e+01	-1.042377e+03
3.500000e-07	-4.123873e-06	-1.576415e-08	-3.007062e+01	-1.034397e+03
3.600000e-07	-4.060844e-06	-1.563978e-08	-2.961102e+01	-1.026174e+03
3.700000e-07	-3.996428e-06	-1.550924e-08	-2.914131e+01	-1.017705e+03
3.800000e-07	-3.930338e-06	-1.538474e-08	-2.865939e+01	-1.008988e+03
3.900000e-07	-3.862603e-06	-1.524144e-08	-2.816548e+01	-1.000019e+03
4.000000e-07	-3.793603e-06	-1.508365e-08	-2.766234e+01	-9.907946e+02
4.100000e-07	-3.723455e-06	-1.493504e-08	-2.715084e+01	-9.813103e+02
4.200000e-07	-3.652163e-06	-1.480072e-08	-2.663099e+01	-9.715640e+02
4.300000e-07	-3.579602e-06	-1.466152e-08	-2.610188e+01	-9.615545e+02
4.400000e-07	-3.505474e-06	-1.450910e-08	-2.556135e+01	-9.512822e+02
4.500000e-07	-3.429808e-06	-1.434066e-08	-2.500961e+01	-9.407483e+02
4.600000e-07	-3.352813e-06	-1.416014e-08	-2.444818e+01	-9.299540e+02
4.700000e-07	-3.274580e-06	-1.398387e-08	-2.387771e+01	-9.188991e+02
4.800000e-07	-3.195071e-06	-1.381723e-08	-2.329795e+01	-9.075815e+02
4.900000e-07	-3.114246e-06	-1.365370e-08	-2.270858e+01	-8.959966e+02
5.000000e-07	-3.032290e-06	-1.347761e-08	-2.211097e+01	-8.841372e+02
5.100000e-07	-2.949354e-06	-1.328690e-08	-2.150621e+01	-8.719950e+02
5.200000e-07	-2.865565e-06	-1.308656e-08	-2.089524e+01	-8.595611e+02
5.300000e-07	-2.780904e-06	-1.288516e-08	-2.027790e+01	-8.468279e+02
5.400000e-07	-2.695283e-06	-1.268801e-08	-1.965357e+01	-8.337899e+02
5.500000e-07	-2.608779e-06	-1.248973e-08	-1.902279e+01	-8.204440e+02
5.600000e-07	-2.521362e-06	-1.228129e-08	-1.838537e+01	-8.067889e+02
5.700000e-07	-2.433051e-06	-1.206605e-08	-1.774142e+01	-7.928248e+02
5.800000e-07	-2.343794e-06	-1.185239e-08	-1.709057e+01	-7.785512e+02
5.900000e-07	-2.253440e-06	-1.163062e-08	-1.643172e+01	-7.639665e+02
6.000000e-07	-2.162130e-06	-1.139747e-08	-1.576590e+01	-7.490669e+02
6.100000e-07	-2.070143e-06	-1.116055e-08	-1.509515e+01	-7.338466e+02
6.200000e-07	-1.977503e-06	-1.092381e-08	-1.441963e+01	-7.182981e+02
6.300000e-07	-1.884081e-06	-1.068305e-08	-1.373841e+01	-7.024135e+02
6.400000e-07	-1.790017e-06	-1.043954e-08	-1.305252e+01	-6.861861e+02
6.500000e-07	-1.695472e-06	-1.019202e-08	-1.236311e+01	-6.696107e+02
6.600000e-07	-1.600344e-06	-9.932731e-09	-1.166945e+01	-6.526844e+02
6.700000e-07	-1.504625e-06	-9.662099e-09	-1.097148e+01	-6.354059e+02
6.800000e-07	-1.408431e-06	-9.388878e-09	-1.027005e+01	-6.177747e+02
6.900000e-07	-1.311709e-06	-9.119420e-09	-9.564768e+00	-5.997896e+02
7.000000e-07	-1.214380e-06	-8.845717e-09	-8.855061e+00	-5.814478e+02
7.100000e-07	-1.116495e-06	-8.561381e-09	-8.141301e+00	-5.627438e+02
7.200000e-07	-1.018113e-06	-8.267346e-09	-7.423916e+00	-5.436697e+02
7.300000e-07	-9.193401e-07	-7.965961e-09	-6.703680e+00	-5.242162e+02
7.400000e-07	-8.202968e-07	-7.661034e-09	-5.981472e+00	-5.043735e+02
7.500000e-07	-7.209881e-07	-7.354552e-09	-5.257329e+00	-4.841333e+02
7.600000e-07	-6.214231e-07	-7.041854e-09	-4.531317e+00	-4.634896e+02
7.700000e-07	-5.216455e-07	-6.718478e-09	-3.803755e+00	-4.424390e+02
7.800000e-07	-4.217477e-07	-6.388253e-09	-3.075316e+00	-4.209804e+02
7.900000e-07	-3.218057e-07	-6.055149e-09	-2.346555e+00	-3.991134e+02
8.000000e-07	-2.218046e-07	-5.717803e-09	-1.617364e+00	-3.768367e+02
8.100000e-07	-1.217332e-07	-5.371363e-09	-8.876587e-01	-3.541460e+02
8.200000e-07	-2.157885e-08	-5.016831e-09	-1.573495e-01	-3.310333e+02
8.300000e-07	7.858769e-08	-4.656673e-09	5.730487e-01	-3.074857e+02
8.400000e-07	1.787425e-07	-4.289665e-09	1.303361e+00	-2.834863e+02
8.500000e-07	2.788755e-07	-3.916472e-09	2.033515e+00	-2.590145e+02
8.600000e-07	3.789186e-07	-3.537189e-09	2.763013e+00	-2.340474e+02
8.700000e-07	4.788697e-07	-3.149433e-09	3.491841e+00	-2.085593e+02
8.800000e-07	5.787725e-07	-2.751048e-09	4.220316e+00	-1.825220e+02
8.900000e-07	6.785510e-07	-2.343158e-09	4.947885e+00	-1.559027e+02
9.000000e-07	7.781210e-07	-1.928614e-09	5.673933e+00	-1.286624e+02
9.100000e-07	8.774775e-07	-1.506191e-09	6.398424e+00	-1.007537e+02
9.200000e-07	9.765654e-07	-1.071016e-09	7.120958e+00	-7.212054e+01
9.300000e-07	1.075299e-06	-6.215014e-10	7.840904e+00	-4.269979e+01
9.400000e-07	1.173526e-06	-1.578260e-10	8.557162e+00	-1.242549e+01
9.500000e-07	1.271152e-06	3.183692e-10	9.269035e+00	1.876363e+01
9.600000e-07	1.368087e-06	8.065987e-10	9.975871e+00	5.091457e+01
9.700000e-07	1.464388e-06	1.309343e-09	1.067808e+01	8.404914e+01
9.800000e-07	1.560150e-06	1.827306e-09	1.137636e+01	1.181537e+02
9.900000e-07	1.655338e-06	2.359694e-09	1.207046e+01	1.531715e+02
1.000000e-06	1.749943e-06	2.907442e-09	1.276030e+01	1.889981e+02
1.010000e-06	1.843979e-06	3.465658e-09	1.344600e+01	2.254832e+02
1.020000e-06	1.937434e-06	4.027590e-09	1.412746e+01	2.624357e+02
1.030000e-06	2.030194e-06	4.591584e-09	1.480385e+01	2.996353e+02
1.040000e-06	2.122254e-06	5.156257e-09	1.547513e+01	3.368449e+02
1.050000e-06	2.213663e-06	5.717209e-09	1.614167e+01	3.738262e+02
1.060000e-06	2.304252e-06	6.271326e-09	1.680223e+01	4.103528e+02
1.070000e-06	2.393807e-06	6.818442e-09	1.745525e+01	4.462220e+02
1.080000e-06	2.482318e-06	7.353541e-09	1.810066e+01	4.812624e+02
1.090000e-06	2.569985e-06	7.870574e-09	1.873992e+01	5.153374e+02
1.100000e-06	2.656869e-06	8.371138e-09	1.937346e+01	5.483452e+02
1.110000e-06	2.742824e-06	8.857228e-09	2.000023e+01	5.802165e+02
1.120000e-06	2.827819e-06	9.325992e-09	2.062000e+01	6.109090e+02
1.130000e-06	2.911970e-06	9.773444e-09	2.123361e+01	6.404031e+02
1.140000e-06	2.995364e-06	1.020169e-08	2.184171e+01	6.686964e+02
1.150000e-06	3.077755e-06	1.061324e-08	2.244249e+01	6.958000e+02
1.160000e-06	3.158871e-06	1.100643e-08	2.303398e+01	7.217351e+02
1.170000e-06	3.238823e-06	1.138257e-08	2.361698e+01	7.465311e+02
1.180000e-06	3.317661e-06	1.174297e-08	2.419185e+01	7.702234e+02
1.190000e-06	3.395292e-06	1.208814e-08	2.475792e+01	7.928520e+02
1.200000e-06	3.471763e-06	1.241673e-08	2.531553e+01	8.144596e+02
1.210000e-06	3.547023e-06	1.273024e-08	2.586432e+01	8.350900e+02
1.220000e-06	3.620705e-06	1.302862e-08	2.640160e+01	8.547868e+02
1.230000e-06	3.692797e-06	1.331170e-08	2.692728e+01	8.735916e+02
1.240000e-06	3.763615e-06	1.358072e-08	2.744368e+01	8.915441e+02
1.250000e-06	3.833149e-06	1.383869e-08	2.795071e+01	9.086813e+02
1.260000e-06	3.901419e-06	1.408771e-08	2.844852e+01	9.250384e+02
1.270000e-06	3.968405e-06	1.432455e-08	2.893697e+01	9.406494e+02
1.280000e-06	4.033756e-06	1.454816e-08	2.941350e+01	9.555476e+02
1.290000e-06	4.097436e-06	1.476188e-08	2.987784e+01	9.697656e+02
1.300000e-06	4.159716e-06	1.496771e-08	3.033198e+01	9.833352e+02
1.310000e-06	4.220685e-06	1.516402e-08	3.077656e+01	9.962861e+02
1.320000e-06	4.280357e-06	1.535000e-08	3.121167e+01	1.008646e+03
1.330000e-06	4.338478e-06	1.552674e-08	3.163548e+01	1.020437e+03
1.340000e-06	4.394840e-06	1.569595e-08	3.204647e+01	1.031678e+03
1.350000e-06	4.449585e-06	1.585619e-08	3.244566e+01	1.042384e+03
1.360000e-06	4.502761e-06	1.601006e-08	3.283341e+01	1.052568e+03
1.370000e-06	4.554147e-06	1.615995e-08	3.320811e+01	1.062237e+03
1.380000e-06	4.603510e-06	1.630324e-08	3.356805e+01	1.071404e+03
1.390000e-06	4.650987e-06	1.643815e-08	3.391425e+01	1.080079e+03
1.400000e-06	4.696815e-06	1.656309e-08	3.424842e+01	1.088278e+03
1.410000e-06	4.741168e-06	1.667817e-08	3.457183e+01	1.096018e+03
1.420000e-06	4.783954e-06	1.678692e-08	3.488382e+01	1.103319e+03
1.430000e-06	4.824852e-06	1.689058e-08	3.518204e+01	1.110202e+03
1.440000e-06	4.864002e-06	1.698877e-08	3.546752e+01	1.116685e+03
1.450000e-06	4.901541e-06	1.708048e-08	3.574125e+01	1.122788e+03
1.460000e-06	4.937532e-06	1.716590e-08	3.600368e+01	1.128524e+03
1.470000e-06	4.971822e-06	1.724680e-08	3.625373e+01	1.133905e+03
1.480000e-06	5.004188e-06	1.732387e-08	3.648973e+01	1.138942e+03
1.490000e-06	5.034776e-06	1.739455e-08	3.671278e+01	1.143642e+03
1.500000e-06	5.063768e-06	1.745910e-08	3.692418e+01	1.148013e+03
1.510000e-06	5.091098e-06	1.752108e-08	3.712347e+01	1.152061e+03
1.520000e-06	5.116425e-06	1.757962e-08	3.730814e+01	1.155794e+03
1.530000e-06	5.139752e-06	1.763253e-08	3.747824e+01	1.159216e+03
1.540000e-06	5.161318e-06	1.767724e-08	3.763550e+01	1.162330e+03
1.550000e-06	5.181227e-06	1.771716e-08	3.778067e+01	1.165137e+03
1.560000e-06	5.199341e-06	1.775529e-08	3.791276e+01	1.167633e+03
1.570000e-06	5.215485e-06	1.778734e-08	3.803047e+01	1.169815e+03
1.580000e-06	5.229694e-06	1.781289e-08	3.813409e+01	1.171678e+03
1.590000e-06	5.242028e-06	1.783636e-08	3.822403e+01	1.173222e+03
1.600000e-06	5.252264e-06	1.785752e-08	3.829867e+01	1.174451e+03
1.610000e-06	5.260316e-06	1.787373e-08	3.835737e+01	1.175374e+03
1.620000e-06	5.266472e-06	1.788381e-08	3.840227e+01	1.176010e+03
1.630000e-06	5.270944e-06	1.788975e-08	3.843488e+01	1.176380e+03
1.640000e-06	5.273650e-06	1.789156e-08	3.845460e+01	1.176509e+03
1.650000e-06	5.274390e-06	1.788825e-08	3.846000e+01	1.176419e+03
1.660000e-06	5.273263e-06	1.788097e-08	3.845179e+01	1.176126e+03
1.670000e-06	5.270464e-06	1.787227e-08	3.843137e+01	1.175635e+03
1.680000e-06	5.266086e-06	1.786286e-08	3.839945e+01	1.174943e+03
1.690000e-06	5.259899e-06	1.785167e-08	3.835433e+01	1.174038e+03
1.700000e-06	5.251892e-06	1.783652e-08	3.829595e+01	1.172901e+03
1.710000e-06	5.242362e-06	1.781878e-08	3.822646e+01	1.171517e+03
1.720000e-06	5.231237e-06	1.779901e-08	3.814534e+01	1.169875e+03
1.730000e-06	5.218243e-06	1.776323e-08	3.805059e+01	1.167977e+03
1.740000e-06	5.203172e-06	1.770961e-08	3.794069e+01	1.165839e+03
1.750000e-06	5.185791e-06	1.767020e-08	3.781395e+01	1.163491e+03
1.760000e-06	5.165876e-06	1.764229e-08	3.766874e+01	1.160972e+03
1.770000e-06	5.143594e-06	1.762847e-08	3.750626e+01	1.158324e+03
1.780000e-06	5.119804e-06	1.760860e-08	3.733279e+01	1.155586e+03
1.790000e-06	5.095324e-06	1.751742e-08	3.715428e+01	1.152784e+03
1.800000e-06	5.069602e-06	1.747331e-08	3.696672e+01	1.149926e+03
1.810000e-06	5.042030e-06	1.745625e-08	3.676567e+01	1.147001e+03
1.820000e-06	5.012949e-06	1.738945e-08	3.655362e+01	1.143978e+03
1.830000e-06	4.981970e-06	1.738650e-08	3.632772e+01	1.140811e+03
1.840000e-06	4.948807e-06	1.737032e-08	3.608590e+01	1.137447e+03
1.850000e-06	4.914054e-06	1.728498e-08	3.583249e+01	1.133833e+03
1.860000e-06	4.877718e-06	1.723389e-08	3.556754e+01	1.129923e+03
1.870000e-06	4.839461e-06	1.716380e-08	3.528857e+01	1.125685e+03
1.880000e-06	4.799373e-06	1.707869e-08	3.499626e+01	1.121104e+03
1.890000e-06	4.757470e-06	1.703239e-08	3.469071e+01	1.116177e+03
1.900000e-06	4.713917e-06	1.697455e-08	3.437312e+01	1.110917e+03
1.910000e-06	4.668789e-06	1.691112e-08	3.404406e+01	1.105344e+03
1.920000e-06	4.621864e-06	1.681141e-08	3.370189e+01	1.099482e+03
1.930000e-06	4.573362e-06	1.669737e-08	3.334822e+01	1.093352e+03
1.940000e-06	4.523201e-06	1.660237e-08	3.298245e+01	1.086972e+03
1.950000e-06	4.471177e-06	1.648582e-08	3.260310e+01	1.080353e+03
1.960000e-06	4.417142e-06	1.638011e-08	3.220909e+01	1.073501e+03
1.970000e-06	4.361181e-06	1.629016e-08	3.180103e+01	1.066418e+03
1.980000e-06	4.303773e-06	1.619193e-08	3.138242e+01	1.059101e+03
1.990000e-06	4.244942e-06	1.607610e-08	3.095343e+01	1.051548e+03
2.000000e-06	4.184738e-06	1.593592e-08	3.051443e+01	1.043757e+03
2.010000e-06	4.123032e-06	1.581521e-08	3.006449e+01	1.035724e+03
2.020000e-06	4.059539e-06	1.569216e-08	2.960150e+01	1.027448e+03
2.030000e-06	3.994518e-06	1.555678e-08	2.912738e+01	1.018926e+03
2.040000e-06	3.928113e-06	1.543706e-08	2.864316e+01	1.010154e+03
2.050000e-06	3.860413e-06	1.530989e-08	2.814951e+01	1.001130e+03
2.060000e-06	3.791450e-06	1.516416e-08	2.764664e+01	9.918494e+02
2.070000e-06	3.720924e-06	1.500837e-08	2.713237e+01	9.823083e+02
2.080000e-06	3.648896e-06	1.484822e-08	2.660716e+01	9.725049e+02
2.090000e-06	3.575663e-06	1.468977e-08	2.607316e+01	9.624383e+02
2.100000e-06	3.501300e-06	1.454043e-08	2.553092e+01	9.521091e+02
2.110000e-06	3.425630e-06	1.439576e-08	2.497914e+01	9.415186e+02
2.120000e-06	3.348532e-06	1.423897e-08	2.441696e+01	9.306677e+02
2.130000e-06	3.270018e-06	1.406306e-08	2.384444e+01	9.195560e+02
2.140000e-06	3.190148e-06	1.387719e-08	2.326205e+01	9.081809e+02
2.150000e-06	3.109175e-06	1.368778e-08	2.267160e+01	8.965370e+02
2.160000e-06	3.027173e-06	1.350188e-08	2.207365e+01	8.846170e+02
2.170000e-06	2.944173e-06	1.333400e-08	2.146843e+01	8.724122e+02
2.180000e-06	2.860219e-06	1.316364e-08	2.085625e+01	8.599140e+02
2.190000e-06	2.775306e-06	1.296647e-08	2.023708e+01	8.471152e+02
2.200000e-06	2.689272e-06	1.275486e-08	1.960974e+01	8.340107e+02
2.210000e-06	2.602001e-06	1.254859e-08	1.897337e+01	8.205977e+02
2.220000e-06	2.513762e-06	1.234109e-08	1.832995e+01	8.068757e+02
2.230000e-06	2.424677e-06	1.212183e-08	1.768035e+01	7.928445e+02
2.240000e-06	2.334695e-06	1.190417e-08	1.702422e+01	7.785037e+02
2.250000e-06	2.243951e-06	1.169278e-08	1.636253e+01	7.638512e+02
2.260000e-06	2.152551e-06	1.146767e-08	1.569606e+01	7.488827e+02
2.270000e-06	2.060474e-06	1.122862e-08	1.502465e+01	7.335919e+02
2.280000e-06	1.967723e-06	1.099373e-08	1.434832e+01	7.179713e+02
2.290000e-06	1.874220e-06	1.074915e-08	1.366651e+01	7.020130e+02
2.300000e-06	1.779895e-06	1.049090e-08	1.297871e+01	6.857107e+02
2.310000e-06	1.684787e-06	1.023606e-08	1.228520e+01	6.690595e+02
2.320000e-06	1.589015e-06	9.990477e-09	1.158684e+01	6.520570e+02
2.330000e-06	1.492758e-06	9.733674e-09	1.088495e+01	6.347022e+02
2.340000e-06	1.396135e-06	9.455058e-09	1.018039e+01	6.169945e+02
2.350000e-06	1.299094e-06	9.170524e-09	9.472784e+00	5.989326e+02
2.360000e-06	1.201569e-06	8.887379e-09	8.761646e+00	5.805130e+02
2.370000e-06	1.103625e-06	8.602135e-09	8.047457e+00	5.617296e+02
2.380000e-06	1.005370e-06	8.315613e-09	7.330999e+00	5.425743e+02
2.390000e-06	9.068731e-07	8.027825e-09	6.612773e+00	5.230374e+02
2.400000e-06	8.081256e-07	7.725467e-09	5.892722e+00	5.031094e+02
2.410000e-06	7.091323e-07	7.407156e-09	5.170879e+00	4.827824e+02
2.420000e-06	6.099058e-07	7.086479e-09	4.447335e+00	4.620510e+02
2.430000e-06	5.105051e-07	6.768176e-09	3.722521e+00	4.409122e+02
2.440000e-06	4.109482e-07	6.444321e-09	2.996568e+00	4.193654e+02
2.450000e-06	3.112368e-07	6.109358e-09	2.269488e+00	3.974100e+02
2.460000e-06	2.114618e-07	5.766772e-09	1.541945e+00	3.750443e+02
2.470000e-06	1.116327e-07	5.419542e-09	8.140080e-01	3.522632e+02
2.480000e-06	1.173041e-08	5.067428e-09	8.553626e-02	3.290578e+02
2.490000e-06	-8.821898e-08	4.708443e-09	-6.432786e-01	3.054142e+02
2.500000e-06	-1.881725e-07	4.339738e-09	-1.372124e+00	2.813146e+02
2.510000e-06	-2.881220e-07	3.962725e-09	-2.100939e+00	2.567380e+02
2.520000e-06	-3.879902e-07	3.580023e-09	-2.829162e+00	2.316607e+02
2.530000e-06	-4.877018e-07	3.191768e-09	-3.556243e+00	2.060567e+02
2.540000e-06	-5.872695e-07	2.795462e-09	-4.282275e+00	1.798969e+02
2.550000e-06	-6.866432e-07	2.387322e-09	-5.006891e+00	1.531473e+02
2.560000e-06	-7.857492e-07	1.966607e-09	-5.729556e+00	1.257672e+02
2.570000e-06	-8.845704e-07	1.535006e-09	-6.450145e+00	9.770754e+01
2.580000e-06	-9.831157e-07	1.095172e-09	-7.168721e+00	6.891036e+01
2.590000e-06	-1.081372e-06	6.461440e-10	-7.885187e+00	3.931147e+01
2.600000e-06	-1.179269e-06	1.834450e-10	-8.599038e+00	8.845214e+00
2.610000e-06	-1.276668e-06	-2.964919e-10	-9.309255e+00	-2.254751e+01
2.620000e-06	-1.373568e-06	-7.932043e-10	-1.001584e+01	-5.490921e+01
2.630000e-06	-1.470079e-06	-1.303861e-09	-1.071958e+01	-8.825492e+01
2.640000e-06	-1.566204e-06	-1.827842e-09	-1.142051e+01	-1.225623e+02
2.650000e-06	-1.661785e-06	-2.363686e-09	-1.211747e+01	-1.577646e+02
2.660000e-06	-1.756695e-06	-2.913492e-09	-1.280953e+01	-1.937472e+02
2.670000e-06	-1.850789e-06	-3.475740e-09	-1.349566e+01	-2.303505e+02
2.680000e-06	-1.943986e-06	-4.042604e-09	-1.417524e+01	-2.673761e+02
2.690000e-06	-2.036396e-06	-4.611145e-09	-1.484907e+01	-3.045988e+02
2.700000e-06	-2.128069e-06	-5.179549e-09	-1.551753e+01	-3.417801e+02
2.710000e-06	-2.219026e-06	-5.744019e-09	-1.618078e+01	-3.786831e+02
2.720000e-06	-2.309193e-06	-6.300552e-09	-1.683826e+01	-4.150857e+02
2.730000e-06	-2.398510e-06	-6.848272e-09	-1.748955e+01	-4.507913e+02
2.740000e-06	-2.487096e-06	-7.384730e-09	-1.813551e+01	-4.856359e+02
2.750000e-06	-2.575038e-06	-7.904442e-09	-1.877676e+01	-5.194903e+02
2.760000e-06	-2.662061e-06	-8.405600e-09	-1.941132e+01	-5.522602e+02
2.770000e-06	-2.747903e-06	-8.888901e-09	-2.003727e+01	-5.838824e+02
2.780000e-06	-2.832675e-06	-9.354690e-09	-2.065541e+01	-6.143199e+02
2.790000e-06	-2.916483e-06	-9.802407e-09	-2.126652e+01	-6.435571e+02
2.800000e-06	-2.999330e-06	-1.022947e-08	-2.187063e+01	-6.715949e+02
2.810000e-06	-3.081212e-06	-1.063878e-08	-2.246770e+01	-6.984467e+02
2.820000e-06	-3.162133e-06	-1.103370e-08	-2.305777e+01	-7.241358e+02
2.830000e-06	-3.242097e-06	-1.141342e-08	-2.364085e+01	-7.486929e+02
2.840000e-06	-3.320761e-06	-1.177623e-08	-2.421446e+01	-7.721545e+02
2.850000e-06	-3.397908e-06	-1.211922e-08	-2.477700e+01	-7.945614e+02
2.860000e-06	-3.473663e-06	-1.244541e-08	-2.532939e+01	-8.159567e+02
2.870000e-06	-3.548148e-06	-1.275698e-08	-2.587253e+01	-8.363842e+02
2.880000e-06	-3.621425e-06	-1.305525e-08	-2.640684e+01	-8.558872e+02
2.890000e-06	-3.693481e-06	-1.334116e-08	-2.693227e+01	-8.745069e+02
2.900000e-06	-3.764101e-06	-1.361416e-08	-2.744722e+01	-8.922823e+02
2.910000e-06	-3.833156e-06	-1.387703e-08	-2.795076e+01	-9.092502e+02
2.920000e-06	-3.900827e-06	-1.412827e-08	-2.844420e+01	-9.254454e+02
2.930000e-06	-3.967141e-06	-1.436662e-08	-2.892775e+01	-9.409017e+02
2.940000e-06	-4.032096e-06	-1.459397e-08	-2.940139e+01	-9.556521e+02
2.950000e-06	-4.095692e-06	-1.481110e-08	-2.986513e+01	-9.697293e+02
2.960000e-06	-4.157703e-06	-1.501818e-08	-3.031730e+01	-9.831646e+02
2.970000e-06	-4.218078e-06	-1.521495e-08	-3.075754e+01	-9.959874e+02
2.980000e-06	-4.277048e-06	-1.540291e-08	-3.118755e+01	-1.008224e+03
2.990000e-06	-4.334593e-06	-1.558346e-08	-3.160716e+01	-1.019897e+03
3.000000e-06	-4.390607e-06	-1.575669e-08	-3.201560e+01	-1.031023e+03
3.010000e-06	-4.444830e-06	-1.591894e-08	-3.241099e+01	-1.041617e+03
3.020000e-06	-4.497134e-06	-1.607049e-08	-3.279237e+01	-1.051690e+03
3.030000e-06	-4.547677e-06	-1.621541e-08	-3.316093e+01	-1.061252e+03
3.040000e-06	-4.596374e-06	-1.635478e-08	-3.351602e+01	-1.070313e+03
3.050000e-06	-4.643229e-06	-1.648706e-08	-3.385768e+01	-1.078886e+03
3.060000e-06	-4.688487e-06	-1.660933e-08	-3.418769e+01	-1.086986e+03
3.070000e-06	-4.732312e-06	-1.672385e-08	-3.450725e+01	-1.094631e+03
3.080000e-06	-4.774681e-06	-1.683574e-08	-3.481621e+01	-1.101841e+03
3.090000e-06	-4.815589e-06	-1.694478e-08	-3.511450e+01	-1.108637e+03
3.100000e-06	-4.854880e-06	-1.704503e-08	-3.540100e+01	-1.115038e+03
3.110000e-06	-4.892285e-06	-1.713572e-08	-3.567375e+01	-1.121062e+03
3.120000e-06	-4.927903e-06	-1.722212e-08	-3.593348e+01	-1.126721e+03
3.130000e-06	-4.961867e-06	-1.730535e-08	-3.618113e+01	-1.132029e+03
3.140000e-06	-4.994137e-06	-1.738254e-08	-3.641644e+01	-1.136994e+03
3.150000e-06	-5.024517e-06	-1.745407e-08	-3.663797e+01	-1.141623e+03
3.160000e-06	-5.053018e-06	-1.752094e-08	-3.684579e+01	-1.145925e+03
3.170000e-06	-5.079788e-06	-1.758152e-08	-3.704100e+01	-1.149907e+03
3.180000e-06	-5.104822e-06	-1.763659e-08	-3.722354e+01	-1.153573e+03
3.190000e-06	-5.128018e-06	-1.768872e-08	-3.739268e+01	-1.156930e+03
3.200000e-06	-5.149272e-06	-1.773885e-08	-3.754766e+01	-1.159979e+03
3.210000e-06	-5.168704e-06	-1.778255e-08	-3.768936e+01	-1.162720e+03
3.220000e-06	-5.186409e-06	-1.781889e-08	-3.781846e+01	-1.165150e+03
3.230000e-06	-5.202296e-06	-1.784964e-08	-3.793430e+01	-1.167265e+03
3.240000e-06	-5.216028e-06	-1.787778e-08	-3.803443e+01	-1.169061e+03
3.250000e-06	-5.227546e-06	-1.790324e-08	-3.811843e+01	-1.170537e+03
3.260000e-06	-5.237219e-06	-1.792193e-08	-3.818896e+01	-1.171700e+03
3.270000e-06	-5.245111e-06	-1.793485e-08	-3.824650e+01	-1.172560e+03
3.280000e-06	-5.251034e-06	-1.794382e-08	-3.828970e+01	-1.173138e+03
3.290000e-06	-5.255114e-06	-1.794842e-08	-3.831944e+01	-1.173455e+03
3.300000e-06	-5.257465e-06	-1.794821e-08	-3.833658e+01	-1.173536e+03
3.310000e-06	-5.258111e-06	-1.794548e-08	-3.834130e+01	-1.173403e+03
