# Temperatura_=_45.87
# Concentracion g/m^3_=_26700.0
# C_Vs_to_Am_M_A/Vsm_=_65563218390.804596
# pendiente_HvsI_1/m_=_3716.3
# ordenada_HvsI_A/m_=_1297.0
# frecuencia_Hz_=_301972.30377655773

Tiempo_(s)	Campo_(V.s)	Magnetizacion_(V.s)	Campo_(kA/m)	Magnetizacion_(A/m)
0.000000e+00	-6.632192e-06	-3.294799e-08	-4.746424e+01	-2.156070e+03
1.000000e-08	-6.628508e-06	-3.293456e-08	-4.743787e+01	-2.155252e+03
2.000000e-08	-6.622667e-06	-3.291348e-08	-4.739607e+01	-2.154173e+03
3.000000e-08	-6.614775e-06	-3.288757e-08	-4.733959e+01	-2.152795e+03
4.000000e-08	-6.604596e-06	-3.285541e-08	-4.726675e+01	-2.151065e+03
5.000000e-08	-6.591961e-06	-3.282063e-08	-4.717632e+01	-2.148933e+03
6.000000e-08	-6.576878e-06	-3.277569e-08	-4.706838e+01	-2.146369e+03
7.000000e-08	-6.559473e-06	-3.272719e-08	-4.694381e+01	-2.143378e+03
8.000000e-08	-6.539961e-06	-3.273414e-08	-4.680417e+01	-2.140003e+03
9.000000e-08	-6.518147e-06	-3.270541e-08	-4.664806e+01	-2.136324e+03
1.000000e-07	-6.493630e-06	-3.259857e-08	-4.647260e+01	-2.132436e+03
1.100000e-07	-6.466459e-06	-3.251930e-08	-4.627815e+01	-2.128436e+03
1.200000e-07	-6.437123e-06	-3.245142e-08	-4.606820e+01	-2.124395e+03
1.300000e-07	-6.406055e-06	-3.230607e-08	-4.584586e+01	-2.120345e+03
1.400000e-07	-6.373257e-06	-3.226558e-08	-4.561113e+01	-2.116264e+03
1.500000e-07	-6.338331e-06	-3.229625e-08	-4.536118e+01	-2.112079e+03
1.600000e-07	-6.301363e-06	-3.210618e-08	-4.509661e+01	-2.107680e+03
1.700000e-07	-6.262457e-06	-3.210505e-08	-4.481818e+01	-2.102937e+03
1.800000e-07	-6.221070e-06	-3.204618e-08	-4.452198e+01	-2.097727e+03
1.900000e-07	-6.177252e-06	-3.182316e-08	-4.420840e+01	-2.091952e+03
2.000000e-07	-6.131344e-06	-3.179800e-08	-4.387985e+01	-2.085560e+03
2.100000e-07	-6.083109e-06	-3.164854e-08	-4.353464e+01	-2.078544e+03
2.200000e-07	-6.032264e-06	-3.151193e-08	-4.317077e+01	-2.070942e+03
2.300000e-07	-5.978814e-06	-3.143021e-08	-4.278824e+01	-2.062820e+03
2.400000e-07	-5.923128e-06	-3.127915e-08	-4.238972e+01	-2.054253e+03
2.500000e-07	-5.865228e-06	-3.116081e-08	-4.197535e+01	-2.045311e+03
2.600000e-07	-5.805043e-06	-3.102359e-08	-4.154463e+01	-2.036038e+03
2.700000e-07	-5.742838e-06	-3.087877e-08	-4.109945e+01	-2.026451e+03
2.800000e-07	-5.678588e-06	-3.070957e-08	-4.063964e+01	-2.016534e+03
2.900000e-07	-5.612092e-06	-3.056194e-08	-4.016375e+01	-2.006254e+03
3.000000e-07	-5.543428e-06	-3.040956e-08	-3.967234e+01	-1.995568e+03
3.100000e-07	-5.472828e-06	-3.020249e-08	-3.916708e+01	-1.984436e+03
3.200000e-07	-5.400282e-06	-3.005169e-08	-3.864790e+01	-1.972834e+03
3.300000e-07	-5.325523e-06	-2.985117e-08	-3.811287e+01	-1.960758e+03
3.400000e-07	-5.248570e-06	-2.964766e-08	-3.756215e+01	-1.948218e+03
3.500000e-07	-5.169513e-06	-2.947594e-08	-3.699637e+01	-1.935238e+03
3.600000e-07	-5.088405e-06	-2.926937e-08	-3.641590e+01	-1.921843e+03
3.700000e-07	-5.005542e-06	-2.906414e-08	-3.582288e+01	-1.908048e+03
3.800000e-07	-4.921106e-06	-2.884002e-08	-3.521860e+01	-1.893856e+03
3.900000e-07	-4.835176e-06	-2.861907e-08	-3.460363e+01	-1.879252e+03
4.000000e-07	-4.747689e-06	-2.838510e-08	-3.397752e+01	-1.864208e+03
4.100000e-07	-4.658534e-06	-2.814878e-08	-3.333947e+01	-1.848685e+03
4.200000e-07	-4.567665e-06	-2.790128e-08	-3.268915e+01	-1.832649e+03
4.300000e-07	-4.475136e-06	-2.764165e-08	-3.202695e+01	-1.816068e+03
4.400000e-07	-4.381058e-06	-2.738912e-08	-3.135367e+01	-1.798925e+03
4.500000e-07	-4.285423e-06	-2.711497e-08	-3.066925e+01	-1.781217e+03
4.600000e-07	-4.188163e-06	-2.683618e-08	-2.997319e+01	-1.762951e+03
4.700000e-07	-4.089312e-06	-2.654787e-08	-2.926575e+01	-1.744138e+03
4.800000e-07	-3.989030e-06	-2.625250e-08	-2.854807e+01	-1.724789e+03
4.900000e-07	-3.887357e-06	-2.594679e-08	-2.782043e+01	-1.704907e+03
5.000000e-07	-3.784282e-06	-2.563648e-08	-2.708276e+01	-1.684482e+03
5.100000e-07	-3.679870e-06	-2.532254e-08	-2.633552e+01	-1.663495e+03
5.200000e-07	-3.574039e-06	-2.499375e-08	-2.557813e+01	-1.641917e+03
5.300000e-07	-3.466754e-06	-2.465183e-08	-2.481033e+01	-1.619715e+03
5.400000e-07	-3.358192e-06	-2.429886e-08	-2.403338e+01	-1.596858e+03
5.500000e-07	-3.248467e-06	-2.394290e-08	-2.324813e+01	-1.573320e+03
5.600000e-07	-3.137551e-06	-2.357106e-08	-2.245433e+01	-1.549086e+03
5.700000e-07	-3.025484e-06	-2.318579e-08	-2.165231e+01	-1.524148e+03
5.800000e-07	-2.912275e-06	-2.279211e-08	-2.084212e+01	-1.498506e+03
5.900000e-07	-2.797749e-06	-2.239082e-08	-2.002249e+01	-1.472160e+03
6.000000e-07	-2.681898e-06	-2.197858e-08	-1.919339e+01	-1.445112e+03
6.100000e-07	-2.564984e-06	-2.155811e-08	-1.835668e+01	-1.417354e+03
6.200000e-07	-2.447198e-06	-2.112969e-08	-1.751372e+01	-1.388872e+03
6.300000e-07	-2.328545e-06	-2.068211e-08	-1.666457e+01	-1.359643e+03
6.400000e-07	-2.209057e-06	-2.022142e-08	-1.580943e+01	-1.329633e+03
6.500000e-07	-2.088804e-06	-1.975272e-08	-1.494883e+01	-1.298807e+03
6.600000e-07	-1.967809e-06	-1.927156e-08	-1.408291e+01	-1.267128e+03
6.700000e-07	-1.846099e-06	-1.877107e-08	-1.321188e+01	-1.234561e+03
6.800000e-07	-1.723708e-06	-1.825829e-08	-1.233596e+01	-1.201076e+03
6.900000e-07	-1.600625e-06	-1.773501e-08	-1.145511e+01	-1.166654e+03
7.000000e-07	-1.476922e-06	-1.719530e-08	-1.056981e+01	-1.131279e+03
7.100000e-07	-1.352775e-06	-1.664025e-08	-9.681331e+00	-1.094947e+03
7.200000e-07	-1.228250e-06	-1.607357e-08	-8.790149e+00	-1.057655e+03
7.300000e-07	-1.103356e-06	-1.549726e-08	-7.896329e+00	-1.019405e+03
7.400000e-07	-9.781047e-07	-1.490283e-08	-6.999947e+00	-9.801965e+02
7.500000e-07	-8.525592e-07	-1.429033e-08	-6.101463e+00	-9.400240e+02
7.600000e-07	-7.267290e-07	-1.366480e-08	-5.200941e+00	-8.988773e+02
7.700000e-07	-6.006533e-07	-1.302108e-08	-4.298662e+00	-8.567387e+02
7.800000e-07	-4.744052e-07	-1.235730e-08	-3.395149e+00	-8.135847e+02
7.900000e-07	-3.479735e-07	-1.168066e-08	-2.490323e+00	-7.693878e+02
8.000000e-07	-2.214011e-07	-1.099273e-08	-1.584489e+00	-7.241194e+02
8.100000e-07	-9.475440e-08	-1.028895e-08	-6.781235e-01	-6.777518e+02
8.200000e-07	3.191425e-08	-9.569619e-09	2.283989e-01	-6.302595e+02
8.300000e-07	1.585838e-07	-8.834812e-09	1.134928e+00	-5.816163e+02
8.400000e-07	2.851985e-07	-8.080205e-09	2.041064e+00	-5.317899e+02
8.500000e-07	4.117388e-07	-7.299673e-09	2.946668e+00	-4.807325e+02
8.600000e-07	5.382072e-07	-6.499335e-09	3.851758e+00	-4.283687e+02
8.700000e-07	6.645236e-07	-5.679507e-09	4.755759e+00	-3.745844e+02
8.800000e-07	7.906244e-07	-4.832903e-09	5.658218e+00	-3.192185e+02
8.900000e-07	9.165487e-07	-3.959794e-09	6.559413e+00	-2.620619e+02
9.000000e-07	1.042279e-06	-3.057758e-09	7.459222e+00	-2.028664e+02
9.100000e-07	1.167630e-06	-2.121618e-09	8.356309e+00	-1.413651e+02
9.200000e-07	1.292557e-06	-1.144349e-09	9.250368e+00	-7.730474e+01
9.300000e-07	1.417080e-06	-1.254221e-10	1.014154e+01	-1.048505e+01
9.400000e-07	1.541157e-06	9.349028e-10	1.102951e+01	5.919811e+01
9.500000e-07	1.664745e-06	2.040131e-09	1.191399e+01	1.317137e+02
9.600000e-07	1.787672e-06	3.189749e-09	1.279373e+01	2.068675e+02
9.700000e-07	1.909806e-06	4.373035e-09	1.366780e+01	2.842902e+02
9.800000e-07	2.031247e-06	5.580229e-09	1.453691e+01	3.634474e+02
9.900000e-07	2.151921e-06	6.803353e-09	1.540054e+01	4.436687e+02
1.000000e-06	2.271670e-06	8.028794e-09	1.625753e+01	5.241952e+02
1.010000e-06	2.390540e-06	9.243840e-09	1.710825e+01	6.042381e+02
1.020000e-06	2.508611e-06	1.043831e-08	1.795324e+01	6.830395e+02
1.030000e-06	2.625800e-06	1.160652e-08	1.879192e+01	7.599273e+02
1.040000e-06	2.741967e-06	1.273711e-08	1.962328e+01	8.343559e+02
1.050000e-06	2.856990e-06	1.382445e-08	2.044646e+01	9.059294e+02
1.060000e-06	2.970802e-06	1.486609e-08	2.126098e+01	9.744033e+02
1.070000e-06	3.083400e-06	1.585798e-08	2.206680e+01	1.039670e+03
1.080000e-06	3.194758e-06	1.680027e-08	2.286375e+01	1.101731e+03
1.090000e-06	3.305010e-06	1.769426e-08	2.365278e+01	1.160662e+03
1.100000e-06	3.414236e-06	1.854291e-08	2.443447e+01	1.216582e+03
1.110000e-06	3.522370e-06	1.934751e-08	2.520835e+01	1.269624e+03
1.120000e-06	3.629253e-06	2.011032e-08	2.597327e+01	1.319922e+03
1.130000e-06	3.734850e-06	2.083281e-08	2.672899e+01	1.367599e+03
1.140000e-06	3.839107e-06	2.151618e-08	2.747512e+01	1.412774e+03
1.150000e-06	3.941924e-06	2.216315e-08	2.821094e+01	1.455560e+03
1.160000e-06	4.043404e-06	2.277743e-08	2.893720e+01	1.496078e+03
1.170000e-06	4.143523e-06	2.335874e-08	2.965372e+01	1.534452e+03
1.180000e-06	4.242144e-06	2.391045e-08	3.035952e+01	1.570818e+03
1.190000e-06	4.339162e-06	2.443537e-08	3.105384e+01	1.605311e+03
1.200000e-06	4.434568e-06	2.493446e-08	3.173662e+01	1.638063e+03
1.210000e-06	4.528443e-06	2.540880e-08	3.240846e+01	1.669194e+03
1.220000e-06	4.620798e-06	2.585569e-08	3.306940e+01	1.698807e+03
1.230000e-06	4.711593e-06	2.627813e-08	3.371919e+01	1.726988e+03
1.240000e-06	4.800641e-06	2.668206e-08	3.435648e+01	1.753805e+03
1.250000e-06	4.887837e-06	2.706930e-08	3.498051e+01	1.779318e+03
1.260000e-06	4.973336e-06	2.743964e-08	3.559239e+01	1.803586e+03
1.270000e-06	5.057185e-06	2.779261e-08	3.619247e+01	1.826668e+03
1.280000e-06	5.139235e-06	2.812876e-08	3.677968e+01	1.848628e+03
1.290000e-06	5.219314e-06	2.844976e-08	3.735277e+01	1.869537e+03
1.300000e-06	5.297473e-06	2.875705e-08	3.791213e+01	1.889463e+03
1.310000e-06	5.373725e-06	2.904728e-08	3.845783e+01	1.908469e+03
1.320000e-06	5.447859e-06	2.932070e-08	3.898839e+01	1.926604e+03
1.330000e-06	5.519823e-06	2.958083e-08	3.950341e+01	1.943906e+03
1.340000e-06	5.589813e-06	2.982900e-08	4.000430e+01	1.960396e+03
1.350000e-06	5.657965e-06	3.006569e-08	4.049204e+01	1.976086e+03
1.360000e-06	5.724059e-06	3.029068e-08	4.096506e+01	1.990985e+03
1.370000e-06	5.788020e-06	3.050578e-08	4.142280e+01	2.005106e+03
1.380000e-06	5.850036e-06	3.071199e-08	4.186662e+01	2.018475e+03
1.390000e-06	5.910146e-06	3.090676e-08	4.229681e+01	2.031124e+03
1.400000e-06	5.968176e-06	3.108956e-08	4.271211e+01	2.043099e+03
1.410000e-06	6.023965e-06	3.126231e-08	4.311137e+01	2.054446e+03
1.420000e-06	6.077561e-06	3.142577e-08	4.349494e+01	2.065206e+03
1.430000e-06	6.128792e-06	3.158092e-08	4.386158e+01	2.075406e+03
1.440000e-06	6.177430e-06	3.172876e-08	4.420967e+01	2.085057e+03
1.450000e-06	6.223792e-06	3.187030e-08	4.454146e+01	2.094151e+03
1.460000e-06	6.268198e-06	3.200434e-08	4.485926e+01	2.102671e+03
1.470000e-06	6.310372e-06	3.212713e-08	4.516109e+01	2.110596e+03
1.480000e-06	6.350113e-06	3.223776e-08	4.544550e+01	2.117912e+03
1.490000e-06	6.387626e-06	3.234054e-08	4.571396e+01	2.124619e+03
1.500000e-06	6.422995e-06	3.243575e-08	4.596709e+01	2.130740e+03
1.510000e-06	6.456014e-06	3.252283e-08	4.620340e+01	2.136313e+03
1.520000e-06	6.486698e-06	3.260273e-08	4.642299e+01	2.141386e+03
1.530000e-06	6.515306e-06	3.267486e-08	4.662772e+01	2.146008e+03
1.540000e-06	6.541642e-06	3.274014e-08	4.681621e+01	2.150217e+03
1.550000e-06	6.565452e-06	3.279774e-08	4.698660e+01	2.154030e+03
1.560000e-06	6.586910e-06	3.284805e-08	4.714017e+01	2.157444e+03
1.570000e-06	6.606220e-06	3.289327e-08	4.727837e+01	2.160436e+03
1.580000e-06	6.623173e-06	3.293347e-08	4.739969e+01	2.162973e+03
1.590000e-06	6.637598e-06	3.296536e-08	4.750293e+01	2.165025e+03
1.600000e-06	6.649519e-06	3.298908e-08	4.758824e+01	2.166578e+03
1.610000e-06	6.658762e-06	3.300654e-08	4.765439e+01	2.167640e+03
1.620000e-06	6.665513e-06	3.301828e-08	4.770271e+01	2.168246e+03
1.630000e-06	6.670066e-06	3.302363e-08	4.773529e+01	2.168449e+03
1.640000e-06	6.672226e-06	3.302432e-08	4.775075e+01	2.168310e+03
1.650000e-06	6.671948e-06	3.302324e-08	4.774876e+01	2.167883e+03
1.660000e-06	6.669475e-06	3.300958e-08	4.773106e+01	2.167202e+03
1.670000e-06	6.664911e-06	3.299518e-08	4.769840e+01	2.166272e+03
1.680000e-06	6.658087e-06	3.297510e-08	4.764956e+01	2.165068e+03
1.690000e-06	6.649050e-06	3.294789e-08	4.758489e+01	2.163542e+03
1.700000e-06	6.637949e-06	3.292071e-08	4.750544e+01	2.161641e+03
1.710000e-06	6.624477e-06	3.289397e-08	4.740902e+01	2.159322e+03
1.720000e-06	6.608639e-06	3.287185e-08	4.729568e+01	2.156569e+03
1.730000e-06	6.590801e-06	3.276568e-08	4.716802e+01	2.153402e+03
1.740000e-06	6.570504e-06	3.269157e-08	4.702276e+01	2.149883e+03
1.750000e-06	6.547006e-06	3.268616e-08	4.685459e+01	2.146098e+03
1.760000e-06	6.520571e-06	3.262313e-08	4.666541e+01	2.142147e+03
1.770000e-06	6.491979e-06	3.258761e-08	4.646079e+01	2.138120e+03
1.780000e-06	6.461558e-06	3.260089e-08	4.624307e+01	2.134071e+03
1.790000e-06	6.429613e-06	3.240811e-08	4.601445e+01	2.130010e+03
1.800000e-06	6.395879e-06	3.236418e-08	4.577303e+01	2.125892e+03
1.810000e-06	6.359938e-06	3.237850e-08	4.551581e+01	2.121627e+03
1.820000e-06	6.321920e-06	3.220390e-08	4.524373e+01	2.117093e+03
1.830000e-06	6.281517e-06	3.229701e-08	4.495458e+01	2.112160e+03
1.840000e-06	6.238850e-06	3.218897e-08	4.464923e+01	2.106714e+03
1.850000e-06	6.194164e-06	3.204014e-08	4.432943e+01	2.100675e+03
1.860000e-06	6.147157e-06	3.205582e-08	4.399301e+01	2.094010e+03
1.870000e-06	6.097929e-06	3.181510e-08	4.364071e+01	2.086733e+03
1.880000e-06	6.046333e-06	3.175596e-08	4.327145e+01	2.078895e+03
1.890000e-06	5.992022e-06	3.164703e-08	4.288277e+01	2.070570e+03
1.900000e-06	5.935333e-06	3.145564e-08	4.247707e+01	2.061832e+03
1.910000e-06	5.876529e-06	3.138777e-08	4.205623e+01	2.052740e+03
1.920000e-06	5.815749e-06	3.118382e-08	4.162124e+01	2.043329e+03
1.930000e-06	5.752775e-06	3.109962e-08	4.117056e+01	2.033600e+03
1.940000e-06	5.687539e-06	3.091413e-08	4.070369e+01	2.023529e+03
1.950000e-06	5.620307e-06	3.075026e-08	4.022254e+01	2.013077e+03
1.960000e-06	5.550833e-06	3.060385e-08	3.972534e+01	2.002200e+03
1.970000e-06	5.479118e-06	3.036586e-08	3.921210e+01	1.990866e+03
1.980000e-06	5.405390e-06	3.027261e-08	3.868445e+01	1.979057e+03
1.990000e-06	5.329716e-06	3.004719e-08	3.814288e+01	1.966776e+03
2.000000e-06	5.251873e-06	2.986288e-08	3.758579e+01	1.954041e+03
2.010000e-06	5.171935e-06	2.966752e-08	3.701370e+01	1.940876e+03
2.020000e-06	5.090254e-06	2.943147e-08	3.642914e+01	1.927305e+03
2.030000e-06	5.006831e-06	2.924512e-08	3.583211e+01	1.913337e+03
2.040000e-06	4.921724e-06	2.900791e-08	3.522303e+01	1.898968e+03
2.050000e-06	4.834794e-06	2.881806e-08	3.460090e+01	1.884176e+03
2.060000e-06	4.746146e-06	2.856408e-08	3.396648e+01	1.868928e+03
2.070000e-06	4.655931e-06	2.832443e-08	3.332084e+01	1.853186e+03
2.080000e-06	4.564116e-06	2.807211e-08	3.266375e+01	1.836915e+03
2.090000e-06	4.470727e-06	2.781984e-08	3.199541e+01	1.820091e+03
2.100000e-06	4.375636e-06	2.756479e-08	3.131487e+01	1.802703e+03
2.110000e-06	4.279002e-06	2.727210e-08	3.062330e+01	1.784751e+03
2.120000e-06	4.181017e-06	2.700582e-08	2.992205e+01	1.766246e+03
2.130000e-06	4.081676e-06	2.672103e-08	2.921111e+01	1.747199e+03
2.140000e-06	3.980881e-06	2.643317e-08	2.848975e+01	1.727618e+03
2.150000e-06	3.878475e-06	2.611198e-08	2.775686e+01	1.707501e+03
2.160000e-06	3.774465e-06	2.579250e-08	2.701250e+01	1.686834e+03
2.170000e-06	3.669111e-06	2.546202e-08	2.625852e+01	1.665594e+03
2.180000e-06	3.562542e-06	2.512450e-08	2.549585e+01	1.643750e+03
2.190000e-06	3.454713e-06	2.478648e-08	2.472415e+01	1.621267e+03
2.200000e-06	3.345693e-06	2.444212e-08	2.394394e+01	1.598118e+03
2.210000e-06	3.235462e-06	2.408539e-08	2.315505e+01	1.574280e+03
2.220000e-06	3.123901e-06	2.370479e-08	2.235665e+01	1.549741e+03
2.230000e-06	3.011104e-06	2.332112e-08	2.154940e+01	1.524497e+03
2.240000e-06	2.897188e-06	2.292842e-08	2.073415e+01	1.498550e+03
2.250000e-06	2.782186e-06	2.252436e-08	1.991111e+01	1.471900e+03
2.260000e-06	2.666066e-06	2.209492e-08	1.908008e+01	1.444545e+03
2.270000e-06	2.548789e-06	2.166431e-08	1.824078e+01	1.416476e+03
2.280000e-06	2.430476e-06	2.122855e-08	1.739405e+01	1.387673e+03
2.290000e-06	2.311139e-06	2.077941e-08	1.654000e+01	1.358110e+03
2.300000e-06	2.190886e-06	2.031406e-08	1.567939e+01	1.327752e+03
2.310000e-06	2.069935e-06	1.983732e-08	1.481379e+01	1.296561e+03
2.320000e-06	1.948400e-06	1.934889e-08	1.394401e+01	1.264502e+03
2.330000e-06	1.826260e-06	1.884413e-08	1.306990e+01	1.231541e+03
2.340000e-06	1.703547e-06	1.832892e-08	1.219168e+01	1.197653e+03
2.350000e-06	1.580306e-06	1.779937e-08	1.130969e+01	1.162820e+03
2.360000e-06	1.456553e-06	1.725373e-08	1.042403e+01	1.127032e+03
2.370000e-06	1.332320e-06	1.668793e-08	9.534939e+00	1.090285e+03
2.380000e-06	1.207593e-06	1.611078e-08	8.642317e+00	1.052579e+03
2.390000e-06	1.082437e-06	1.552095e-08	7.746614e+00	1.013915e+03
2.400000e-06	9.569096e-07	1.491589e-08	6.848262e+00	9.742908e+02
2.410000e-06	8.310730e-07	1.429370e-08	5.947694e+00	9.336989e+02
2.420000e-06	7.049868e-07	1.365613e-08	5.045340e+00	8.921261e+02
2.430000e-06	5.786943e-07	1.300469e-08	4.141509e+00	8.495520e+02
2.440000e-06	4.521984e-07	1.233734e-08	3.236223e+00	8.059511e+02
2.450000e-06	3.255319e-07	1.165716e-08	2.329716e+00	7.612949e+02
2.460000e-06	1.986568e-07	1.096063e-08	1.421716e+00	7.155552e+02
2.470000e-06	7.164852e-08	1.024359e-08	5.127630e-01	6.687052e+02
2.480000e-06	-5.535548e-08	9.507971e-09	-3.961595e-01	6.207195e+02
2.490000e-06	-1.823609e-07	8.756070e-09	-1.305092e+00	5.715703e+02
2.500000e-06	-3.092993e-07	7.987070e-09	-2.213545e+00	5.212200e+02
2.510000e-06	-4.360676e-07	7.197055e-09	-3.120780e+00	4.696104e+02
2.520000e-06	-5.627255e-07	6.385386e-09	-4.027226e+00	4.166509e+02
2.530000e-06	-6.892214e-07	5.551256e-09	-4.932513e+00	3.622079e+02
2.540000e-06	-8.154760e-07	4.693872e-09	-5.836072e+00	3.060993e+02
2.550000e-06	-9.414818e-07	3.811640e-09	-6.737850e+00	2.480974e+02
2.560000e-06	-1.067137e-06	2.897571e-09	-7.637117e+00	1.879429e+02
2.570000e-06	-1.192440e-06	1.945742e-09	-8.533866e+00	1.253703e+02
2.580000e-06	-1.317321e-06	9.506106e-10	-9.427595e+00	6.014374e+01
2.590000e-06	-1.441618e-06	-8.803333e-11	-1.031714e+01	-7.900987e+00
2.600000e-06	-1.565291e-06	-1.169018e-09	-1.120223e+01	-7.881441e+01
2.610000e-06	-1.688316e-06	-2.293966e-09	-1.208268e+01	-1.524981e+02
2.620000e-06	-1.810727e-06	-3.459091e-09	-1.295873e+01	-2.286831e+02
2.630000e-06	-1.932543e-06	-4.654180e-09	-1.383052e+01	-3.069270e+02
2.640000e-06	-2.053735e-06	-5.870185e-09	-1.469785e+01	-3.866322e+02
2.650000e-06	-2.174165e-06	-7.098894e-09	-1.555973e+01	-4.670838e+02
2.660000e-06	-2.293620e-06	-8.327754e-09	-1.641462e+01	-5.475027e+02
2.670000e-06	-2.412136e-06	-9.544248e-09	-1.726280e+01	-6.271060e+02
2.680000e-06	-2.529768e-06	-1.073926e-08	-1.810465e+01	-7.051665e+02
2.690000e-06	-2.646335e-06	-1.190110e-08	-1.893888e+01	-7.810622e+02
2.700000e-06	-2.761724e-06	-1.302034e-08	-1.976468e+01	-8.543102e+02
2.710000e-06	-2.875945e-06	-1.409473e-08	-2.058211e+01	-9.245803e+02
2.720000e-06	-2.988994e-06	-1.512409e-08	-2.139117e+01	-9.916893e+02
2.730000e-06	-3.100879e-06	-1.610520e-08	-2.219189e+01	-1.055580e+03
2.740000e-06	-3.211495e-06	-1.703577e-08	-2.298353e+01	-1.116291e+03
2.750000e-06	-3.320915e-06	-1.791908e-08	-2.376661e+01	-1.173919e+03
2.760000e-06	-3.429251e-06	-1.875864e-08	-2.454193e+01	-1.228592e+03
2.770000e-06	-3.536553e-06	-1.955673e-08	-2.530985e+01	-1.280446e+03
2.780000e-06	-3.642829e-06	-2.031248e-08	-2.607043e+01	-1.329610e+03
2.790000e-06	-3.747866e-06	-2.102563e-08	-2.682214e+01	-1.376204e+03
2.800000e-06	-3.851419e-06	-2.169881e-08	-2.756324e+01	-1.420345e+03
2.810000e-06	-3.953490e-06	-2.233697e-08	-2.829372e+01	-1.462147e+03
2.820000e-06	-4.054105e-06	-2.294538e-08	-2.901379e+01	-1.501733e+03
2.830000e-06	-4.153295e-06	-2.352451e-08	-2.972366e+01	-1.539234e+03
2.840000e-06	-4.251161e-06	-2.407253e-08	-3.042405e+01	-1.574784e+03
2.850000e-06	-4.347568e-06	-2.459281e-08	-3.111400e+01	-1.608518e+03
2.860000e-06	-4.442387e-06	-2.508464e-08	-3.179258e+01	-1.640566e+03
2.870000e-06	-4.535615e-06	-2.554934e-08	-3.245978e+01	-1.671038e+03
2.880000e-06	-4.627234e-06	-2.599282e-08	-3.311546e+01	-1.700032e+03
2.890000e-06	-4.717246e-06	-2.641531e-08	-3.375965e+01	-1.727623e+03
2.900000e-06	-4.805543e-06	-2.681712e-08	-3.439156e+01	-1.753878e+03
2.910000e-06	-4.891987e-06	-2.719832e-08	-3.501021e+01	-1.778855e+03
2.920000e-06	-4.976581e-06	-2.756213e-08	-3.561562e+01	-1.802610e+03
2.930000e-06	-5.059421e-06	-2.790850e-08	-3.620848e+01	-1.825206e+03
2.940000e-06	-5.140516e-06	-2.823646e-08	-3.678884e+01	-1.846711e+03
2.950000e-06	-5.219691e-06	-2.854821e-08	-3.735547e+01	-1.867194e+03
2.960000e-06	-5.296763e-06	-2.884571e-08	-3.790705e+01	-1.886722e+03
2.970000e-06	-5.371752e-06	-2.913110e-08	-3.844372e+01	-1.905353e+03
2.980000e-06	-5.444818e-06	-2.940425e-08	-3.896662e+01	-1.923131e+03
2.990000e-06	-5.515882e-06	-2.966395e-08	-3.947520e+01	-1.940087e+03
3.000000e-06	-5.584814e-06	-2.991063e-08	-3.996852e+01	-1.956236e+03
3.010000e-06	-5.651750e-06	-3.014641e-08	-4.044756e+01	-1.971589e+03
3.020000e-06	-5.716812e-06	-3.037063e-08	-4.091319e+01	-1.986156e+03
3.030000e-06	-5.779842e-06	-3.058355e-08	-4.136427e+01	-1.999955e+03
3.040000e-06	-5.840716e-06	-3.078415e-08	-4.179992e+01	-2.013013e+03
3.050000e-06	-5.899523e-06	-3.097135e-08	-4.222079e+01	-2.025372e+03
3.060000e-06	-5.956357e-06	-3.114843e-08	-4.262753e+01	-2.037076e+03
3.070000e-06	-6.011051e-06	-3.131510e-08	-4.301896e+01	-2.048170e+03
3.080000e-06	-6.063312e-06	-3.147444e-08	-4.339297e+01	-2.058691e+03
3.090000e-06	-6.113063e-06	-3.162761e-08	-4.374902e+01	-2.068659e+03
3.100000e-06	-6.160412e-06	-3.177380e-08	-4.408788e+01	-2.078076e+03
3.110000e-06	-6.205652e-06	-3.190911e-08	-4.441164e+01	-2.086931e+03
3.120000e-06	-6.248908e-06	-3.203175e-08	-4.472121e+01	-2.095202e+03
3.130000e-06	-6.290071e-06	-3.214447e-08	-4.501580e+01	-2.102870e+03
3.140000e-06	-6.329075e-06	-3.224719e-08	-4.529494e+01	-2.109927e+03
3.150000e-06	-6.365857e-06	-3.234211e-08	-4.555817e+01	-2.116383e+03
3.160000e-06	-6.400420e-06	-3.243018e-08	-4.580553e+01	-2.122267e+03
3.170000e-06	-6.432690e-06	-3.251243e-08	-4.603648e+01	-2.127623e+03
3.180000e-06	-6.462502e-06	-3.258810e-08	-4.624983e+01	-2.132500e+03
3.190000e-06	-6.489957e-06	-3.265754e-08	-4.644631e+01	-2.136945e+03
3.200000e-06	-6.515244e-06	-3.272165e-08	-4.662729e+01	-2.140987e+03
3.210000e-06	-6.538161e-06	-3.277884e-08	-4.679129e+01	-2.144635e+03
3.220000e-06	-6.558613e-06	-3.282536e-08	-4.693766e+01	-2.147875e+03
3.230000e-06	-6.576799e-06	-3.286393e-08	-4.706781e+01	-2.150680e+03
3.240000e-06	-6.592651e-06	-3.289555e-08	-4.718126e+01	-2.153015e+03
3.250000e-06	-6.605892e-06	-3.292092e-08	-4.727602e+01	-2.154857e+03
3.260000e-06	-6.616553e-06	-3.294064e-08	-4.735232e+01	-2.156201e+03
3.270000e-06	-6.624868e-06	-3.295362e-08	-4.741182e+01	-2.157066e+03
3.280000e-06	-6.630744e-06	-3.296059e-08	-4.745387e+01	-2.157495e+03
3.290000e-06	-6.634231e-06	-3.296236e-08	-4.747883e+01	-2.157548e+03
3.300000e-06	-6.635528e-06	-3.295797e-08	-4.748812e+01	-2.157283e+03
3.310000e-06	-6.634549e-06	-3.295082e-08	-4.748111e+01	-2.156748e+03
