# Temperatura_=_77.29
# Concentracion g/m^3_=_26700.0
# C_Vs_to_Am_M_A/Vsm_=_65563218390.804596
# pendiente_HvsI_1/m_=_3716.3
# ordenada_HvsI_A/m_=_1297.0
# frecuencia_Hz_=_301977.05026084464

Tiempo_(s)	Campo_(V.s)	Magnetizacion_(V.s)	Campo_(kA/m)	Magnetizacion_(A/m)
0.000000e+00	-6.611821e-06	-3.544383e-08	-4.746625e+01	-2.320278e+03
1.000000e-08	-6.608348e-06	-3.542965e-08	-4.744132e+01	-2.319518e+03
2.000000e-08	-6.602713e-06	-3.540838e-08	-4.740087e+01	-2.318505e+03
3.000000e-08	-6.595080e-06	-3.538267e-08	-4.734607e+01	-2.317178e+03
4.000000e-08	-6.585227e-06	-3.535301e-08	-4.727534e+01	-2.315469e+03
5.000000e-08	-6.572908e-06	-3.531881e-08	-4.718690e+01	-2.313322e+03
6.000000e-08	-6.558216e-06	-3.528068e-08	-4.708142e+01	-2.310713e+03
7.000000e-08	-6.541262e-06	-3.523846e-08	-4.695971e+01	-2.307662e+03
8.000000e-08	-6.522125e-06	-3.520825e-08	-4.682233e+01	-2.304234e+03
9.000000e-08	-6.500689e-06	-3.518617e-08	-4.666844e+01	-2.300529e+03
1.000000e-07	-6.476670e-06	-3.511944e-08	-4.649600e+01	-2.296660e+03
1.100000e-07	-6.450024e-06	-3.503384e-08	-4.630471e+01	-2.292730e+03
1.200000e-07	-6.421105e-06	-3.494687e-08	-4.609711e+01	-2.288810e+03
1.300000e-07	-6.390352e-06	-3.483902e-08	-4.587633e+01	-2.284919e+03
1.400000e-07	-6.357897e-06	-3.475927e-08	-4.564334e+01	-2.281017e+03
1.500000e-07	-6.323377e-06	-3.475107e-08	-4.539551e+01	-2.277014e+03
1.600000e-07	-6.286741e-06	-3.468312e-08	-4.513251e+01	-2.272785e+03
1.700000e-07	-6.248157e-06	-3.459887e-08	-4.485551e+01	-2.268190e+03
1.800000e-07	-6.207232e-06	-3.454254e-08	-4.456171e+01	-2.263105e+03
1.900000e-07	-6.163940e-06	-3.438309e-08	-4.425092e+01	-2.257437e+03
2.000000e-07	-6.118465e-06	-3.426779e-08	-4.392445e+01	-2.251137e+03
2.100000e-07	-6.070663e-06	-3.418097e-08	-4.358128e+01	-2.244206e+03
2.200000e-07	-6.020300e-06	-3.404696e-08	-4.321972e+01	-2.236683e+03
2.300000e-07	-5.967346e-06	-3.393845e-08	-4.283957e+01	-2.228635e+03
2.400000e-07	-5.912133e-06	-3.381103e-08	-4.244320e+01	-2.220132e+03
2.500000e-07	-5.854705e-06	-3.367290e-08	-4.203092e+01	-2.211237e+03
2.600000e-07	-5.794996e-06	-3.355115e-08	-4.160227e+01	-2.201991e+03
2.700000e-07	-5.733202e-06	-3.341685e-08	-4.115865e+01	-2.192408e+03
2.800000e-07	-5.669404e-06	-3.326051e-08	-4.070065e+01	-2.182479e+03
2.900000e-07	-5.603431e-06	-3.308636e-08	-4.022702e+01	-2.172174e+03
3.000000e-07	-5.535250e-06	-3.291345e-08	-3.973755e+01	-2.161461e+03
3.100000e-07	-5.465084e-06	-3.272776e-08	-3.923383e+01	-2.150309e+03
3.200000e-07	-5.393051e-06	-3.256225e-08	-3.871671e+01	-2.138698e+03
3.300000e-07	-5.318916e-06	-3.239039e-08	-3.818449e+01	-2.126622e+03
3.400000e-07	-5.242551e-06	-3.218267e-08	-3.763627e+01	-2.114089e+03
3.500000e-07	-5.164005e-06	-3.199445e-08	-3.707238e+01	-2.101114e+03
3.600000e-07	-5.083351e-06	-3.179796e-08	-3.649337e+01	-2.087714e+03
3.700000e-07	-5.000936e-06	-3.158087e-08	-3.590171e+01	-2.073898e+03
3.800000e-07	-4.916971e-06	-3.136360e-08	-3.529893e+01	-2.059665e+03
3.900000e-07	-4.831452e-06	-3.114755e-08	-3.468498e+01	-2.045003e+03
4.000000e-07	-4.744418e-06	-3.091200e-08	-3.406017e+01	-2.029886e+03
4.100000e-07	-4.655779e-06	-3.066936e-08	-3.342383e+01	-2.014282e+03
4.200000e-07	-4.565364e-06	-3.043514e-08	-3.277474e+01	-1.998158e+03
4.300000e-07	-4.473278e-06	-3.017670e-08	-3.211366e+01	-1.981483e+03
4.400000e-07	-4.379637e-06	-2.989967e-08	-3.144141e+01	-1.964235e+03
4.500000e-07	-4.284513e-06	-2.962255e-08	-3.075851e+01	-1.946402e+03
4.600000e-07	-4.187821e-06	-2.934184e-08	-3.006436e+01	-1.927979e+03
4.700000e-07	-4.089510e-06	-2.905045e-08	-2.935859e+01	-1.908971e+03
4.800000e-07	-3.989768e-06	-2.875577e-08	-2.864254e+01	-1.889384e+03
4.900000e-07	-3.888617e-06	-2.846033e-08	-2.791637e+01	-1.869224e+03
5.000000e-07	-3.786081e-06	-2.814498e-08	-2.718027e+01	-1.848488e+03
5.100000e-07	-3.682197e-06	-2.780907e-08	-2.643449e+01	-1.827167e+03
5.200000e-07	-3.576858e-06	-2.747260e-08	-2.567826e+01	-1.805241e+03
5.300000e-07	-3.470066e-06	-2.713562e-08	-2.491160e+01	-1.782679e+03
5.400000e-07	-3.362017e-06	-2.678430e-08	-2.413592e+01	-1.759448e+03
5.500000e-07	-3.252792e-06	-2.642092e-08	-2.335179e+01	-1.735510e+03
5.600000e-07	-3.142366e-06	-2.604585e-08	-2.255904e+01	-1.710832e+03
5.700000e-07	-3.030843e-06	-2.564895e-08	-2.175842e+01	-1.685386e+03
5.800000e-07	-2.918177e-06	-2.523699e-08	-2.094959e+01	-1.659153e+03
5.900000e-07	-2.804202e-06	-2.482629e-08	-2.013136e+01	-1.632125e+03
6.000000e-07	-2.688930e-06	-2.441071e-08	-1.930382e+01	-1.604295e+03
6.100000e-07	-2.572507e-06	-2.397820e-08	-1.846802e+01	-1.575658e+03
6.200000e-07	-2.455138e-06	-2.353190e-08	-1.762543e+01	-1.546204e+03
6.300000e-07	-2.336953e-06	-2.307143e-08	-1.677698e+01	-1.515910e+03
6.400000e-07	-2.217991e-06	-2.259152e-08	-1.592296e+01	-1.484740e+03
6.500000e-07	-2.098307e-06	-2.209890e-08	-1.506374e+01	-1.452643e+03
6.600000e-07	-1.977947e-06	-2.159914e-08	-1.419968e+01	-1.419556e+03
6.700000e-07	-1.856827e-06	-2.107993e-08	-1.333016e+01	-1.385414e+03
6.800000e-07	-1.734880e-06	-2.053506e-08	-1.245470e+01	-1.350158e+03
6.900000e-07	-1.612198e-06	-1.997422e-08	-1.157397e+01	-1.313738e+03
7.000000e-07	-1.488925e-06	-1.940319e-08	-1.068899e+01	-1.276123e+03
7.100000e-07	-1.365206e-06	-1.881330e-08	-9.800811e+00	-1.237299e+03
7.200000e-07	-1.241102e-06	-1.820278e-08	-8.909871e+00	-1.197264e+03
7.300000e-07	-1.116650e-06	-1.757954e-08	-8.016427e+00	-1.156015e+03
7.400000e-07	-9.918497e-07	-1.693976e-08	-7.120488e+00	-1.113539e+03
7.500000e-07	-8.666860e-07	-1.627434e-08	-6.221938e+00	-1.069805e+03
7.600000e-07	-7.412376e-07	-1.558692e-08	-5.321344e+00	-1.024755e+03
7.700000e-07	-6.155556e-07	-1.487814e-08	-4.419073e+00	-9.783079e+02
7.800000e-07	-4.896892e-07	-1.414064e-08	-3.515478e+00	-9.303737e+02
7.900000e-07	-3.636663e-07	-1.337663e-08	-2.610760e+00	-8.808659e+02
8.000000e-07	-2.375159e-07	-1.259427e-08	-1.705126e+00	-8.297207e+02
8.100000e-07	-1.112575e-07	-1.179623e-08	-7.987175e-01	-7.769099e+02
8.200000e-07	1.508038e-08	-1.097422e-08	1.082620e-01	-7.224422e+02
8.300000e-07	1.414227e-07	-1.012312e-08	1.015274e+00	-6.663507e+02
8.400000e-07	2.677216e-07	-9.245521e-09	1.921973e+00	-6.086650e+02
8.500000e-07	3.939276e-07	-8.341836e-09	2.828006e+00	-5.493715e+02
8.600000e-07	5.200626e-07	-7.409837e-09	3.733529e+00	-4.883702e+02
8.700000e-07	6.461176e-07	-6.446767e-09	4.638478e+00	-4.254394e+02
8.800000e-07	7.719981e-07	-5.447135e-09	5.542173e+00	-3.602188e+02
8.900000e-07	8.976043e-07	-4.406016e-09	6.443900e+00	-2.922210e+02
9.000000e-07	1.022873e-06	-3.315780e-09	7.343205e+00	-2.208762e+02
9.100000e-07	1.147795e-06	-2.166974e-09	8.240019e+00	-1.456082e+02
9.200000e-07	1.272416e-06	-9.544677e-10	9.134674e+00	-6.593168e+01
9.300000e-07	1.396706e-06	3.265625e-10	1.002695e+01	1.844232e+01
9.400000e-07	1.520573e-06	1.679432e-09	1.091619e+01	1.075137e+02
9.500000e-07	1.643909e-06	3.104460e-09	1.180162e+01	2.009296e+02
9.600000e-07	1.766562e-06	4.591102e-09	1.268215e+01	2.979658e+02
9.700000e-07	1.888447e-06	6.114419e-09	1.355716e+01	3.975584e+02
9.800000e-07	2.009569e-06	7.653332e-09	1.442670e+01	4.983856e+02
9.900000e-07	2.129969e-06	9.189100e-09	1.529105e+01	5.989874e+02
1.000000e-06	2.249597e-06	1.069509e-08	1.614986e+01	6.979042e+02
1.010000e-06	2.368368e-06	1.214639e-08	1.700251e+01	7.938142e+02
1.020000e-06	2.486208e-06	1.353063e-08	1.784849e+01	8.856458e+02
1.030000e-06	2.603148e-06	1.484366e-08	1.868800e+01	9.726505e+02
1.040000e-06	2.719114e-06	1.608166e-08	1.952051e+01	1.054426e+03
1.050000e-06	2.833860e-06	1.724254e-08	2.034428e+01	1.130893e+03
1.060000e-06	2.947366e-06	1.832911e-08	2.115914e+01	1.202230e+03
1.070000e-06	3.059675e-06	1.934574e-08	2.196541e+01	1.268785e+03
1.080000e-06	3.170869e-06	2.029330e-08	2.276367e+01	1.330989e+03
1.090000e-06	3.280999e-06	2.117919e-08	2.355429e+01	1.389271e+03
1.100000e-06	3.390083e-06	2.200979e-08	2.433740e+01	1.444008e+03
1.110000e-06	3.498131e-06	2.278921e-08	2.511308e+01	1.495494e+03
1.120000e-06	3.604925e-06	2.351903e-08	2.587975e+01	1.543947e+03
1.130000e-06	3.710320e-06	2.420503e-08	2.663638e+01	1.589527e+03
1.140000e-06	3.814329e-06	2.485216e-08	2.738306e+01	1.632375e+03
1.150000e-06	3.916992e-06	2.545998e-08	2.812008e+01	1.672631e+03
1.160000e-06	4.018323e-06	2.603425e-08	2.884754e+01	1.710466e+03
1.170000e-06	4.118308e-06	2.657878e-08	2.956532e+01	1.746075e+03
1.180000e-06	4.216809e-06	2.709406e-08	3.027246e+01	1.779673e+03
1.190000e-06	4.313730e-06	2.758003e-08	3.096826e+01	1.811475e+03
1.200000e-06	4.409062e-06	2.803923e-08	3.165265e+01	1.841671e+03
1.210000e-06	4.502804e-06	2.847359e-08	3.232562e+01	1.870411e+03
1.220000e-06	4.595052e-06	2.888494e-08	3.298787e+01	1.897800e+03
1.230000e-06	4.685794e-06	2.927707e-08	3.363931e+01	1.923898e+03
1.240000e-06	4.774820e-06	2.965299e-08	3.427843e+01	1.948738e+03
1.250000e-06	4.861997e-06	3.001129e-08	3.490427e+01	1.972344e+03
1.260000e-06	4.947439e-06	3.035207e-08	3.551766e+01	1.994747e+03
1.270000e-06	5.031259e-06	3.067717e-08	3.611940e+01	2.015999e+03
1.280000e-06	5.113319e-06	3.098777e-08	3.670851e+01	2.036178e+03
1.290000e-06	5.193467e-06	3.128485e-08	3.728389e+01	2.055375e+03
1.300000e-06	5.271658e-06	3.156800e-08	3.784522e+01	2.073688e+03
1.310000e-06	5.347886e-06	3.183540e-08	3.839247e+01	2.091201e+03
1.320000e-06	5.422090e-06	3.208699e-08	3.892518e+01	2.107974e+03
1.330000e-06	5.494202e-06	3.232732e-08	3.944287e+01	2.124036e+03
1.340000e-06	5.564329e-06	3.255786e-08	3.994631e+01	2.139390e+03
1.350000e-06	5.632535e-06	3.277780e-08	4.043596e+01	2.154021e+03
1.360000e-06	5.698687e-06	3.298760e-08	4.091087e+01	2.167912e+03
1.370000e-06	5.762676e-06	3.318815e-08	4.137024e+01	2.181059e+03
1.380000e-06	5.824643e-06	3.338081e-08	4.181511e+01	2.193476e+03
1.390000e-06	5.884729e-06	3.356254e-08	4.224646e+01	2.205204e+03
1.400000e-06	5.942780e-06	3.373202e-08	4.266321e+01	2.216298e+03
1.410000e-06	5.998667e-06	3.389261e-08	4.306442e+01	2.226820e+03
1.420000e-06	6.052369e-06	3.404560e-08	4.344995e+01	2.236824e+03
1.430000e-06	6.103695e-06	3.419092e-08	4.381842e+01	2.246341e+03
1.440000e-06	6.152521e-06	3.433057e-08	4.416894e+01	2.255377e+03
1.450000e-06	6.198996e-06	3.446494e-08	4.450259e+01	2.263912e+03
1.460000e-06	6.243378e-06	3.459026e-08	4.482121e+01	2.271914e+03
1.470000e-06	6.285577e-06	3.470325e-08	4.512415e+01	2.279348e+03
1.480000e-06	6.325433e-06	3.480670e-08	4.541027e+01	2.286190e+03
1.490000e-06	6.363077e-06	3.490442e-08	4.568052e+01	2.292445e+03
1.500000e-06	6.398657e-06	3.499494e-08	4.593595e+01	2.298140e+03
1.510000e-06	6.431995e-06	3.507733e-08	4.617529e+01	2.303328e+03
1.520000e-06	6.462949e-06	3.515262e-08	4.639750e+01	2.308070e+03
1.530000e-06	6.491727e-06	3.522090e-08	4.660410e+01	2.312420e+03
1.540000e-06	6.518251e-06	3.528223e-08	4.679451e+01	2.316415e+03
1.550000e-06	6.542309e-06	3.533745e-08	4.696723e+01	2.320063e+03
1.560000e-06	6.564018e-06	3.538680e-08	4.712308e+01	2.323343e+03
1.570000e-06	6.583532e-06	3.542986e-08	4.726317e+01	2.326213e+03
1.580000e-06	6.600687e-06	3.546746e-08	4.738632e+01	2.328627e+03
1.590000e-06	6.615351e-06	3.549937e-08	4.749159e+01	2.330546e+03
1.600000e-06	6.627581e-06	3.552387e-08	4.757939e+01	2.331958e+03
1.610000e-06	6.637212e-06	3.554040e-08	4.764854e+01	2.332884e+03
1.620000e-06	6.644218e-06	3.555133e-08	4.769883e+01	2.333372e+03
1.630000e-06	6.648928e-06	3.555752e-08	4.773265e+01	2.333493e+03
1.640000e-06	6.651389e-06	3.555760e-08	4.775032e+01	2.333316e+03
1.650000e-06	6.651450e-06	3.555194e-08	4.775075e+01	2.332898e+03
1.660000e-06	6.649274e-06	3.553829e-08	4.773513e+01	2.332263e+03
1.670000e-06	6.645022e-06	3.552141e-08	4.770461e+01	2.331397e+03
1.680000e-06	6.638511e-06	3.550238e-08	4.765786e+01	2.330254e+03
1.690000e-06	6.629726e-06	3.548014e-08	4.759479e+01	2.328768e+03
1.700000e-06	6.618819e-06	3.545594e-08	4.751650e+01	2.326873e+03
1.710000e-06	6.605701e-06	3.542613e-08	4.742232e+01	2.324526e+03
1.720000e-06	6.590328e-06	3.538914e-08	4.731196e+01	2.321719e+03
1.730000e-06	6.572842e-06	3.532520e-08	4.718642e+01	2.318493e+03
1.740000e-06	6.552969e-06	3.523516e-08	4.704376e+01	2.314930e+03
1.750000e-06	6.530007e-06	3.518951e-08	4.687891e+01	2.311137e+03
1.760000e-06	6.503997e-06	3.515292e-08	4.669219e+01	2.307227e+03
1.770000e-06	6.475715e-06	3.510441e-08	4.648915e+01	2.303293e+03
1.780000e-06	6.445562e-06	3.508656e-08	4.627268e+01	2.299383e+03
1.790000e-06	6.413817e-06	3.500685e-08	4.604478e+01	2.295492e+03
1.800000e-06	6.380404e-06	3.489536e-08	4.580492e+01	2.291557e+03
1.810000e-06	6.344940e-06	3.488041e-08	4.555031e+01	2.287471e+03
1.820000e-06	6.307354e-06	3.481269e-08	4.528049e+01	2.283098e+03
1.830000e-06	6.267421e-06	3.477980e-08	4.499381e+01	2.278304e+03
1.840000e-06	6.225128e-06	3.476406e-08	4.469018e+01	2.272974e+03
1.850000e-06	6.180769e-06	3.461064e-08	4.437173e+01	2.267035e+03
1.860000e-06	6.134122e-06	3.454082e-08	4.403686e+01	2.260459e+03
1.870000e-06	6.085223e-06	3.441899e-08	4.368581e+01	2.253264e+03
1.880000e-06	6.034093e-06	3.425918e-08	4.331875e+01	2.245504e+03
1.890000e-06	5.980321e-06	3.418555e-08	4.293272e+01	2.237249e+03
1.900000e-06	5.924107e-06	3.403419e-08	4.252916e+01	2.228568e+03
1.910000e-06	5.865751e-06	3.390113e-08	4.211022e+01	2.219516e+03
1.920000e-06	5.805362e-06	3.374892e-08	4.167668e+01	2.210122e+03
1.930000e-06	5.742796e-06	3.358378e-08	4.122753e+01	2.200390e+03
1.940000e-06	5.678017e-06	3.346414e-08	4.076248e+01	2.190301e+03
1.950000e-06	5.611219e-06	3.330416e-08	4.028294e+01	2.179822e+03
1.960000e-06	5.542177e-06	3.315984e-08	3.978728e+01	2.168921e+03
1.970000e-06	5.470908e-06	3.295674e-08	3.927564e+01	2.157570e+03
1.980000e-06	5.397671e-06	3.277246e-08	3.874987e+01	2.145756e+03
1.990000e-06	5.322515e-06	3.259374e-08	3.821033e+01	2.133480e+03
2.000000e-06	5.245229e-06	3.238029e-08	3.765549e+01	2.120752e+03
2.010000e-06	5.165753e-06	3.221404e-08	3.708493e+01	2.107590e+03
2.020000e-06	5.084444e-06	3.200791e-08	3.650121e+01	2.094008e+03
2.030000e-06	5.001494e-06	3.178716e-08	3.590572e+01	2.080011e+03
2.040000e-06	4.916904e-06	3.155219e-08	3.529845e+01	2.065593e+03
2.050000e-06	4.830484e-06	3.132547e-08	3.467804e+01	2.050736e+03
2.060000e-06	4.742240e-06	3.109770e-08	3.404453e+01	2.035411e+03
2.070000e-06	4.652379e-06	3.085490e-08	3.339942e+01	2.019586e+03
2.080000e-06	4.561042e-06	3.061383e-08	3.274372e+01	2.003226e+03
2.090000e-06	4.468206e-06	3.034930e-08	3.207724e+01	1.986304e+03
2.100000e-06	4.373676e-06	3.009399e-08	3.139861e+01	1.968803e+03
2.110000e-06	4.277591e-06	2.982168e-08	3.070882e+01	1.950713e+03
2.120000e-06	4.180082e-06	2.953922e-08	3.000880e+01	1.932036e+03
2.130000e-06	4.081162e-06	2.923642e-08	2.929866e+01	1.912776e+03
2.140000e-06	3.980849e-06	2.892578e-08	2.857851e+01	1.892940e+03
2.150000e-06	3.878967e-06	2.862055e-08	2.784710e+01	1.872530e+03
2.160000e-06	3.775494e-06	2.830469e-08	2.710426e+01	1.851542e+03
2.170000e-06	3.670602e-06	2.798246e-08	2.635125e+01	1.829962e+03
2.180000e-06	3.564486e-06	2.763788e-08	2.558944e+01	1.807764e+03
2.190000e-06	3.457242e-06	2.727612e-08	2.481954e+01	1.784916e+03
2.200000e-06	3.348825e-06	2.690456e-08	2.404121e+01	1.761383e+03
2.210000e-06	3.239152e-06	2.654593e-08	2.325387e+01	1.737129e+03
2.220000e-06	3.128145e-06	2.618452e-08	2.245695e+01	1.712121e+03
2.230000e-06	3.015850e-06	2.579551e-08	2.165078e+01	1.686336e+03
2.240000e-06	2.902457e-06	2.538081e-08	2.083673e+01	1.659760e+03
2.250000e-06	2.788039e-06	2.495819e-08	2.001533e+01	1.632385e+03
2.260000e-06	2.672541e-06	2.452349e-08	1.918617e+01	1.604207e+03
2.270000e-06	2.555945e-06	2.407535e-08	1.834912e+01	1.575219e+03
2.280000e-06	2.438188e-06	2.362787e-08	1.750375e+01	1.545405e+03
2.290000e-06	2.319316e-06	2.316824e-08	1.665037e+01	1.514738e+03
2.300000e-06	2.199601e-06	2.268350e-08	1.579093e+01	1.483174e+03
2.310000e-06	2.079196e-06	2.217796e-08	1.492654e+01	1.450657e+03
2.320000e-06	1.958075e-06	2.166803e-08	1.405702e+01	1.417123e+03
2.330000e-06	1.836321e-06	2.114477e-08	1.318295e+01	1.382507e+03
2.340000e-06	1.714011e-06	2.059707e-08	1.230489e+01	1.346754e+03
2.350000e-06	1.591177e-06	2.003006e-08	1.142306e+01	1.309821e+03
2.360000e-06	1.467868e-06	1.945087e-08	1.053782e+01	1.271686e+03
2.370000e-06	1.344120e-06	1.885353e-08	9.649436e+00	1.232340e+03
2.380000e-06	1.219961e-06	1.823296e-08	8.758098e+00	1.191782e+03
2.390000e-06	1.095384e-06	1.759384e-08	7.863764e+00	1.150006e+03
2.400000e-06	9.704169e-07	1.693418e-08	6.966622e+00	1.106994e+03
2.410000e-06	8.450933e-07	1.625405e-08	6.066924e+00	1.062700e+03
2.420000e-06	7.194843e-07	1.555561e-08	5.165177e+00	1.017059e+03
2.430000e-06	5.936180e-07	1.484013e-08	4.261583e+00	9.699829e+02
2.440000e-06	4.675090e-07	1.409976e-08	3.356246e+00	9.213806e+02
2.450000e-06	3.411973e-07	1.333031e-08	2.449455e+00	8.711737e+02
2.460000e-06	2.146872e-07	1.253641e-08	1.541239e+00	8.193127e+02
2.470000e-06	8.803670e-08	1.171695e-08	6.320154e-01	7.657855e+02
2.480000e-06	-3.865279e-08	1.087487e-08	-2.774884e-01	7.106139e+02
2.490000e-06	-1.652940e-07	1.001308e-08	-1.186645e+00	6.538339e+02
2.500000e-06	-2.918785e-07	9.128510e-09	-2.095396e+00	5.954616e+02
2.510000e-06	-4.183929e-07	8.213331e-09	-3.003642e+00	5.354516e+02
2.520000e-06	-5.447906e-07	7.265664e-09	-3.911051e+00	4.736553e+02
2.530000e-06	-6.709547e-07	6.285602e-09	-4.816783e+00	4.097920e+02
2.540000e-06	-7.968212e-07	5.267619e-09	-5.720378e+00	3.434438e+02
2.550000e-06	-9.224283e-07	4.206649e-09	-6.622112e+00	2.740805e+02
2.560000e-06	-1.047722e-06	3.095508e-09	-7.521593e+00	2.011187e+02
2.570000e-06	-1.172657e-06	1.925281e-09	-8.418501e+00	1.240084e+02
2.580000e-06	-1.297168e-06	6.854831e-10	-9.312369e+00	4.233584e+01
2.590000e-06	-1.421149e-06	-6.280213e-10	-1.020242e+01	-4.407413e+01
2.600000e-06	-1.544541e-06	-2.011865e-09	-1.108826e+01	-1.350757e+02
2.610000e-06	-1.667299e-06	-3.459312e-09	-1.196954e+01	-2.301562e+02
2.620000e-06	-1.789430e-06	-4.961483e-09	-1.284631e+01	-3.284390e+02
2.630000e-06	-1.910989e-06	-6.500053e-09	-1.371898e+01	-4.287369e+02
2.640000e-06	-2.031938e-06	-8.049288e-09	-1.458728e+01	-5.296528e+02
2.650000e-06	-2.152150e-06	-9.584848e-09	-1.545028e+01	-6.297094e+02
2.660000e-06	-2.271498e-06	-1.108248e-08	-1.630708e+01	-7.274903e+02
2.670000e-06	-2.389900e-06	-1.252216e-08	-1.715709e+01	-8.217691e+02
2.680000e-06	-2.507266e-06	-1.389371e-08	-1.799966e+01	-9.116068e+02
2.690000e-06	-2.623541e-06	-1.519025e-08	-1.883440e+01	-9.964032e+02
2.700000e-06	-2.738672e-06	-1.640640e-08	-1.966093e+01	-1.075900e+03
2.710000e-06	-2.852614e-06	-1.754348e-08	-2.047891e+01	-1.150137e+03
2.720000e-06	-2.965367e-06	-1.860817e-08	-2.128836e+01	-1.219378e+03
2.730000e-06	-3.076894e-06	-1.960529e-08	-2.208902e+01	-1.284018e+03
2.740000e-06	-3.187208e-06	-2.053788e-08	-2.288096e+01	-1.344494e+03
2.750000e-06	-3.296441e-06	-2.141108e-08	-2.366515e+01	-1.401218e+03
2.760000e-06	-3.404666e-06	-2.222765e-08	-2.444210e+01	-1.454534e+03
2.770000e-06	-3.511831e-06	-2.299287e-08	-2.521143e+01	-1.504701e+03
2.780000e-06	-3.617890e-06	-2.371302e-08	-2.597283e+01	-1.551908e+03
2.790000e-06	-3.722707e-06	-2.439192e-08	-2.672531e+01	-1.596304e+03
2.800000e-06	-3.826075e-06	-2.503085e-08	-2.746739e+01	-1.638026e+03
2.810000e-06	-3.927939e-06	-2.563131e-08	-2.819867e+01	-1.677225e+03
2.820000e-06	-4.028427e-06	-2.619881e-08	-2.892007e+01	-1.714083e+03
2.830000e-06	-4.127543e-06	-2.673676e-08	-2.963163e+01	-1.748807e+03
2.840000e-06	-4.225234e-06	-2.724356e-08	-3.033295e+01	-1.781614e+03
2.850000e-06	-4.321513e-06	-2.772298e-08	-3.102414e+01	-1.812709e+03
2.860000e-06	-4.416275e-06	-2.817790e-08	-3.170443e+01	-1.842269e+03
2.870000e-06	-4.509442e-06	-2.860665e-08	-3.237328e+01	-1.870423e+03
2.880000e-06	-4.601000e-06	-2.901239e-08	-3.303058e+01	-1.897257e+03
2.890000e-06	-4.690891e-06	-2.940051e-08	-3.367590e+01	-1.922816e+03
2.900000e-06	-4.779047e-06	-2.977224e-08	-3.430877e+01	-1.947127e+03
2.910000e-06	-4.865401e-06	-3.012494e-08	-3.492871e+01	-1.970216e+03
2.920000e-06	-4.949964e-06	-3.045965e-08	-3.553579e+01	-1.992121e+03
2.930000e-06	-5.032829e-06	-3.077918e-08	-3.613067e+01	-2.012906e+03
2.940000e-06	-5.113995e-06	-3.108355e-08	-3.671336e+01	-2.032656e+03
2.950000e-06	-5.193241e-06	-3.137354e-08	-3.728227e+01	-2.051466e+03
2.960000e-06	-5.270378e-06	-3.165012e-08	-3.783604e+01	-2.069430e+03
2.970000e-06	-5.345460e-06	-3.191166e-08	-3.837505e+01	-2.086623e+03
2.980000e-06	-5.418581e-06	-3.215958e-08	-3.889998e+01	-2.103093e+03
2.990000e-06	-5.489713e-06	-3.239853e-08	-3.941064e+01	-2.118855e+03
3.000000e-06	-5.558746e-06	-3.262912e-08	-3.990623e+01	-2.133905e+03
3.010000e-06	-5.625754e-06	-3.284995e-08	-4.038728e+01	-2.148224e+03
3.020000e-06	-5.690866e-06	-3.305971e-08	-4.085472e+01	-2.161799e+03
3.030000e-06	-5.753972e-06	-3.325874e-08	-4.130776e+01	-2.174633e+03
3.040000e-06	-5.814924e-06	-3.344657e-08	-4.174533e+01	-2.186752e+03
3.050000e-06	-5.873766e-06	-3.362004e-08	-4.216776e+01	-2.198204e+03
3.060000e-06	-5.930643e-06	-3.378240e-08	-4.257608e+01	-2.209049e+03
3.070000e-06	-5.985456e-06	-3.393687e-08	-4.296958e+01	-2.219347e+03
3.080000e-06	-6.037872e-06	-3.408504e-08	-4.334588e+01	-2.229143e+03
3.090000e-06	-6.087716e-06	-3.422703e-08	-4.370370e+01	-2.238457e+03
3.100000e-06	-6.135132e-06	-3.436142e-08	-4.404410e+01	-2.247286e+03
3.110000e-06	-6.180441e-06	-3.448613e-08	-4.436938e+01	-2.255601e+03
3.120000e-06	-6.223841e-06	-3.459977e-08	-4.468095e+01	-2.263366e+03
3.130000e-06	-6.265226e-06	-3.470482e-08	-4.497805e+01	-2.270551e+03
3.140000e-06	-6.304403e-06	-3.480229e-08	-4.525930e+01	-2.277143e+03
3.150000e-06	-6.341296e-06	-3.489207e-08	-4.552415e+01	-2.283156e+03
3.160000e-06	-6.375916e-06	-3.497457e-08	-4.577269e+01	-2.288630e+03
3.170000e-06	-6.408306e-06	-3.505080e-08	-4.600522e+01	-2.293622e+03
3.180000e-06	-6.438347e-06	-3.512302e-08	-4.622088e+01	-2.298193e+03
3.190000e-06	-6.466046e-06	-3.519021e-08	-4.641974e+01	-2.302391e+03
3.200000e-06	-6.491526e-06	-3.524981e-08	-4.660266e+01	-2.306242e+03
3.210000e-06	-6.514648e-06	-3.530033e-08	-4.676865e+01	-2.309740e+03
3.220000e-06	-6.535375e-06	-3.534294e-08	-4.691745e+01	-2.312853e+03
3.230000e-06	-6.553825e-06	-3.537943e-08	-4.704990e+01	-2.315537e+03
3.240000e-06	-6.569905e-06	-3.540860e-08	-4.716534e+01	-2.317745e+03
3.250000e-06	-6.583358e-06	-3.543111e-08	-4.726192e+01	-2.319450e+03
3.260000e-06	-6.594280e-06	-3.544949e-08	-4.734033e+01	-2.320653e+03
3.270000e-06	-6.602931e-06	-3.546343e-08	-4.740243e+01	-2.321386e+03
3.280000e-06	-6.609136e-06	-3.546968e-08	-4.744698e+01	-2.321711e+03
3.290000e-06	-6.612956e-06	-3.547001e-08	-4.747440e+01	-2.321700e+03
3.300000e-06	-6.614596e-06	-3.546629e-08	-4.748618e+01	-2.321418e+03
3.310000e-06	-6.613922e-06	-3.545636e-08	-4.748134e+01	-2.320909e+03
