# Temperatura_=_47.23
# Concentracion g/m^3_=_24000.0
# C_Vs_to_Am_M_A/Vsm_=_65563218390.804596
# pendiente_HvsI_1/m_=_3716.3
# ordenada_HvsI_A/m_=_1297.0
# frecuencia_Hz_=_301958.5314342777

Tiempo_(s)	Campo_(V.s)	Magnetizacion_(V.s)	Campo_(kA/m)	Magnetizacion_(A/m)
0.000000e+00	-6.650648e-06	-1.971635e-08	-4.746680e+01	-1.290276e+03
1.000000e-08	-6.646802e-06	-1.970899e-08	-4.743935e+01	-1.289767e+03
2.000000e-08	-6.640828e-06	-1.969919e-08	-4.739671e+01	-1.289074e+03
3.000000e-08	-6.632786e-06	-1.968750e-08	-4.733932e+01	-1.288184e+03
4.000000e-08	-6.622424e-06	-1.966733e-08	-4.726536e+01	-1.287082e+03
5.000000e-08	-6.609602e-06	-1.964165e-08	-4.717384e+01	-1.285760e+03
6.000000e-08	-6.594347e-06	-1.961176e-08	-4.706497e+01	-1.284217e+03
7.000000e-08	-6.576819e-06	-1.957172e-08	-4.693987e+01	-1.282469e+03
8.000000e-08	-6.557196e-06	-1.956057e-08	-4.679982e+01	-1.280543e+03
9.000000e-08	-6.535276e-06	-1.958469e-08	-4.664337e+01	-1.278477e+03
1.000000e-07	-6.510667e-06	-1.953810e-08	-4.646773e+01	-1.276312e+03
1.100000e-07	-6.483390e-06	-1.945495e-08	-4.627305e+01	-1.274080e+03
1.200000e-07	-6.453905e-06	-1.939919e-08	-4.606261e+01	-1.271800e+03
1.300000e-07	-6.422636e-06	-1.932670e-08	-4.583944e+01	-1.269471e+03
1.400000e-07	-6.389656e-06	-1.928137e-08	-4.560406e+01	-1.267067e+03
1.500000e-07	-6.354566e-06	-1.935309e-08	-4.535361e+01	-1.264545e+03
1.600000e-07	-6.317365e-06	-1.925760e-08	-4.508810e+01	-1.261844e+03
1.700000e-07	-6.278215e-06	-1.918668e-08	-4.480869e+01	-1.258900e+03
1.800000e-07	-6.236671e-06	-1.918032e-08	-4.451217e+01	-1.255656e+03
1.900000e-07	-6.192711e-06	-1.900529e-08	-4.419842e+01	-1.252069e+03
2.000000e-07	-6.146575e-06	-1.897742e-08	-4.386915e+01	-1.248115e+03
2.100000e-07	-6.098042e-06	-1.894577e-08	-4.352275e+01	-1.243795e+03
2.200000e-07	-6.046904e-06	-1.888099e-08	-4.315778e+01	-1.239130e+03
2.300000e-07	-5.993237e-06	-1.885275e-08	-4.277474e+01	-1.234154e+03
2.400000e-07	-5.937317e-06	-1.874079e-08	-4.237563e+01	-1.228908e+03
2.500000e-07	-5.879130e-06	-1.863639e-08	-4.196034e+01	-1.223430e+03
2.600000e-07	-5.818683e-06	-1.852187e-08	-4.152893e+01	-1.217749e+03
2.700000e-07	-5.756177e-06	-1.842347e-08	-4.108281e+01	-1.211879e+03
2.800000e-07	-5.691626e-06	-1.837141e-08	-4.062210e+01	-1.205818e+03
2.900000e-07	-5.624861e-06	-1.829659e-08	-4.014559e+01	-1.199555e+03
3.000000e-07	-5.555903e-06	-1.821739e-08	-3.965342e+01	-1.193068e+03
3.100000e-07	-5.484980e-06	-1.808406e-08	-3.914723e+01	-1.186333e+03
3.200000e-07	-5.412061e-06	-1.796427e-08	-3.862680e+01	-1.179329e+03
3.300000e-07	-5.336946e-06	-1.783223e-08	-3.809069e+01	-1.172044e+03
3.400000e-07	-5.259650e-06	-1.769832e-08	-3.753901e+01	-1.164471e+03
3.500000e-07	-5.180221e-06	-1.761661e-08	-3.697211e+01	-1.156613e+03
3.600000e-07	-5.098770e-06	-1.750588e-08	-3.639079e+01	-1.148478e+03
3.700000e-07	-5.015602e-06	-1.738945e-08	-3.579720e+01	-1.140077e+03
3.800000e-07	-4.930820e-06	-1.723829e-08	-3.519209e+01	-1.131418e+03
3.900000e-07	-4.844415e-06	-1.707735e-08	-3.457541e+01	-1.122504e+03
4.000000e-07	-4.756481e-06	-1.692099e-08	-3.394781e+01	-1.113335e+03
4.100000e-07	-4.666935e-06	-1.677799e-08	-3.330871e+01	-1.103901e+03
4.200000e-07	-4.575664e-06	-1.666002e-08	-3.265728e+01	-1.094190e+03
4.300000e-07	-4.482772e-06	-1.653150e-08	-3.199430e+01	-1.084184e+03
4.400000e-07	-4.388311e-06	-1.638500e-08	-3.132012e+01	-1.073868e+03
4.500000e-07	-4.292366e-06	-1.619785e-08	-3.063534e+01	-1.063226e+03
4.600000e-07	-4.194865e-06	-1.600359e-08	-2.993946e+01	-1.052245e+03
4.700000e-07	-4.095724e-06	-1.581887e-08	-2.923187e+01	-1.040917e+03
4.800000e-07	-3.995107e-06	-1.565133e-08	-2.851376e+01	-1.029238e+03
4.900000e-07	-3.893078e-06	-1.548769e-08	-2.778555e+01	-1.017205e+03
5.000000e-07	-3.789648e-06	-1.531002e-08	-2.704736e+01	-1.004818e+03
5.100000e-07	-3.684927e-06	-1.511537e-08	-2.629995e+01	-9.920753e+02
5.200000e-07	-3.578786e-06	-1.490168e-08	-2.554240e+01	-9.789732e+02
5.300000e-07	-3.471166e-06	-1.468358e-08	-2.477430e+01	-9.655058e+02
5.400000e-07	-3.362331e-06	-1.446592e-08	-2.399752e+01	-9.516643e+02
5.500000e-07	-3.252322e-06	-1.425201e-08	-2.321237e+01	-9.374376e+02
5.600000e-07	-3.141122e-06	-1.403551e-08	-2.241872e+01	-9.228128e+02
5.700000e-07	-3.028793e-06	-1.381647e-08	-2.161701e+01	-9.077772e+02
5.800000e-07	-2.915163e-06	-1.358323e-08	-2.080601e+01	-8.923186e+02
5.900000e-07	-2.800210e-06	-1.333120e-08	-1.998557e+01	-8.764268e+02
6.000000e-07	-2.684072e-06	-1.306804e-08	-1.915667e+01	-8.600936e+02
6.100000e-07	-2.566869e-06	-1.280480e-08	-1.832018e+01	-8.433125e+02
6.200000e-07	-2.448774e-06	-1.254536e-08	-1.747731e+01	-8.260776e+02
6.300000e-07	-2.329765e-06	-1.228634e-08	-1.662793e+01	-8.083824e+02
6.400000e-07	-2.209861e-06	-1.202322e-08	-1.577215e+01	-7.902184e+02
6.500000e-07	-2.089270e-06	-1.174173e-08	-1.491148e+01	-7.715742e+02
6.600000e-07	-1.968028e-06	-1.143755e-08	-1.404615e+01	-7.524352e+02
6.700000e-07	-1.846060e-06	-1.112185e-08	-1.317564e+01	-7.327841e+02
6.800000e-07	-1.723297e-06	-1.081144e-08	-1.229946e+01	-7.126025e+02
6.900000e-07	-1.599732e-06	-1.050283e-08	-1.141756e+01	-6.918726e+02
7.000000e-07	-1.475609e-06	-1.018431e-08	-1.053167e+01	-6.705792e+02
7.100000e-07	-1.351112e-06	-9.852266e-09	-9.643113e+00	-6.487112e+02
7.200000e-07	-1.226227e-06	-9.507597e-09	-8.751789e+00	-6.262618e+02
7.300000e-07	-1.101012e-06	-9.153520e-09	-7.858107e+00	-6.032282e+02
7.400000e-07	-9.755041e-07	-8.790443e-09	-6.962338e+00	-5.796098e+02
7.500000e-07	-8.496370e-07	-8.419638e-09	-6.064003e+00	-5.554055e+02
7.600000e-07	-7.234515e-07	-8.041186e-09	-5.163396e+00	-5.306116e+02
7.700000e-07	-5.970025e-07	-7.654871e-09	-4.260908e+00	-5.052198e+02
7.800000e-07	-4.703232e-07	-7.262065e-09	-3.356776e+00	-4.792165e+02
7.900000e-07	-3.434802e-07	-6.860198e-09	-2.451476e+00	-4.525835e+02
8.000000e-07	-2.165433e-07	-6.441873e-09	-1.545506e+00	-4.252990e+02
8.100000e-07	-8.951515e-08	-6.008351e-09	-6.388847e-01	-3.973392e+02
8.200000e-07	3.761926e-08	-5.568106e-09	2.684950e-01	-3.686788e+02
8.300000e-07	1.647610e-07	-5.124546e-09	1.175927e+00	-3.392897e+02
8.400000e-07	2.918672e-07	-4.671358e-09	2.083105e+00	-3.091379e+02
8.500000e-07	4.188802e-07	-4.203984e-09	2.989618e+00	-2.781772e+02
8.600000e-07	5.457595e-07	-3.722484e-09	3.895178e+00	-2.463433e+02
8.700000e-07	6.725279e-07	-3.220946e-09	4.799945e+00	-2.135477e+02
8.800000e-07	7.990982e-07	-2.699641e-09	5.703299e+00	-1.796751e+02
8.900000e-07	9.253426e-07	-2.163365e-09	6.604327e+00	-1.445862e+02
9.000000e-07	1.051247e-06	-1.610808e-09	7.502927e+00	-1.081262e+02
9.100000e-07	1.176804e-06	-1.034793e-09	8.399046e+00	-7.014175e+01
9.200000e-07	1.301976e-06	-4.315164e-10	9.292422e+00	-3.050282e+01
9.300000e-07	1.426767e-06	1.972250e-10	1.018308e+01	1.087219e+01
9.400000e-07	1.551164e-06	8.511387e-10	1.107092e+01	5.399153e+01
9.500000e-07	1.675061e-06	1.531450e-09	1.195519e+01	9.877044e+01
9.600000e-07	1.798340e-06	2.236741e-09	1.283506e+01	1.450202e+02
9.700000e-07	1.920877e-06	2.958919e-09	1.370963e+01	1.924491e+02
9.800000e-07	2.042503e-06	3.692355e-09	1.457769e+01	2.406757e+02
9.900000e-07	2.163278e-06	4.432284e-09	1.543968e+01	2.892536e+02
1.000000e-06	2.283373e-06	5.168956e-09	1.629682e+01	3.377049e+02
1.010000e-06	2.402648e-06	5.895909e-09	1.714811e+01	3.855567e+02
1.020000e-06	2.520954e-06	6.606661e-09	1.799247e+01	4.323759e+02
1.030000e-06	2.638286e-06	7.295369e-09	1.882989e+01	4.777979e+02
1.040000e-06	2.754622e-06	7.958966e-09	1.966020e+01	5.215442e+02
1.050000e-06	2.869913e-06	8.594394e-09	2.048305e+01	5.634296e+02
1.060000e-06	2.983947e-06	9.196849e-09	2.129693e+01	6.033564e+02
1.070000e-06	3.096728e-06	9.769290e-09	2.210187e+01	6.413013e+02
1.080000e-06	3.208450e-06	1.031481e-08	2.289925e+01	6.772960e+02
1.090000e-06	3.319031e-06	1.083579e-08	2.368849e+01	7.114072e+02
1.100000e-06	3.428490e-06	1.132846e-08	2.446971e+01	7.437187e+02
1.110000e-06	3.536888e-06	1.179162e-08	2.524337e+01	7.743192e+02
1.120000e-06	3.644109e-06	1.222921e-08	2.600862e+01	8.032950e+02
1.130000e-06	3.749968e-06	1.264327e-08	2.676416e+01	8.307286e+02
1.140000e-06	3.854395e-06	1.303636e-08	2.750947e+01	8.567006e+02
1.150000e-06	3.957395e-06	1.340881e-08	2.824460e+01	8.812930e+02
1.160000e-06	4.059049e-06	1.376618e-08	2.897012e+01	9.045912e+02
1.170000e-06	4.159383e-06	1.410539e-08	2.968622e+01	9.266847e+02
1.180000e-06	4.258221e-06	1.442357e-08	3.039164e+01	9.476641e+02
1.190000e-06	4.355422e-06	1.472365e-08	3.108538e+01	9.676164e+02
1.200000e-06	4.450960e-06	1.501188e-08	3.176725e+01	9.866204e+02
1.210000e-06	4.544904e-06	1.528833e-08	3.243775e+01	1.004742e+03
1.220000e-06	4.637359e-06	1.554925e-08	3.309762e+01	1.022031e+03
1.230000e-06	4.728293e-06	1.579682e-08	3.374663e+01	1.038525e+03
1.240000e-06	4.817488e-06	1.603582e-08	3.438323e+01	1.054251e+03
1.250000e-06	4.904855e-06	1.626511e-08	3.500678e+01	1.069228e+03
1.260000e-06	4.990488e-06	1.648098e-08	3.561796e+01	1.083479e+03
1.270000e-06	5.074450e-06	1.668563e-08	3.621721e+01	1.097031e+03
1.280000e-06	5.156653e-06	1.688072e-08	3.680391e+01	1.109918e+03
1.290000e-06	5.236930e-06	1.706678e-08	3.737685e+01	1.122180e+03
1.300000e-06	5.315287e-06	1.724449e-08	3.793610e+01	1.133861e+03
1.310000e-06	5.391675e-06	1.741366e-08	3.848130e+01	1.145004e+03
1.320000e-06	5.465944e-06	1.757484e-08	3.901137e+01	1.155644e+03
1.330000e-06	5.538054e-06	1.772926e-08	3.952603e+01	1.165808e+03
1.340000e-06	5.608133e-06	1.787786e-08	4.002620e+01	1.175513e+03
1.350000e-06	5.676329e-06	1.802102e-08	4.051292e+01	1.184765e+03
1.360000e-06	5.742483e-06	1.815877e-08	4.098507e+01	1.193564e+03
1.370000e-06	5.806503e-06	1.828911e-08	4.144200e+01	1.201911e+03
1.380000e-06	5.868519e-06	1.840920e-08	4.188461e+01	1.209806e+03
1.390000e-06	5.928639e-06	1.852115e-08	4.231370e+01	1.217258e+03
1.400000e-06	5.986674e-06	1.862858e-08	4.272791e+01	1.224282e+03
1.410000e-06	6.042529e-06	1.873209e-08	4.312655e+01	1.230898e+03
1.420000e-06	6.096223e-06	1.882886e-08	4.350978e+01	1.237128e+03
1.430000e-06	6.147487e-06	1.891849e-08	4.387566e+01	1.242997e+03
1.440000e-06	6.196164e-06	1.900408e-08	4.422307e+01	1.248524e+03
1.450000e-06	6.242503e-06	1.908468e-08	4.455380e+01	1.253724e+03
1.460000e-06	6.286844e-06	1.915987e-08	4.487027e+01	1.258606e+03
1.470000e-06	6.329046e-06	1.922981e-08	4.517147e+01	1.263175e+03
1.480000e-06	6.368850e-06	1.929310e-08	4.545556e+01	1.267436e+03
1.490000e-06	6.406452e-06	1.934998e-08	4.572393e+01	1.271393e+03
1.500000e-06	6.441998e-06	1.940434e-08	4.597763e+01	1.275051e+03
1.510000e-06	6.475124e-06	1.945786e-08	4.621406e+01	1.278421e+03
1.520000e-06	6.505816e-06	1.950902e-08	4.643311e+01	1.281510e+03
1.530000e-06	6.534395e-06	1.955548e-08	4.663708e+01	1.284327e+03
1.540000e-06	6.560718e-06	1.959586e-08	4.682496e+01	1.286878e+03
1.550000e-06	6.584505e-06	1.963014e-08	4.699472e+01	1.289164e+03
1.560000e-06	6.605895e-06	1.965930e-08	4.714739e+01	1.291180e+03
1.570000e-06	6.625164e-06	1.968464e-08	4.728491e+01	1.292922e+03
1.580000e-06	6.642070e-06	1.970789e-08	4.740558e+01	1.294382e+03
1.590000e-06	6.656439e-06	1.972553e-08	4.750813e+01	1.295558e+03
1.600000e-06	6.668269e-06	1.973595e-08	4.759256e+01	1.296456e+03
1.610000e-06	6.677387e-06	1.974657e-08	4.765764e+01	1.297086e+03
1.620000e-06	6.684031e-06	1.975878e-08	4.770506e+01	1.297468e+03
1.630000e-06	6.688447e-06	1.976695e-08	4.773658e+01	1.297624e+03
1.640000e-06	6.690433e-06	1.976670e-08	4.775075e+01	1.297577e+03
1.650000e-06	6.689994e-06	1.976465e-08	4.774762e+01	1.297344e+03
1.660000e-06	6.687391e-06	1.975513e-08	4.772904e+01	1.296934e+03
1.670000e-06	6.682737e-06	1.974366e-08	4.769582e+01	1.296345e+03
1.680000e-06	6.675784e-06	1.973306e-08	4.764620e+01	1.295568e+03
1.690000e-06	6.666626e-06	1.972266e-08	4.758084e+01	1.294586e+03
1.700000e-06	6.655444e-06	1.970858e-08	4.750103e+01	1.293389e+03
1.710000e-06	6.641880e-06	1.968954e-08	4.740422e+01	1.291969e+03
1.720000e-06	6.625988e-06	1.968608e-08	4.729080e+01	1.290333e+03
1.730000e-06	6.608011e-06	1.963717e-08	4.716249e+01	1.288503e+03
1.740000e-06	6.587475e-06	1.954813e-08	4.701593e+01	1.286510e+03
1.750000e-06	6.563712e-06	1.953893e-08	4.684632e+01	1.284395e+03
1.760000e-06	6.537064e-06	1.954156e-08	4.665613e+01	1.282195e+03
1.770000e-06	6.508312e-06	1.952106e-08	4.645092e+01	1.279939e+03
1.780000e-06	6.477749e-06	1.956793e-08	4.623279e+01	1.277638e+03
1.790000e-06	6.445711e-06	1.945109e-08	4.600413e+01	1.275279e+03
1.800000e-06	6.411901e-06	1.934780e-08	4.576282e+01	1.272829e+03
1.810000e-06	6.375773e-06	1.940435e-08	4.550497e+01	1.270235e+03
1.820000e-06	6.337413e-06	1.927128e-08	4.523119e+01	1.267436e+03
1.830000e-06	6.296751e-06	1.932551e-08	4.494097e+01	1.264368e+03
1.840000e-06	6.253915e-06	1.935737e-08	4.463525e+01	1.260979e+03
1.850000e-06	6.209044e-06	1.916856e-08	4.431500e+01	1.257234e+03
1.860000e-06	6.161843e-06	1.917110e-08	4.397811e+01	1.253120e+03
1.870000e-06	6.112398e-06	1.900363e-08	4.362522e+01	1.248646e+03
1.880000e-06	6.060518e-06	1.892676e-08	4.325494e+01	1.243841e+03
1.890000e-06	6.005959e-06	1.893952e-08	4.286555e+01	1.238742e+03
1.900000e-06	5.949100e-06	1.881130e-08	4.245973e+01	1.233391e+03
1.910000e-06	5.890084e-06	1.882658e-08	4.203852e+01	1.227821e+03
1.920000e-06	5.829006e-06	1.866545e-08	4.160260e+01	1.222056e+03
1.930000e-06	5.765786e-06	1.855134e-08	4.115139e+01	1.216103e+03
1.940000e-06	5.700308e-06	1.846690e-08	4.068406e+01	1.209955e+03
1.950000e-06	5.632698e-06	1.830327e-08	4.020152e+01	1.203597e+03
1.960000e-06	5.562802e-06	1.828290e-08	3.970265e+01	1.197004e+03
1.970000e-06	5.490723e-06	1.816192e-08	3.918822e+01	1.190154e+03
1.980000e-06	5.416714e-06	1.812576e-08	3.866000e+01	1.183029e+03
1.990000e-06	5.340712e-06	1.799095e-08	3.811756e+01	1.175618e+03
2.000000e-06	5.262556e-06	1.780447e-08	3.755975e+01	1.167920e+03
2.010000e-06	5.182361e-06	1.769585e-08	3.698739e+01	1.159941e+03
2.020000e-06	5.100431e-06	1.753177e-08	3.640264e+01	1.151688e+03
2.030000e-06	5.016771e-06	1.747161e-08	3.580554e+01	1.143173e+03
2.040000e-06	4.931339e-06	1.735523e-08	3.519580e+01	1.134403e+03
2.050000e-06	4.844060e-06	1.724865e-08	3.457287e+01	1.125378e+03
2.060000e-06	4.755040e-06	1.707717e-08	3.393753e+01	1.116095e+03
2.070000e-06	4.664477e-06	1.687437e-08	3.329116e+01	1.106542e+03
2.080000e-06	4.572416e-06	1.672238e-08	3.263410e+01	1.096704e+03
2.090000e-06	4.478788e-06	1.657028e-08	3.196587e+01	1.086566e+03
2.100000e-06	4.383399e-06	1.644884e-08	3.128506e+01	1.076109e+03
2.110000e-06	4.286447e-06	1.628380e-08	3.059309e+01	1.065321e+03
2.120000e-06	4.188115e-06	1.613406e-08	2.989129e+01	1.054190e+03
2.130000e-06	4.088385e-06	1.594753e-08	2.917949e+01	1.042710e+03
2.140000e-06	3.987203e-06	1.574513e-08	2.845734e+01	1.030877e+03
2.150000e-06	3.884430e-06	1.553728e-08	2.772384e+01	1.018691e+03
2.160000e-06	3.780106e-06	1.534970e-08	2.697925e+01	1.006150e+03
2.170000e-06	3.674465e-06	1.518155e-08	2.622528e+01	9.932511e+02
2.180000e-06	3.567607e-06	1.499414e-08	2.546261e+01	9.799912e+02
2.190000e-06	3.459577e-06	1.479745e-08	2.469159e+01	9.663626e+02
2.200000e-06	3.350380e-06	1.456955e-08	2.391222e+01	9.523554e+02
2.210000e-06	3.239803e-06	1.433040e-08	2.312302e+01	9.379576e+02
2.220000e-06	3.127888e-06	1.408613e-08	2.232426e+01	9.231562e+02
2.230000e-06	3.014802e-06	1.386765e-08	2.151715e+01	9.079385e+02
2.240000e-06	2.900575e-06	1.365164e-08	2.070189e+01	8.922933e+02
2.250000e-06	2.785182e-06	1.342201e-08	1.987831e+01	8.762112e+02
2.260000e-06	2.668671e-06	1.316836e-08	1.904676e+01	8.596846e+02
2.270000e-06	2.551045e-06	1.289991e-08	1.820724e+01	8.427076e+02
2.280000e-06	2.432294e-06	1.262254e-08	1.735969e+01	8.252742e+02
2.290000e-06	2.312552e-06	1.234104e-08	1.650507e+01	8.073772e+02
2.300000e-06	2.192025e-06	1.206447e-08	1.564485e+01	7.890068e+02
2.310000e-06	2.070862e-06	1.178741e-08	1.478009e+01	7.701504e+02
2.320000e-06	1.949088e-06	1.150393e-08	1.391097e+01	7.507921e+02
2.330000e-06	1.826636e-06	1.120155e-08	1.303701e+01	7.309138e+02
2.340000e-06	1.703502e-06	1.088534e-08	1.215818e+01	7.104972e+02
2.350000e-06	1.579801e-06	1.055476e-08	1.127530e+01	6.895253e+02
2.360000e-06	1.455618e-06	1.022212e-08	1.038899e+01	6.679846e+02
2.370000e-06	1.330964e-06	9.888898e-09	9.499312e+00	6.458659e+02
2.380000e-06	1.205909e-06	9.554172e-09	8.606777e+00	6.231642e+02
2.390000e-06	1.080562e-06	9.208624e-09	7.712155e+00	5.998779e+02
2.400000e-06	9.548552e-07	8.845051e-09	6.814963e+00	5.760066e+02
2.410000e-06	8.287487e-07	8.467264e-09	5.914920e+00	5.515482e+02
2.420000e-06	7.022719e-07	8.073681e-09	5.012233e+00	5.264972e+02
2.430000e-06	5.755172e-07	7.675519e-09	4.107563e+00	5.008432e+02
2.440000e-06	4.485501e-07	7.276721e-09	3.201378e+00	4.745704e+02
2.450000e-06	3.213910e-07	6.873055e-09	2.293822e+00	4.476589e+02
2.460000e-06	1.940486e-07	6.457150e-09	1.384958e+00	4.200859e+02
2.470000e-06	6.658425e-08	6.027548e-09	4.752230e-01	3.918269e+02
2.480000e-06	-6.090156e-08	5.587299e-09	-4.346648e-01	3.628557e+02
2.490000e-06	-1.883884e-07	5.128843e-09	-1.344560e+00	3.331424e+02
2.500000e-06	-3.157622e-07	4.653943e-09	-2.253648e+00	3.026484e+02
2.510000e-06	-4.429865e-07	4.170200e-09	-3.161669e+00	2.713205e+02
2.520000e-06	-5.701234e-07	3.680903e-09	-4.069067e+00	2.390847e+02
2.530000e-06	-6.970394e-07	3.177101e-09	-4.974888e+00	2.058411e+02
2.540000e-06	-8.236332e-07	2.651631e-09	-5.878409e+00	1.714634e+02
2.550000e-06	-9.498895e-07	2.105929e-09	-6.779522e+00	1.358040e+02
2.560000e-06	-1.075711e-06	1.534779e-09	-7.677531e+00	9.870657e+01
2.570000e-06	-1.201099e-06	9.395006e-10	-8.572449e+00	6.002467e+01
2.580000e-06	-1.326088e-06	3.242067e-10	-9.464516e+00	1.964583e+01
2.590000e-06	-1.450696e-06	-3.145701e-10	-1.035386e+01	-2.248290e+01
2.600000e-06	-1.574824e-06	-9.836189e-10	-1.123978e+01	-6.633191e+01
2.610000e-06	-1.698352e-06	-1.679693e-09	-1.212142e+01	-1.117726e+02
2.620000e-06	-1.821143e-06	-2.396166e-09	-1.299781e+01	-1.585712e+02
2.630000e-06	-1.943134e-06	-3.130248e-09	-1.386848e+01	-2.063953e+02
2.640000e-06	-2.064487e-06	-3.876092e-09	-1.473459e+01	-2.548318e+02
2.650000e-06	-2.185214e-06	-4.623309e-09	-1.559624e+01	-3.034166e+02
2.660000e-06	-2.305123e-06	-5.360669e-09	-1.645205e+01	-3.516695e+02
2.670000e-06	-2.424045e-06	-6.082363e-09	-1.730082e+01	-3.991304e+02
2.680000e-06	-2.541843e-06	-6.785339e-09	-1.814156e+01	-4.453928e+02
2.690000e-06	-2.658584e-06	-7.468495e-09	-1.897476e+01	-4.901275e+02
2.700000e-06	-2.774304e-06	-8.129116e-09	-1.980067e+01	-5.330957e+02
2.710000e-06	-2.888895e-06	-8.763329e-09	-2.061853e+01	-5.741510e+02
2.720000e-06	-3.002250e-06	-9.367744e-09	-2.142757e+01	-6.132298e+02
2.730000e-06	-3.114295e-06	-9.938656e-09	-2.222725e+01	-6.503346e+02
2.740000e-06	-3.225181e-06	-1.047760e-08	-2.301866e+01	-6.855147e+02
2.750000e-06	-3.334902e-06	-1.098811e-08	-2.380176e+01	-7.188459e+02
2.760000e-06	-3.443486e-06	-1.147090e-08	-2.457674e+01	-7.504154e+02
2.770000e-06	-3.551046e-06	-1.192799e-08	-2.534442e+01	-7.803114e+02
2.780000e-06	-3.657427e-06	-1.236129e-08	-2.610367e+01	-8.086185e+02
2.790000e-06	-3.762564e-06	-1.277109e-08	-2.685405e+01	-8.354179e+02
2.800000e-06	-3.866419e-06	-1.315999e-08	-2.759529e+01	-8.607905e+02
2.810000e-06	-3.968708e-06	-1.352958e-08	-2.832534e+01	-8.848196e+02
2.820000e-06	-4.069494e-06	-1.388120e-08	-2.904466e+01	-9.075926e+02
2.830000e-06	-4.168900e-06	-1.421263e-08	-2.975414e+01	-9.291997e+02
2.840000e-06	-4.266868e-06	-1.452588e-08	-3.045336e+01	-9.497307e+02
2.850000e-06	-4.363500e-06	-1.482631e-08	-3.114304e+01	-9.692698e+02
2.860000e-06	-4.458618e-06	-1.511321e-08	-3.182191e+01	-9.878904e+02
2.870000e-06	-4.552038e-06	-1.538509e-08	-3.248866e+01	-1.005652e+03
2.880000e-06	-4.643817e-06	-1.564269e-08	-3.314371e+01	-1.022599e+03
2.890000e-06	-4.733977e-06	-1.588865e-08	-3.378719e+01	-1.038763e+03
2.900000e-06	-4.822459e-06	-1.612548e-08	-3.441870e+01	-1.054167e+03
2.910000e-06	-4.909109e-06	-1.635318e-08	-3.503714e+01	-1.068832e+03
2.920000e-06	-4.993874e-06	-1.656975e-08	-3.564212e+01	-1.082782e+03
2.930000e-06	-5.076861e-06	-1.677590e-08	-3.623442e+01	-1.096047e+03
2.940000e-06	-5.158074e-06	-1.696993e-08	-3.681404e+01	-1.108663e+03
2.950000e-06	-5.237427e-06	-1.715205e-08	-3.738040e+01	-1.120673e+03
2.960000e-06	-5.314683e-06	-1.732660e-08	-3.793179e+01	-1.132120e+03
2.970000e-06	-5.389789e-06	-1.749494e-08	-3.846783e+01	-1.143046e+03
2.980000e-06	-5.462980e-06	-1.765480e-08	-3.899021e+01	-1.153481e+03
2.990000e-06	-5.534208e-06	-1.780524e-08	-3.949858e+01	-1.163450e+03
3.000000e-06	-5.603289e-06	-1.794850e-08	-3.999162e+01	-1.172962e+03
3.010000e-06	-5.670268e-06	-1.808383e-08	-4.046966e+01	-1.182022e+03
3.020000e-06	-5.735302e-06	-1.821210e-08	-4.093382e+01	-1.190630e+03
3.030000e-06	-5.798437e-06	-1.833469e-08	-4.138443e+01	-1.198784e+03
3.040000e-06	-5.859457e-06	-1.845285e-08	-4.181993e+01	-1.206490e+03
3.050000e-06	-5.918314e-06	-1.856576e-08	-4.224001e+01	-1.213759e+03
3.060000e-06	-5.975176e-06	-1.867149e-08	-4.264584e+01	-1.220607e+03
3.070000e-06	-6.030017e-06	-1.876945e-08	-4.303725e+01	-1.227057e+03
3.080000e-06	-6.082494e-06	-1.885968e-08	-4.341179e+01	-1.233132e+03
3.090000e-06	-6.132344e-06	-1.894181e-08	-4.376757e+01	-1.238854e+03
3.100000e-06	-6.179690e-06	-1.902150e-08	-4.410549e+01	-1.244242e+03
3.110000e-06	-6.224868e-06	-1.910113e-08	-4.442793e+01	-1.249307e+03
3.120000e-06	-6.268123e-06	-1.917701e-08	-4.473665e+01	-1.254056e+03
3.130000e-06	-6.309301e-06	-1.924628e-08	-4.503055e+01	-1.258495e+03
3.140000e-06	-6.348302e-06	-1.930859e-08	-4.530890e+01	-1.262627e+03
3.150000e-06	-6.385038e-06	-1.936584e-08	-4.557110e+01	-1.266457e+03
3.160000e-06	-6.419512e-06	-1.941732e-08	-4.581714e+01	-1.269993e+03
3.170000e-06	-6.451792e-06	-1.946540e-08	-4.604753e+01	-1.273243e+03
3.180000e-06	-6.481595e-06	-1.951081e-08	-4.626024e+01	-1.276216e+03
3.190000e-06	-6.508996e-06	-1.955380e-08	-4.645581e+01	-1.278921e+03
3.200000e-06	-6.534253e-06	-1.959139e-08	-4.663607e+01	-1.281361e+03
3.210000e-06	-6.557189e-06	-1.962167e-08	-4.679977e+01	-1.283534e+03
3.220000e-06	-6.577673e-06	-1.964721e-08	-4.694596e+01	-1.285436e+03
3.230000e-06	-6.595878e-06	-1.967050e-08	-4.707589e+01	-1.287059e+03
3.240000e-06	-6.611740e-06	-1.969078e-08	-4.718910e+01	-1.288400e+03
3.250000e-06	-6.624936e-06	-1.970859e-08	-4.728329e+01	-1.289458e+03
3.260000e-06	-6.635523e-06	-1.972316e-08	-4.735885e+01	-1.290241e+03
3.270000e-06	-6.643784e-06	-1.973164e-08	-4.741781e+01	-1.290764e+03
3.280000e-06	-6.649625e-06	-1.973287e-08	-4.745949e+01	-1.291048e+03
3.290000e-06	-6.653049e-06	-1.972994e-08	-4.748393e+01	-1.291117e+03
3.300000e-06	-6.654272e-06	-1.972397e-08	-4.749267e+01	-1.290991e+03
3.310000e-06	-6.653175e-06	-1.971816e-08	-4.748484e+01	-1.290684e+03
