# Temperatura_=_57.77
# Concentracion g/m^3_=_24000.0
# C_Vs_to_Am_M_A/Vsm_=_65563218390.804596
# pendiente_HvsI_1/m_=_3716.3
# ordenada_HvsI_A/m_=_1297.0
# frecuencia_Hz_=_301961.1587137715

Tiempo_(s)	Campo_(V.s)	Magnetizacion_(V.s)	Campo_(kA/m)	Magnetizacion_(A/m)
0.000000e+00	-6.688143e-06	-2.240079e-08	-4.746420e+01	-1.466274e+03
1.000000e-08	-6.684208e-06	-2.239492e-08	-4.743627e+01	-1.465759e+03
2.000000e-08	-6.678166e-06	-2.238650e-08	-4.739339e+01	-1.465035e+03
3.000000e-08	-6.669968e-06	-2.237307e-08	-4.733521e+01	-1.464074e+03
4.000000e-08	-6.659396e-06	-2.235231e-08	-4.726019e+01	-1.462855e+03
5.000000e-08	-6.646402e-06	-2.232500e-08	-4.716797e+01	-1.461368e+03
6.000000e-08	-6.631076e-06	-2.229623e-08	-4.705920e+01	-1.459619e+03
7.000000e-08	-6.613499e-06	-2.226641e-08	-4.693446e+01	-1.457634e+03
8.000000e-08	-6.593711e-06	-2.223007e-08	-4.679404e+01	-1.455449e+03
9.000000e-08	-6.571485e-06	-2.222367e-08	-4.663630e+01	-1.453114e+03
1.000000e-07	-6.546549e-06	-2.220590e-08	-4.645934e+01	-1.450673e+03
1.100000e-07	-6.519015e-06	-2.213364e-08	-4.626393e+01	-1.448165e+03
1.200000e-07	-6.489296e-06	-2.205495e-08	-4.605302e+01	-1.445610e+03
1.300000e-07	-6.457809e-06	-2.201348e-08	-4.582957e+01	-1.443006e+03
1.400000e-07	-6.424506e-06	-2.195618e-08	-4.559322e+01	-1.440333e+03
1.500000e-07	-6.389108e-06	-2.191846e-08	-4.534202e+01	-1.437547e+03
1.600000e-07	-6.351700e-06	-2.191476e-08	-4.507654e+01	-1.434593e+03
1.700000e-07	-6.312259e-06	-2.182187e-08	-4.479663e+01	-1.431410e+03
1.800000e-07	-6.270414e-06	-2.175387e-08	-4.449967e+01	-1.427936e+03
1.900000e-07	-6.226197e-06	-2.169898e-08	-4.418587e+01	-1.424122e+03
2.000000e-07	-6.179752e-06	-2.162353e-08	-4.385626e+01	-1.419932e+03
2.100000e-07	-6.130780e-06	-2.158895e-08	-4.350872e+01	-1.415348e+03
2.200000e-07	-6.079189e-06	-2.153210e-08	-4.314259e+01	-1.410372e+03
2.300000e-07	-6.025152e-06	-2.145108e-08	-4.275910e+01	-1.405023e+03
2.400000e-07	-5.968847e-06	-2.133292e-08	-4.235952e+01	-1.399332e+03
2.500000e-07	-5.910285e-06	-2.122124e-08	-4.194392e+01	-1.393338e+03
2.600000e-07	-5.849482e-06	-2.112673e-08	-4.151242e+01	-1.387079e+03
2.700000e-07	-5.786622e-06	-2.101662e-08	-4.106631e+01	-1.380591e+03
2.800000e-07	-5.721622e-06	-2.093746e-08	-4.060502e+01	-1.373894e+03
2.900000e-07	-5.654444e-06	-2.084052e-08	-4.012827e+01	-1.366997e+03
3.000000e-07	-5.585171e-06	-2.072833e-08	-3.963666e+01	-1.359895e+03
3.100000e-07	-5.513833e-06	-2.062457e-08	-3.913039e+01	-1.352568e+03
3.200000e-07	-5.440414e-06	-2.050472e-08	-3.860936e+01	-1.344990e+03
3.300000e-07	-5.364809e-06	-2.037272e-08	-3.807280e+01	-1.337131e+03
3.400000e-07	-5.287048e-06	-2.023184e-08	-3.752095e+01	-1.328966e+03
3.500000e-07	-5.207171e-06	-2.010910e-08	-3.695408e+01	-1.320475e+03
3.600000e-07	-5.125328e-06	-1.998087e-08	-3.637326e+01	-1.311653e+03
3.700000e-07	-5.041706e-06	-1.984816e-08	-3.577982e+01	-1.302504e+03
3.800000e-07	-4.956474e-06	-1.970952e-08	-3.517494e+01	-1.293039e+03
3.900000e-07	-4.869741e-06	-1.954546e-08	-3.455942e+01	-1.283275e+03
4.000000e-07	-4.781314e-06	-1.937388e-08	-3.393187e+01	-1.273224e+03
4.100000e-07	-4.691133e-06	-1.921497e-08	-3.329188e+01	-1.262892e+03
4.200000e-07	-4.599282e-06	-1.907602e-08	-3.264003e+01	-1.252273e+03
4.300000e-07	-4.505861e-06	-1.892659e-08	-3.197705e+01	-1.241349e+03
4.400000e-07	-4.410933e-06	-1.875565e-08	-3.130336e+01	-1.230097e+03
4.500000e-07	-4.314367e-06	-1.856613e-08	-3.061806e+01	-1.218487e+03
4.600000e-07	-4.216166e-06	-1.836374e-08	-2.992115e+01	-1.206491e+03
4.700000e-07	-4.116393e-06	-1.816476e-08	-2.921308e+01	-1.194091e+03
4.800000e-07	-4.015155e-06	-1.798149e-08	-2.849462e+01	-1.181278e+03
4.900000e-07	-3.912561e-06	-1.779995e-08	-2.776654e+01	-1.168054e+03
5.000000e-07	-3.808572e-06	-1.759350e-08	-2.702855e+01	-1.154428e+03
5.100000e-07	-3.703162e-06	-1.737262e-08	-2.628048e+01	-1.140413e+03
5.200000e-07	-3.596317e-06	-1.714913e-08	-2.552223e+01	-1.126016e+03
5.300000e-07	-3.488090e-06	-1.691420e-08	-2.475417e+01	-1.111236e+03
5.400000e-07	-3.378646e-06	-1.667261e-08	-2.397746e+01	-1.096061e+03
5.500000e-07	-3.268053e-06	-1.643848e-08	-2.319261e+01	-1.080469e+03
5.600000e-07	-3.156256e-06	-1.620270e-08	-2.239921e+01	-1.064430e+03
5.700000e-07	-3.043164e-06	-1.595199e-08	-2.159663e+01	-1.047911e+03
5.800000e-07	-2.928720e-06	-1.569457e-08	-2.078445e+01	-1.030887e+03
5.900000e-07	-2.812998e-06	-1.543157e-08	-1.996319e+01	-1.013340e+03
6.000000e-07	-2.696096e-06	-1.514976e-08	-1.913357e+01	-9.952620e+02
6.100000e-07	-2.578206e-06	-1.485161e-08	-1.829693e+01	-9.766531e+02
6.200000e-07	-2.459486e-06	-1.455596e-08	-1.745440e+01	-9.575167e+02
6.300000e-07	-2.339942e-06	-1.426338e-08	-1.660602e+01	-9.378525e+02
6.400000e-07	-2.219464e-06	-1.396205e-08	-1.575102e+01	-9.176507e+02
6.500000e-07	-2.098085e-06	-1.364826e-08	-1.488962e+01	-8.968890e+02
6.600000e-07	-1.975960e-06	-1.331879e-08	-1.402293e+01	-8.755332e+02
6.700000e-07	-1.853063e-06	-1.297323e-08	-1.315075e+01	-8.535414e+02
6.800000e-07	-1.729475e-06	-1.261911e-08	-1.227368e+01	-8.308716e+02
6.900000e-07	-1.605307e-06	-1.226566e-08	-1.139249e+01	-8.074887e+02
7.000000e-07	-1.480572e-06	-1.190653e-08	-1.050727e+01	-7.833711e+02
7.100000e-07	-1.355404e-06	-1.153123e-08	-9.618985e+00	-7.585120e+02
7.200000e-07	-1.229859e-06	-1.114051e-08	-8.728026e+00	-7.329169e+02
7.300000e-07	-1.103939e-06	-1.073568e-08	-7.834398e+00	-7.065957e+02
7.400000e-07	-9.777532e-07	-1.031906e-08	-6.938887e+00	-6.795535e+02
7.500000e-07	-8.512733e-07	-9.893944e-09	-6.041289e+00	-6.517812e+02
7.600000e-07	-7.244545e-07	-9.461659e-09	-5.141285e+00	-6.232498e+02
7.700000e-07	-5.974589e-07	-9.014801e-09	-4.240027e+00	-5.939108e+02
7.800000e-07	-4.703346e-07	-8.552630e-09	-3.337855e+00	-5.637022e+02
7.900000e-07	-3.429948e-07	-8.079839e-09	-2.434154e+00	-5.325604e+02
8.000000e-07	-2.154962e-07	-7.593494e-09	-1.529326e+00	-5.004323e+02
8.100000e-07	-8.790456e-08	-7.088551e-09	-6.238382e-01	-4.672856e+02
8.200000e-07	3.979733e-08	-6.566686e-09	2.824324e-01	-4.331117e+02
8.300000e-07	1.675261e-07	-6.032443e-09	1.188894e+00	-3.979195e+02
8.400000e-07	2.951777e-07	-5.482671e-09	2.094808e+00	-3.617184e+02
8.500000e-07	4.227358e-07	-4.917320e-09	3.000057e+00	-3.244956e+02
8.600000e-07	5.501578e-07	-4.337174e-09	3.904342e+00	-2.861901e+02
8.700000e-07	6.774417e-07	-3.736606e-09	4.807646e+00	-2.466736e+02
8.800000e-07	8.045169e-07	-3.107152e-09	5.709469e+00	-2.057423e+02
8.900000e-07	9.313401e-07	-2.451406e-09	6.609504e+00	-1.631270e+02
9.000000e-07	1.057881e-06	-1.771941e-09	7.507537e+00	-1.185215e+02
9.100000e-07	1.184078e-06	-1.060802e-09	8.403127e+00	-7.162876e+01
9.200000e-07	1.309938e-06	-3.110647e-10	9.296326e+00	-2.221613e+01
9.300000e-07	1.435423e-06	4.791914e-10	1.018686e+01	2.982764e+01
9.400000e-07	1.560461e-06	1.309274e-09	1.107423e+01	8.444600e+01
9.500000e-07	1.684980e-06	2.178949e-09	1.195791e+01	1.413876e+02
9.600000e-07	1.808880e-06	3.078116e-09	1.283720e+01	2.002051e+02
9.700000e-07	1.932074e-06	3.994176e-09	1.371148e+01	2.602819e+02
9.800000e-07	2.054561e-06	4.918075e-09	1.458074e+01	3.208832e+02
9.900000e-07	2.176281e-06	5.836337e-09	1.544456e+01	3.812227e+02
1.000000e-06	2.297097e-06	6.737867e-09	1.630197e+01	4.405358e+02
1.010000e-06	2.416975e-06	7.612838e-09	1.715271e+01	4.981456e+02
1.020000e-06	2.535926e-06	8.453982e-09	1.799687e+01	5.535133e+02
1.030000e-06	2.653960e-06	9.256177e-09	1.883454e+01	6.062655e+02
1.040000e-06	2.771044e-06	1.001308e-08	1.966546e+01	6.561969e+02
1.050000e-06	2.887065e-06	1.072508e-08	2.048883e+01	7.032519e+02
1.060000e-06	3.001898e-06	1.139369e-08	2.130378e+01	7.474901e+02
1.070000e-06	3.115465e-06	1.202250e-08	2.210973e+01	7.890455e+02
1.080000e-06	3.227769e-06	1.261619e-08	2.290673e+01	8.280875e+02
1.090000e-06	3.338873e-06	1.317644e-08	2.369520e+01	8.647901e+02
1.100000e-06	3.448849e-06	1.370307e-08	2.447568e+01	8.993133e+02
1.110000e-06	3.557754e-06	1.419756e-08	2.524856e+01	9.317970e+02
1.120000e-06	3.665577e-06	1.466195e-08	2.601375e+01	9.623649e+02
1.130000e-06	3.772130e-06	1.509646e-08	2.676993e+01	9.911329e+02
1.140000e-06	3.877242e-06	1.550345e-08	2.751588e+01	1.018219e+03
1.150000e-06	3.980837e-06	1.588932e-08	2.825108e+01	1.043747e+03
1.160000e-06	4.083008e-06	1.625721e-08	2.897615e+01	1.067851e+03
1.170000e-06	4.183869e-06	1.660573e-08	2.969195e+01	1.090664e+03
1.180000e-06	4.283279e-06	1.693622e-08	3.039744e+01	1.112314e+03
1.190000e-06	4.381021e-06	1.724946e-08	3.109109e+01	1.132909e+03
1.200000e-06	4.477034e-06	1.754770e-08	3.177247e+01	1.152538e+03
1.210000e-06	4.571482e-06	1.783277e-08	3.244275e+01	1.171261e+03
1.220000e-06	4.664496e-06	1.810422e-08	3.310285e+01	1.189115e+03
1.230000e-06	4.756024e-06	1.836056e-08	3.375240e+01	1.206125e+03
1.240000e-06	4.845821e-06	1.860416e-08	3.438967e+01	1.222309e+03
1.250000e-06	4.933751e-06	1.883754e-08	3.501368e+01	1.237689e+03
1.260000e-06	5.019878e-06	1.906078e-08	3.562491e+01	1.252300e+03
1.270000e-06	5.104281e-06	1.927212e-08	3.622389e+01	1.266186e+03
1.280000e-06	5.186900e-06	1.947029e-08	3.681023e+01	1.279404e+03
1.290000e-06	5.267521e-06	1.965946e-08	3.738237e+01	1.292011e+03
1.300000e-06	5.346138e-06	1.984182e-08	3.794030e+01	1.304060e+03
1.310000e-06	5.422852e-06	2.001716e-08	3.848472e+01	1.315594e+03
1.320000e-06	5.497562e-06	2.018529e-08	3.901492e+01	1.326639e+03
1.330000e-06	5.570128e-06	2.034718e-08	3.952990e+01	1.337207e+03
1.340000e-06	5.640634e-06	2.050145e-08	4.003027e+01	1.347298e+03
1.350000e-06	5.709195e-06	2.064601e-08	4.051683e+01	1.356909e+03
1.360000e-06	5.775683e-06	2.078598e-08	4.098868e+01	1.366035e+03
1.370000e-06	5.840036e-06	2.092036e-08	4.144538e+01	1.374682e+03
1.380000e-06	5.902350e-06	2.104597e-08	4.188760e+01	1.382861e+03
1.390000e-06	5.962724e-06	2.116428e-08	4.231607e+01	1.390592e+03
1.400000e-06	6.021058e-06	2.127705e-08	4.273005e+01	1.397901e+03
1.410000e-06	6.077235e-06	2.138298e-08	4.312872e+01	1.404814e+03
1.420000e-06	6.131246e-06	2.148083e-08	4.351203e+01	1.411350e+03
1.430000e-06	6.182811e-06	2.157368e-08	4.387797e+01	1.417526e+03
1.440000e-06	6.231773e-06	2.166374e-08	4.422544e+01	1.423348e+03
1.450000e-06	6.278368e-06	2.175023e-08	4.455611e+01	1.428819e+03
1.460000e-06	6.322900e-06	2.183032e-08	4.487215e+01	1.433942e+03
1.470000e-06	6.365225e-06	2.190333e-08	4.517252e+01	1.438721e+03
1.480000e-06	6.405171e-06	2.197058e-08	4.545601e+01	1.443166e+03
1.490000e-06	6.442963e-06	2.203395e-08	4.572421e+01	1.447292e+03
1.500000e-06	6.478609e-06	2.209244e-08	4.597718e+01	1.451116e+03
1.510000e-06	6.511906e-06	2.214635e-08	4.621348e+01	1.454657e+03
1.520000e-06	6.542884e-06	2.219800e-08	4.643333e+01	1.457926e+03
1.530000e-06	6.571722e-06	2.224592e-08	4.663799e+01	1.460926e+03
1.540000e-06	6.598202e-06	2.228791e-08	4.682591e+01	1.463652e+03
1.550000e-06	6.622125e-06	2.232430e-08	4.699568e+01	1.466089e+03
1.560000e-06	6.643701e-06	2.235575e-08	4.714880e+01	1.468218e+03
1.570000e-06	6.663058e-06	2.238331e-08	4.728617e+01	1.470026e+03
1.580000e-06	6.680008e-06	2.240785e-08	4.740646e+01	1.471505e+03
1.590000e-06	6.694411e-06	2.242716e-08	4.750867e+01	1.472660e+03
1.600000e-06	6.706243e-06	2.244078e-08	4.759264e+01	1.473509e+03
1.610000e-06	6.715392e-06	2.245121e-08	4.765758e+01	1.474082e+03
1.620000e-06	6.722027e-06	2.245906e-08	4.770466e+01	1.474414e+03
1.630000e-06	6.726462e-06	2.246247e-08	4.773614e+01	1.474539e+03
1.640000e-06	6.728521e-06	2.246159e-08	4.775075e+01	1.474480e+03
1.650000e-06	6.728119e-06	2.246087e-08	4.774789e+01	1.474249e+03
1.660000e-06	6.725562e-06	2.245815e-08	4.772975e+01	1.473841e+03
1.670000e-06	6.720839e-06	2.244818e-08	4.769623e+01	1.473237e+03
1.680000e-06	6.713784e-06	2.243362e-08	4.764616e+01	1.472413e+03
1.690000e-06	6.704519e-06	2.241856e-08	4.758041e+01	1.471342e+03
1.700000e-06	6.693168e-06	2.240025e-08	4.749986e+01	1.470006e+03
1.710000e-06	6.679442e-06	2.237559e-08	4.740244e+01	1.468403e+03
1.720000e-06	6.663389e-06	2.234955e-08	4.728852e+01	1.466547e+03
1.730000e-06	6.645288e-06	2.232428e-08	4.716006e+01	1.464468e+03
1.740000e-06	6.624584e-06	2.225964e-08	4.701313e+01	1.462211e+03
1.750000e-06	6.600645e-06	2.221167e-08	4.684324e+01	1.459823e+03
1.760000e-06	6.573895e-06	2.221011e-08	4.665340e+01	1.457348e+03
1.770000e-06	6.545055e-06	2.218802e-08	4.644873e+01	1.454816e+03
1.780000e-06	6.514331e-06	2.215768e-08	4.623069e+01	1.452239e+03
1.790000e-06	6.482000e-06	2.214147e-08	4.600125e+01	1.449608e+03
1.800000e-06	6.447871e-06	2.205775e-08	4.575904e+01	1.446890e+03
1.810000e-06	6.411501e-06	2.201066e-08	4.550093e+01	1.444038e+03
1.820000e-06	6.372904e-06	2.198808e-08	4.522702e+01	1.440991e+03
1.830000e-06	6.331993e-06	2.194210e-08	4.493668e+01	1.437688e+03
1.840000e-06	6.288930e-06	2.194318e-08	4.463107e+01	1.434072e+03
1.850000e-06	6.243715e-06	2.184007e-08	4.431019e+01	1.430098e+03
1.860000e-06	6.196155e-06	2.174142e-08	4.397267e+01	1.425738e+03
1.870000e-06	6.146385e-06	2.165890e-08	4.361946e+01	1.420983e+03
1.880000e-06	6.094092e-06	2.155964e-08	4.324836e+01	1.415842e+03
1.890000e-06	6.039146e-06	2.154232e-08	4.285841e+01	1.410339e+03
1.900000e-06	5.981933e-06	2.145385e-08	4.245239e+01	1.404511e+03
1.910000e-06	5.922560e-06	2.137827e-08	4.203103e+01	1.398397e+03
1.920000e-06	5.861073e-06	2.128242e-08	4.159467e+01	1.392035e+03
1.930000e-06	5.797414e-06	2.112937e-08	4.114290e+01	1.385452e+03
1.940000e-06	5.731597e-06	2.105223e-08	4.067581e+01	1.378668e+03
1.950000e-06	5.663641e-06	2.092382e-08	4.019354e+01	1.371682e+03
1.960000e-06	5.593392e-06	2.082620e-08	3.969500e+01	1.364485e+03
1.970000e-06	5.520977e-06	2.072686e-08	3.918109e+01	1.357052e+03
1.980000e-06	5.446529e-06	2.062013e-08	3.865275e+01	1.349355e+03
1.990000e-06	5.369912e-06	2.051534e-08	3.810901e+01	1.341365e+03
2.000000e-06	5.291173e-06	2.035218e-08	3.755022e+01	1.333060e+03
2.010000e-06	5.210549e-06	2.022027e-08	3.697805e+01	1.324426e+03
2.020000e-06	5.128171e-06	2.006626e-08	3.639344e+01	1.315460e+03
2.030000e-06	5.044049e-06	1.993751e-08	3.579644e+01	1.306172e+03
2.040000e-06	4.958088e-06	1.981781e-08	3.518640e+01	1.296575e+03
2.050000e-06	4.870229e-06	1.968119e-08	3.456288e+01	1.286684e+03
2.060000e-06	4.780745e-06	1.952502e-08	3.392784e+01	1.276511e+03
2.070000e-06	4.689780e-06	1.933425e-08	3.328228e+01	1.266055e+03
2.080000e-06	4.597238e-06	1.915801e-08	3.262553e+01	1.255306e+03
2.090000e-06	4.502951e-06	1.898800e-08	3.195640e+01	1.244243e+03
2.100000e-06	4.406951e-06	1.883583e-08	3.127511e+01	1.232838e+03
2.110000e-06	4.309516e-06	1.867065e-08	3.058364e+01	1.221064e+03
2.120000e-06	4.210735e-06	1.849088e-08	2.988261e+01	1.208894e+03
2.130000e-06	4.110504e-06	1.828152e-08	2.917129e+01	1.196316e+03
2.140000e-06	4.008648e-06	1.806401e-08	2.844844e+01	1.183324e+03
2.150000e-06	3.905211e-06	1.785385e-08	2.771438e+01	1.169924e+03
2.160000e-06	3.800351e-06	1.764924e-08	2.697021e+01	1.156128e+03
2.170000e-06	3.694198e-06	1.745729e-08	2.621687e+01	1.141946e+03
2.180000e-06	3.586812e-06	1.725049e-08	2.545477e+01	1.127384e+03
2.190000e-06	3.478163e-06	1.702529e-08	2.468372e+01	1.112435e+03
2.200000e-06	3.368207e-06	1.678023e-08	2.390338e+01	1.097083e+03
2.210000e-06	3.256900e-06	1.653122e-08	2.311346e+01	1.081301e+03
2.220000e-06	3.144255e-06	1.627341e-08	2.231404e+01	1.065057e+03
2.230000e-06	3.030414e-06	1.601277e-08	2.150614e+01	1.048323e+03
2.240000e-06	2.915478e-06	1.575719e-08	2.069047e+01	1.031074e+03
2.250000e-06	2.799407e-06	1.550225e-08	1.986674e+01	1.013298e+03
2.260000e-06	2.682173e-06	1.522934e-08	1.903476e+01	9.949899e+02
2.270000e-06	2.563716e-06	1.494121e-08	1.819410e+01	9.761525e+02
2.280000e-06	2.444175e-06	1.464571e-08	1.734574e+01	9.567883e+02
2.290000e-06	2.323820e-06	1.433679e-08	1.649161e+01	9.368934e+02
2.300000e-06	2.202699e-06	1.402102e-08	1.563204e+01	9.164531e+02
2.310000e-06	2.080845e-06	1.370662e-08	1.476727e+01	8.954395e+02
2.320000e-06	1.958377e-06	1.339104e-08	1.389815e+01	8.738144e+02
2.330000e-06	1.835330e-06	1.305259e-08	1.302491e+01	8.515348e+02
2.340000e-06	1.711662e-06	1.269163e-08	1.214727e+01	8.285609e+02
2.350000e-06	1.587388e-06	1.232171e-08	1.126532e+01	8.048628e+02
2.360000e-06	1.462588e-06	1.194858e-08	1.037965e+01	7.804253e+02
2.370000e-06	1.337281e-06	1.156862e-08	9.490369e+00	7.552476e+02
2.380000e-06	1.211531e-06	1.118348e-08	8.597952e+00	7.293380e+02
2.390000e-06	1.085348e-06	1.078826e-08	7.702463e+00	7.027058e+02
2.400000e-06	9.587042e-07	1.037188e-08	6.803701e+00	6.753508e+02
2.410000e-06	8.316723e-07	9.935971e-09	5.902185e+00	6.472558e+02
2.420000e-06	7.043683e-07	9.486245e-09	4.998738e+00	6.183831e+02
2.430000e-06	5.768818e-07	9.027071e-09	4.093996e+00	5.886774e+02
2.440000e-06	4.491768e-07	8.556923e-09	3.187703e+00	5.580742e+02
2.450000e-06	3.212285e-07	8.078209e-09	2.279684e+00	5.265131e+02
2.460000e-06	1.931704e-07	7.586721e-09	1.370885e+00	4.939489e+02
2.470000e-06	6.503263e-08	7.076849e-09	4.615214e-01	4.603596e+02
2.480000e-06	-6.315423e-08	6.550079e-09	-4.481909e-01	4.257456e+02
2.490000e-06	-1.912875e-07	6.005152e-09	-1.357523e+00	3.901185e+02
2.500000e-06	-3.194079e-07	5.440611e-09	-2.266764e+00	3.534813e+02
2.510000e-06	-4.475083e-07	4.857433e-09	-3.175863e+00	3.158034e+02
2.520000e-06	-5.754498e-07	4.260778e-09	-4.083833e+00	2.769970e+02
2.530000e-06	-7.031803e-07	3.649438e-09	-4.990307e+00	2.369012e+02
2.540000e-06	-8.306576e-07	3.016710e-09	-5.894984e+00	1.952821e+02
2.550000e-06	-9.577389e-07	2.355409e-09	-6.796850e+00	1.518499e+02
2.560000e-06	-1.084455e-06	1.658923e-09	-7.696128e+00	1.062961e+02
2.570000e-06	-1.210795e-06	9.256912e-10	-8.592728e+00	5.834390e+01
2.580000e-06	-1.336705e-06	1.542877e-10	-9.486281e+00	7.806279e+00
2.590000e-06	-1.462130e-06	-6.570607e-10	-1.037640e+01	-4.536090e+01
2.600000e-06	-1.586902e-06	-1.506343e-09	-1.126187e+01	-1.010195e+02
2.610000e-06	-1.710901e-06	-2.390186e-09	-1.214187e+01	-1.588327e+02
2.620000e-06	-1.834198e-06	-3.301177e-09	-1.301688e+01	-2.182758e+02
2.630000e-06	-1.956846e-06	-4.228156e-09	-1.388728e+01	-2.786741e+02
2.640000e-06	-2.078834e-06	-5.158602e-09	-1.475300e+01	-3.392619e+02
2.650000e-06	-2.200110e-06	-6.077615e-09	-1.561367e+01	-3.992535e+02
2.660000e-06	-2.320539e-06	-6.971870e-09	-1.646833e+01	-4.579145e+02
2.670000e-06	-2.440081e-06	-7.835539e-09	-1.731669e+01	-5.146222e+02
2.680000e-06	-2.558663e-06	-8.664386e-09	-1.815823e+01	-5.689068e+02
2.690000e-06	-2.676206e-06	-9.453536e-09	-1.899241e+01	-6.204679e+02
2.700000e-06	-2.792639e-06	-1.020125e-08	-1.981871e+01	-6.691678e+02
2.710000e-06	-2.907878e-06	-1.090804e-08	-2.063653e+01	-7.150051e+02
2.720000e-06	-3.021948e-06	-1.157153e-08	-2.144606e+01	-7.580763e+02
2.730000e-06	-3.134791e-06	-1.219186e-08	-2.224688e+01	-7.985351e+02
2.740000e-06	-3.246348e-06	-1.277595e-08	-2.303857e+01	-8.365558e+02
2.750000e-06	-3.356662e-06	-1.332690e-08	-2.382145e+01	-8.723080e+02
2.760000e-06	-3.465812e-06	-1.384124e-08	-2.459607e+01	-9.059432e+02
2.770000e-06	-3.573868e-06	-1.432137e-08	-2.536291e+01	-9.375935e+02
2.780000e-06	-3.680793e-06	-1.477472e-08	-2.612173e+01	-9.673780e+02
2.790000e-06	-3.786535e-06	-1.520313e-08	-2.687216e+01	-9.954124e+02
2.800000e-06	-3.890956e-06	-1.560815e-08	-2.761321e+01	-1.021817e+03
2.810000e-06	-3.993899e-06	-1.599316e-08	-2.834377e+01	-1.046721e+03
2.820000e-06	-4.095239e-06	-1.635873e-08	-2.906296e+01	-1.070257e+03
2.830000e-06	-4.195060e-06	-1.670234e-08	-2.977136e+01	-1.092559e+03
2.840000e-06	-4.293570e-06	-1.702568e-08	-3.047047e+01	-1.113747e+03
2.850000e-06	-4.390671e-06	-1.733370e-08	-3.115957e+01	-1.133921e+03
2.860000e-06	-4.486225e-06	-1.762819e-08	-3.183769e+01	-1.153158e+03
2.870000e-06	-4.580104e-06	-1.790777e-08	-3.250393e+01	-1.171507e+03
2.880000e-06	-4.672281e-06	-1.817348e-08	-3.315809e+01	-1.188999e+03
2.890000e-06	-4.762900e-06	-1.842893e-08	-3.380120e+01	-1.205654e+03
2.900000e-06	-4.851872e-06	-1.867356e-08	-3.443261e+01	-1.221493e+03
2.910000e-06	-4.939004e-06	-1.890544e-08	-3.505096e+01	-1.236540e+03
2.920000e-06	-5.024228e-06	-1.912541e-08	-3.565578e+01	-1.250836e+03
2.930000e-06	-5.107637e-06	-1.933671e-08	-3.624771e+01	-1.264431e+03
2.940000e-06	-5.189305e-06	-1.953942e-08	-3.682729e+01	-1.277382e+03
2.950000e-06	-5.269060e-06	-1.973123e-08	-3.739329e+01	-1.289746e+03
2.960000e-06	-5.346681e-06	-1.991218e-08	-3.794415e+01	-1.301572e+03
2.970000e-06	-5.422144e-06	-2.008362e-08	-3.847970e+01	-1.312896e+03
2.980000e-06	-5.495645e-06	-2.024783e-08	-3.900132e+01	-1.323738e+03
2.990000e-06	-5.567212e-06	-2.040371e-08	-3.950921e+01	-1.334104e+03
3.000000e-06	-5.636648e-06	-2.055298e-08	-4.000198e+01	-1.343992e+03
3.010000e-06	-5.704029e-06	-2.069631e-08	-4.048017e+01	-1.353398e+03
3.020000e-06	-5.769498e-06	-2.083415e-08	-4.094479e+01	-1.362320e+03
3.030000e-06	-5.832972e-06	-2.096453e-08	-4.139524e+01	-1.370766e+03
3.040000e-06	-5.894278e-06	-2.108535e-08	-4.183032e+01	-1.378752e+03
3.050000e-06	-5.953396e-06	-2.119867e-08	-4.224987e+01	-1.386301e+03
3.060000e-06	-6.010447e-06	-2.130715e-08	-4.265475e+01	-1.393440e+03
3.070000e-06	-6.065443e-06	-2.141023e-08	-4.304504e+01	-1.400191e+03
3.080000e-06	-6.118100e-06	-2.150630e-08	-4.341873e+01	-1.406574e+03
3.090000e-06	-6.168163e-06	-2.159673e-08	-4.377402e+01	-1.412599e+03
3.100000e-06	-6.215751e-06	-2.168271e-08	-4.411174e+01	-1.418273e+03
3.110000e-06	-6.261185e-06	-2.176524e-08	-4.443417e+01	-1.423596e+03
3.120000e-06	-6.304680e-06	-2.184227e-08	-4.474285e+01	-1.428573e+03
3.130000e-06	-6.346148e-06	-2.191390e-08	-4.503714e+01	-1.433209e+03
3.140000e-06	-6.385396e-06	-2.198021e-08	-4.531567e+01	-1.437518e+03
3.150000e-06	-6.422260e-06	-2.203945e-08	-4.557728e+01	-1.441514e+03
3.160000e-06	-6.456833e-06	-2.209185e-08	-4.582264e+01	-1.445217e+03
3.170000e-06	-6.489222e-06	-2.214191e-08	-4.605250e+01	-1.448643e+03
3.180000e-06	-6.519227e-06	-2.219021e-08	-4.626543e+01	-1.451799e+03
3.190000e-06	-6.546811e-06	-2.223560e-08	-4.646120e+01	-1.454685e+03
3.200000e-06	-6.572146e-06	-2.227787e-08	-4.664099e+01	-1.457291e+03
3.210000e-06	-6.595147e-06	-2.231342e-08	-4.680423e+01	-1.459600e+03
3.220000e-06	-6.615712e-06	-2.234303e-08	-4.695017e+01	-1.461596e+03
3.230000e-06	-6.633960e-06	-2.236872e-08	-4.707967e+01	-1.463265e+03
3.240000e-06	-6.649834e-06	-2.238773e-08	-4.719233e+01	-1.464605e+03
3.250000e-06	-6.662983e-06	-2.240135e-08	-4.728564e+01	-1.465628e+03
3.260000e-06	-6.673494e-06	-2.241208e-08	-4.736023e+01	-1.466357e+03
3.270000e-06	-6.681684e-06	-2.241863e-08	-4.741836e+01	-1.466825e+03
3.280000e-06	-6.687442e-06	-2.241920e-08	-4.745922e+01	-1.467066e+03
3.290000e-06	-6.690814e-06	-2.241569e-08	-4.748315e+01	-1.467112e+03
3.300000e-06	-6.691977e-06	-2.241223e-08	-4.749141e+01	-1.466981e+03
3.310000e-06	-6.690791e-06	-2.240757e-08	-4.748298e+01	-1.466678e+03
