# Temperatura_=_34.52
# Concentracion g/m^3_=_24000.0
# C_Vs_to_Am_M_A/Vsm_=_65563218390.804596
# pendiente_HvsI_1/m_=_3716.3
# ordenada_HvsI_A/m_=_1297.0
# frecuencia_Hz_=_301968.36050300853

Tiempo_(s)	Campo_(V.s)	Magnetizacion_(V.s)	Campo_(kA/m)	Magnetizacion_(A/m)
0.000000e+00	-6.702929e-06	-1.965180e-08	-4.746267e+01	-1.285670e+03
1.000000e-08	-6.699124e-06	-1.964833e-08	-4.743573e+01	-1.285191e+03
2.000000e-08	-6.693136e-06	-1.964151e-08	-4.739333e+01	-1.284534e+03
3.000000e-08	-6.685100e-06	-1.963053e-08	-4.733643e+01	-1.283677e+03
4.000000e-08	-6.674767e-06	-1.961255e-08	-4.726326e+01	-1.282598e+03
5.000000e-08	-6.661932e-06	-1.958779e-08	-4.717238e+01	-1.281278e+03
6.000000e-08	-6.646646e-06	-1.956363e-08	-4.706414e+01	-1.279711e+03
7.000000e-08	-6.629080e-06	-1.953145e-08	-4.693976e+01	-1.277910e+03
8.000000e-08	-6.609372e-06	-1.949147e-08	-4.680021e+01	-1.275907e+03
9.000000e-08	-6.587209e-06	-1.950897e-08	-4.664328e+01	-1.273751e+03
1.000000e-07	-6.562357e-06	-1.949047e-08	-4.646730e+01	-1.271495e+03
1.100000e-07	-6.534917e-06	-1.941232e-08	-4.627300e+01	-1.269191e+03
1.200000e-07	-6.505265e-06	-1.935418e-08	-4.606304e+01	-1.266872e+03
1.300000e-07	-6.473868e-06	-1.930538e-08	-4.584072e+01	-1.264549e+03
1.400000e-07	-6.440662e-06	-1.920786e-08	-4.560559e+01	-1.262201e+03
1.500000e-07	-6.405323e-06	-1.923201e-08	-4.535536e+01	-1.259780e+03
1.600000e-07	-6.367906e-06	-1.922005e-08	-4.509041e+01	-1.257214e+03
1.700000e-07	-6.328470e-06	-1.910030e-08	-4.481117e+01	-1.254425e+03
1.800000e-07	-6.286667e-06	-1.911036e-08	-4.451517e+01	-1.251333e+03
1.900000e-07	-6.242452e-06	-1.900758e-08	-4.420209e+01	-1.247876e+03
2.000000e-07	-6.196012e-06	-1.892675e-08	-4.387326e+01	-1.244017e+03
2.100000e-07	-6.147127e-06	-1.890520e-08	-4.352710e+01	-1.239747e+03
2.200000e-07	-6.095574e-06	-1.882202e-08	-4.316206e+01	-1.235086e+03
2.300000e-07	-6.041512e-06	-1.877476e-08	-4.277925e+01	-1.230073e+03
2.400000e-07	-5.985215e-06	-1.866738e-08	-4.238062e+01	-1.224761e+03
2.500000e-07	-5.926642e-06	-1.856490e-08	-4.196588e+01	-1.219203e+03
2.600000e-07	-5.865829e-06	-1.848460e-08	-4.153526e+01	-1.213444e+03
2.700000e-07	-5.802969e-06	-1.836569e-08	-4.109016e+01	-1.207511e+03
2.800000e-07	-5.737996e-06	-1.829149e-08	-4.063009e+01	-1.201413e+03
2.900000e-07	-5.670781e-06	-1.820730e-08	-4.015415e+01	-1.195140e+03
3.000000e-07	-5.601440e-06	-1.813153e-08	-3.966315e+01	-1.188672e+03
3.100000e-07	-5.530083e-06	-1.802760e-08	-3.915788e+01	-1.181979e+03
3.200000e-07	-5.456628e-06	-1.791112e-08	-3.863776e+01	-1.175033e+03
3.300000e-07	-5.380927e-06	-1.779622e-08	-3.810173e+01	-1.167811e+03
3.400000e-07	-5.303054e-06	-1.764520e-08	-3.755032e+01	-1.160300e+03
3.500000e-07	-5.223103e-06	-1.753765e-08	-3.698419e+01	-1.152494e+03
3.600000e-07	-5.141116e-06	-1.742235e-08	-3.640365e+01	-1.144398e+03
3.700000e-07	-5.057381e-06	-1.730988e-08	-3.581073e+01	-1.136018e+03
3.800000e-07	-4.972051e-06	-1.718576e-08	-3.520653e+01	-1.127363e+03
3.900000e-07	-4.885121e-06	-1.703131e-08	-3.459099e+01	-1.118438e+03
4.000000e-07	-4.796543e-06	-1.687264e-08	-3.396377e+01	-1.109243e+03
4.100000e-07	-4.706260e-06	-1.672131e-08	-3.332449e+01	-1.099775e+03
4.200000e-07	-4.614333e-06	-1.659139e-08	-3.267356e+01	-1.090022e+03
4.300000e-07	-4.520796e-06	-1.645149e-08	-3.201124e+01	-1.079974e+03
4.400000e-07	-4.425679e-06	-1.630703e-08	-3.133773e+01	-1.069615e+03
4.500000e-07	-4.328995e-06	-1.613874e-08	-3.065312e+01	-1.058933e+03
4.600000e-07	-4.230741e-06	-1.594881e-08	-2.995739e+01	-1.047920e+03
4.700000e-07	-4.130897e-06	-1.576165e-08	-2.925041e+01	-1.036569e+03
4.800000e-07	-4.029563e-06	-1.558778e-08	-2.853288e+01	-1.024875e+03
4.900000e-07	-3.926842e-06	-1.541829e-08	-2.780552e+01	-1.012838e+03
5.000000e-07	-3.822669e-06	-1.523209e-08	-2.706788e+01	-1.000456e+03
5.100000e-07	-3.717060e-06	-1.504032e-08	-2.632007e+01	-9.877273e+02
5.200000e-07	-3.610048e-06	-1.484455e-08	-2.556234e+01	-9.746471e+02
5.300000e-07	-3.501699e-06	-1.462956e-08	-2.479513e+01	-9.612081e+02
5.400000e-07	-3.392127e-06	-1.440460e-08	-2.401926e+01	-9.474001e+02
5.500000e-07	-3.281386e-06	-1.418913e-08	-2.323512e+01	-9.332101e+02
5.600000e-07	-3.169359e-06	-1.397238e-08	-2.244187e+01	-9.186237e+02
5.700000e-07	-3.056012e-06	-1.374497e-08	-2.163927e+01	-9.036262e+02
5.800000e-07	-2.941408e-06	-1.351621e-08	-2.082777e+01	-8.882040e+02
5.900000e-07	-2.825469e-06	-1.328066e-08	-2.000682e+01	-8.723455e+02
6.000000e-07	-2.708352e-06	-1.302132e-08	-1.917753e+01	-8.560420e+02
6.100000e-07	-2.590300e-06	-1.275007e-08	-1.834162e+01	-8.392870e+02
6.200000e-07	-2.471342e-06	-1.248649e-08	-1.749929e+01	-8.220764e+02
6.300000e-07	-2.351441e-06	-1.222335e-08	-1.665029e+01	-8.044060e+02
6.400000e-07	-2.230637e-06	-1.195048e-08	-1.579488e+01	-7.862710e+02
6.500000e-07	-2.109064e-06	-1.167143e-08	-1.493404e+01	-7.676635e+02
6.600000e-07	-1.986823e-06	-1.138356e-08	-1.406846e+01	-7.485720e+02
6.700000e-07	-1.863898e-06	-1.107660e-08	-1.319805e+01	-7.289811e+02
6.800000e-07	-1.740149e-06	-1.076073e-08	-1.232179e+01	-7.088722e+02
6.900000e-07	-1.615674e-06	-1.044830e-08	-1.144040e+01	-6.882254e+02
7.000000e-07	-1.490682e-06	-1.013063e-08	-1.055535e+01	-6.670215e+02
7.100000e-07	-1.365342e-06	-9.799222e-09	-9.667832e+00	-6.452448e+02
7.200000e-07	-1.239683e-06	-9.459370e-09	-8.778052e+00	-6.228848e+02
7.300000e-07	-1.113634e-06	-9.111961e-09	-7.885516e+00	-5.999373e+02
7.400000e-07	-9.872272e-07	-8.750414e-09	-6.990443e+00	-5.764035e+02
7.500000e-07	-8.604798e-07	-8.378346e-09	-6.092959e+00	-5.522888e+02
7.600000e-07	-7.334382e-07	-8.001840e-09	-5.193392e+00	-5.275998e+02
7.700000e-07	-6.061790e-07	-7.617235e-09	-4.292284e+00	-5.023417e+02
7.800000e-07	-4.787180e-07	-7.222877e-09	-3.389748e+00	-4.765151e+02
7.900000e-07	-3.510647e-07	-6.823324e-09	-2.485849e+00	-4.501144e+02
8.000000e-07	-2.232095e-07	-6.415645e-09	-1.580521e+00	-4.231272e+02
8.100000e-07	-9.521971e-08	-5.993780e-09	-6.742398e-01	-3.955338e+02
8.200000e-07	3.285520e-08	-5.559754e-09	2.326439e-01	-3.673083e+02
8.300000e-07	1.609754e-07	-5.120574e-09	1.139848e+00	-3.384179e+02
8.400000e-07	2.890498e-07	-4.670814e-09	2.046728e+00	-3.088220e+02
8.500000e-07	4.170526e-07	-4.207232e-09	2.953101e+00	-2.784701e+02
8.600000e-07	5.448866e-07	-3.736584e-09	3.858279e+00	-2.472976e+02
8.700000e-07	6.724492e-07	-3.254032e-09	4.761536e+00	-2.152232e+02
8.800000e-07	7.997833e-07	-2.748600e-09	5.663174e+00	-1.821460e+02
8.900000e-07	9.269140e-07	-2.220433e-09	6.563372e+00	-1.479470e+02
9.000000e-07	1.053729e-06	-1.677303e-09	7.461336e+00	-1.124948e+02
9.100000e-07	1.180144e-06	-1.118209e-09	8.356467e+00	-7.565675e+01
9.200000e-07	1.306184e-06	-5.385786e-10	9.248942e+00	-3.731552e+01
9.300000e-07	1.431874e-06	6.474602e-11	1.013894e+01	2.610985e+00
9.400000e-07	1.557141e-06	6.934051e-10	1.102594e+01	4.414850e+01
9.500000e-07	1.681883e-06	1.350470e-09	1.190922e+01	8.724789e+01
9.600000e-07	1.806061e-06	2.032031e-09	1.278851e+01	1.317726e+02
9.700000e-07	1.929616e-06	2.730463e-09	1.366339e+01	1.774949e+02
9.800000e-07	2.052335e-06	3.440276e-09	1.453235e+01	2.241028e+02
9.900000e-07	2.174243e-06	4.156883e-09	1.539557e+01	2.712172e+02
1.000000e-06	2.295435e-06	4.875456e-09	1.625371e+01	3.184172e+02
1.010000e-06	2.415671e-06	5.588220e-09	1.710509e+01	3.652709e+02
1.020000e-06	2.534915e-06	6.289561e-09	1.794944e+01	4.113664e+02
1.030000e-06	2.653224e-06	6.971531e-09	1.878718e+01	4.563394e+02
1.040000e-06	2.770572e-06	7.632001e-09	1.961811e+01	4.998934e+02
1.050000e-06	2.886927e-06	8.270298e-09	2.044200e+01	5.418103e+02
1.060000e-06	3.002140e-06	8.878604e-09	2.125781e+01	5.819510e+02
1.070000e-06	3.116096e-06	9.457421e-09	2.206472e+01	6.202482e+02
1.080000e-06	3.228719e-06	1.000822e-08	2.286219e+01	6.566921e+02
1.090000e-06	3.340058e-06	1.053506e-08	2.365057e+01	6.913147e+02
1.100000e-06	3.450292e-06	1.103769e-08	2.443112e+01	7.241739e+02
1.110000e-06	3.559502e-06	1.151260e-08	2.520442e+01	7.553408e+02
1.120000e-06	3.667589e-06	1.196126e-08	2.596978e+01	7.848919e+02
1.130000e-06	3.774417e-06	1.238401e-08	2.672621e+01	8.129048e+02
1.140000e-06	3.879825e-06	1.278313e-08	2.747259e+01	8.394579e+02
1.150000e-06	3.983760e-06	1.316366e-08	2.820855e+01	8.646312e+02
1.160000e-06	4.086257e-06	1.352802e-08	2.893432e+01	8.885071e+02
1.170000e-06	4.187382e-06	1.387249e-08	2.965038e+01	9.111703e+02
1.180000e-06	4.287159e-06	1.419946e-08	3.035688e+01	9.327052e+02
1.190000e-06	4.385359e-06	1.451123e-08	3.105223e+01	9.531927e+02
1.200000e-06	4.481744e-06	1.480844e-08	3.173472e+01	9.727057e+02
1.210000e-06	4.576418e-06	1.509160e-08	3.240509e+01	9.913060e+02
1.220000e-06	4.669600e-06	1.536097e-08	3.306490e+01	1.009043e+03
1.230000e-06	4.761340e-06	1.561720e-08	3.371450e+01	1.025955e+03
1.240000e-06	4.851445e-06	1.586015e-08	3.435252e+01	1.042072e+03
1.250000e-06	4.939696e-06	1.609109e-08	3.497742e+01	1.057419e+03
1.260000e-06	5.026138e-06	1.631126e-08	3.558951e+01	1.072024e+03
1.270000e-06	5.110873e-06	1.652054e-08	3.618950e+01	1.085918e+03
1.280000e-06	5.193866e-06	1.671844e-08	3.677717e+01	1.099138e+03
1.290000e-06	5.274903e-06	1.690659e-08	3.735098e+01	1.111728e+03
1.300000e-06	5.353893e-06	1.708924e-08	3.791030e+01	1.123730e+03
1.310000e-06	5.430939e-06	1.726667e-08	3.845586e+01	1.135186e+03
1.320000e-06	5.506000e-06	1.743646e-08	3.898736e+01	1.146132e+03
1.330000e-06	5.578919e-06	1.759670e-08	3.950369e+01	1.156592e+03
1.340000e-06	5.649688e-06	1.774717e-08	4.000479e+01	1.166581e+03
1.350000e-06	5.718483e-06	1.788945e-08	4.049192e+01	1.176108e+03
1.360000e-06	5.785250e-06	1.802680e-08	4.096469e+01	1.185175e+03
1.370000e-06	5.849850e-06	1.815975e-08	4.142212e+01	1.193782e+03
1.380000e-06	5.912420e-06	1.828521e-08	4.186517e+01	1.201935e+03
1.390000e-06	5.973096e-06	1.840317e-08	4.229481e+01	1.209644e+03
1.400000e-06	6.031693e-06	1.851457e-08	4.270973e+01	1.216923e+03
1.410000e-06	6.088076e-06	1.862028e-08	4.310897e+01	1.223793e+03
1.420000e-06	6.142281e-06	1.872119e-08	4.349279e+01	1.230274e+03
1.430000e-06	6.194102e-06	1.881694e-08	4.385973e+01	1.236384e+03
1.440000e-06	6.243313e-06	1.890671e-08	4.420818e+01	1.242137e+03
1.450000e-06	6.290093e-06	1.898920e-08	4.453943e+01	1.247543e+03
1.460000e-06	6.334828e-06	1.906509e-08	4.485620e+01	1.252606e+03
1.470000e-06	6.377464e-06	1.913565e-08	4.515809e+01	1.257331e+03
1.480000e-06	6.417696e-06	1.920156e-08	4.544297e+01	1.261721e+03
1.490000e-06	6.455609e-06	1.926341e-08	4.571143e+01	1.265783e+03
1.500000e-06	6.491424e-06	1.932178e-08	4.596503e+01	1.269530e+03
1.510000e-06	6.524919e-06	1.937577e-08	4.620221e+01	1.272978e+03
1.520000e-06	6.555980e-06	1.942641e-08	4.642214e+01	1.276142e+03
1.530000e-06	6.584859e-06	1.947228e-08	4.662664e+01	1.279037e+03
1.540000e-06	6.611525e-06	1.951295e-08	4.681545e+01	1.281672e+03
1.550000e-06	6.635692e-06	1.954909e-08	4.698658e+01	1.284046e+03
1.560000e-06	6.657381e-06	1.958032e-08	4.714015e+01	1.286153e+03
1.570000e-06	6.676862e-06	1.960947e-08	4.727809e+01	1.287983e+03
1.580000e-06	6.693960e-06	1.963397e-08	4.739917e+01	1.289522e+03
1.590000e-06	6.708512e-06	1.965316e-08	4.750221e+01	1.290763e+03
1.600000e-06	6.720616e-06	1.966796e-08	4.758791e+01	1.291709e+03
1.610000e-06	6.730050e-06	1.967908e-08	4.765471e+01	1.292371e+03
1.620000e-06	6.736890e-06	1.968769e-08	4.770315e+01	1.292771e+03
1.630000e-06	6.741429e-06	1.969308e-08	4.773529e+01	1.292939e+03
1.640000e-06	6.743613e-06	1.969386e-08	4.775075e+01	1.292904e+03
1.650000e-06	6.743370e-06	1.969317e-08	4.774903e+01	1.292689e+03
1.660000e-06	6.740846e-06	1.968595e-08	4.773116e+01	1.292305e+03
1.670000e-06	6.736214e-06	1.967340e-08	4.769836e+01	1.291750e+03
1.680000e-06	6.729311e-06	1.966204e-08	4.764948e+01	1.291008e+03
1.690000e-06	6.720177e-06	1.965083e-08	4.758480e+01	1.290057e+03
1.700000e-06	6.708904e-06	1.963609e-08	4.750498e+01	1.288874e+03
1.710000e-06	6.695223e-06	1.961292e-08	4.740811e+01	1.287446e+03
1.720000e-06	6.679230e-06	1.959435e-08	4.729487e+01	1.285774e+03
1.730000e-06	6.661175e-06	1.957808e-08	4.716702e+01	1.283879e+03
1.740000e-06	6.640602e-06	1.949110e-08	4.702134e+01	1.281802e+03
1.750000e-06	6.616839e-06	1.945459e-08	4.685308e+01	1.279595e+03
1.760000e-06	6.590154e-06	1.946147e-08	4.666413e+01	1.277311e+03
1.770000e-06	6.561341e-06	1.941759e-08	4.646010e+01	1.274995e+03
1.780000e-06	6.530702e-06	1.944391e-08	4.624315e+01	1.272673e+03
1.790000e-06	6.498458e-06	1.943216e-08	4.601483e+01	1.270342e+03
1.800000e-06	6.464413e-06	1.929358e-08	4.577377e+01	1.267968e+03
1.810000e-06	6.428096e-06	1.931963e-08	4.551661e+01	1.265492e+03
1.820000e-06	6.389528e-06	1.926360e-08	4.524352e+01	1.262839e+03
1.830000e-06	6.348661e-06	1.920483e-08	4.495414e+01	1.259927e+03
1.840000e-06	6.305601e-06	1.927176e-08	4.464924e+01	1.256683e+03
1.850000e-06	6.260443e-06	1.912004e-08	4.432948e+01	1.253055e+03
1.860000e-06	6.212906e-06	1.909036e-08	4.399288e+01	1.249017e+03
1.870000e-06	6.163078e-06	1.899463e-08	4.364005e+01	1.244573e+03
1.880000e-06	6.110768e-06	1.885964e-08	4.326965e+01	1.239753e+03
1.890000e-06	6.055765e-06	1.889358e-08	4.288018e+01	1.234603e+03
1.900000e-06	5.998526e-06	1.875056e-08	4.247487e+01	1.229178e+03
1.910000e-06	5.939141e-06	1.872410e-08	4.205438e+01	1.223528e+03
1.920000e-06	5.877608e-06	1.864834e-08	4.161867e+01	1.217690e+03
1.930000e-06	5.813895e-06	1.847989e-08	4.116752e+01	1.211684e+03
1.940000e-06	5.747997e-06	1.843956e-08	4.070091e+01	1.205511e+03
1.950000e-06	5.679977e-06	1.827811e-08	4.021927e+01	1.199156e+03
1.960000e-06	5.609658e-06	1.821622e-08	3.972135e+01	1.192593e+03
1.970000e-06	5.537175e-06	1.809700e-08	3.920810e+01	1.185792e+03
1.980000e-06	5.462691e-06	1.801023e-08	3.868069e+01	1.178729e+03
1.990000e-06	5.386130e-06	1.794331e-08	3.813857e+01	1.171382e+03
2.000000e-06	5.307429e-06	1.776806e-08	3.758130e+01	1.163743e+03
2.010000e-06	5.226745e-06	1.767450e-08	3.700998e+01	1.155810e+03
2.020000e-06	5.144302e-06	1.750365e-08	3.642622e+01	1.147589e+03
2.030000e-06	5.060079e-06	1.739424e-08	3.582984e+01	1.139088e+03
2.040000e-06	4.974036e-06	1.727749e-08	3.522058e+01	1.130315e+03
2.050000e-06	4.886147e-06	1.715698e-08	3.459825e+01	1.121273e+03
2.060000e-06	4.796556e-06	1.703370e-08	3.396386e+01	1.111960e+03
2.070000e-06	4.705359e-06	1.684656e-08	3.331811e+01	1.102369e+03
2.080000e-06	4.612527e-06	1.668342e-08	3.266078e+01	1.092489e+03
2.090000e-06	4.518079e-06	1.650646e-08	3.199200e+01	1.082307e+03
2.100000e-06	4.422005e-06	1.637887e-08	3.131171e+01	1.071809e+03
2.110000e-06	4.324469e-06	1.622064e-08	3.062107e+01	1.060985e+03
2.120000e-06	4.225491e-06	1.606205e-08	2.992022e+01	1.049825e+03
2.130000e-06	4.124977e-06	1.588176e-08	2.920849e+01	1.038326e+03
2.140000e-06	4.022901e-06	1.568754e-08	2.848570e+01	1.026483e+03
2.150000e-06	3.919243e-06	1.549588e-08	2.775171e+01	1.014296e+03
2.160000e-06	3.814161e-06	1.529584e-08	2.700764e+01	1.001764e+03
2.170000e-06	3.707799e-06	1.512035e-08	2.625450e+01	9.888835e+02
2.180000e-06	3.600200e-06	1.492684e-08	2.549260e+01	9.756486e+02
2.190000e-06	3.491331e-06	1.472513e-08	2.472171e+01	9.620509e+02
2.200000e-06	3.381187e-06	1.450707e-08	2.394180e+01	9.480789e+02
2.210000e-06	3.269707e-06	1.429098e-08	2.315242e+01	9.337188e+02
2.220000e-06	3.156961e-06	1.405190e-08	2.235408e+01	9.189561e+02
2.230000e-06	3.043023e-06	1.380924e-08	2.154730e+01	9.037761e+02
2.240000e-06	2.927872e-06	1.357662e-08	2.073193e+01	8.881663e+02
2.250000e-06	2.811482e-06	1.334860e-08	1.990779e+01	8.721160e+02
2.260000e-06	2.693920e-06	1.310431e-08	1.907534e+01	8.556176e+02
2.270000e-06	2.575340e-06	1.284590e-08	1.823569e+01	8.386659e+02
2.280000e-06	2.455740e-06	1.258457e-08	1.738882e+01	8.212567e+02
2.290000e-06	2.335147e-06	1.230339e-08	1.653491e+01	8.033860e+02
2.300000e-06	2.213742e-06	1.201628e-08	1.567526e+01	7.850476e+02
2.310000e-06	2.091686e-06	1.173239e-08	1.481099e+01	7.662324e+02
2.320000e-06	1.969000e-06	1.145023e-08	1.394227e+01	7.469270e+02
2.330000e-06	1.845683e-06	1.114619e-08	1.306907e+01	7.271146e+02
2.340000e-06	1.721701e-06	1.082833e-08	1.219117e+01	7.067756e+02
2.350000e-06	1.597026e-06	1.050655e-08	1.130836e+01	6.858902e+02
2.360000e-06	1.471750e-06	1.018026e-08	1.042129e+01	6.644405e+02
2.370000e-06	1.346049e-06	9.843812e-09	9.531219e+00	6.424128e+02
2.380000e-06	1.220030e-06	9.504883e-09	8.638892e+00	6.197992e+02
2.390000e-06	1.093700e-06	9.162738e-09	7.744364e+00	5.965980e+02
2.400000e-06	9.669834e-07	8.800965e-09	6.847099e+00	5.728125e+02
2.410000e-06	8.398911e-07	8.423764e-09	5.947173e+00	5.484489e+02
2.420000e-06	7.124748e-07	8.035096e-09	5.044953e+00	5.235136e+02
2.430000e-06	5.847712e-07	7.640355e-09	4.140698e+00	4.980101e+02
2.440000e-06	4.568087e-07	7.238486e-09	3.234610e+00	4.719366e+02
2.450000e-06	3.286597e-07	6.833701e-09	2.327202e+00	4.452845e+02
2.460000e-06	2.003516e-07	6.424538e-09	1.418667e+00	4.180383e+02
2.470000e-06	7.188745e-08	6.002491e-09	5.090268e-01	3.901756e+02
2.480000e-06	-5.661959e-08	5.570629e-09	-4.009168e-01	3.616676e+02
2.490000e-06	-1.851151e-07	5.123705e-09	-1.310779e+00	3.324784e+02
2.500000e-06	-3.135629e-07	4.660427e-09	-2.220303e+00	3.025634e+02
2.510000e-06	-4.418890e-07	4.183980e-09	-3.128965e+00	2.718666e+02
2.520000e-06	-5.700658e-07	3.698837e-09	-4.036571e+00	2.403167e+02
2.530000e-06	-6.980215e-07	3.203843e-09	-4.942611e+00	2.078240e+02
2.540000e-06	-8.256936e-07	2.691018e-09	-5.846642e+00	1.742796e+02
2.550000e-06	-9.530310e-07	2.162578e-09	-6.748303e+00	1.395580e+02
2.560000e-06	-1.079941e-06	1.613690e-09	-7.646937e+00	1.035257e+02
2.570000e-06	-1.206453e-06	1.038025e-09	-8.542754e+00	6.605423e+01
2.580000e-06	-1.332586e-06	4.396404e-10	-9.435887e+00	2.703885e+01
2.590000e-06	-1.458329e-06	-1.792451e-10	-1.032626e+01	-1.358090e+01
2.600000e-06	-1.583561e-06	-8.220793e-10	-1.121302e+01	-5.580068e+01
2.610000e-06	-1.708070e-06	-1.491705e-09	-1.209465e+01	-9.953496e+01
2.620000e-06	-1.831807e-06	-2.185021e-09	-1.297081e+01	-1.446080e+02
2.630000e-06	-1.954779e-06	-2.894220e-09	-1.384156e+01	-1.907544e+02
2.640000e-06	-2.077044e-06	-3.614086e-09	-1.470731e+01	-2.376309e+02
2.650000e-06	-2.198622e-06	-4.338678e-09	-1.556819e+01	-2.848369e+02
2.660000e-06	-2.319427e-06	-5.057434e-09	-1.642359e+01	-3.319428e+02
2.670000e-06	-2.439377e-06	-5.765554e-09	-1.727295e+01	-3.785218e+02
2.680000e-06	-2.558351e-06	-6.461548e-09	-1.811539e+01	-4.241792e+02
2.690000e-06	-2.676303e-06	-7.140442e-09	-1.895060e+01	-4.685780e+02
2.700000e-06	-2.793158e-06	-7.796607e-09	-1.977803e+01	-5.114543e+02
2.710000e-06	-2.908738e-06	-8.428381e-09	-2.059644e+01	-5.526245e+02
2.720000e-06	-3.023068e-06	-9.036761e-09	-2.140600e+01	-5.919816e+02
2.730000e-06	-3.136218e-06	-9.616951e-09	-2.220720e+01	-6.294849e+02
2.740000e-06	-3.248119e-06	-1.016613e-08	-2.299956e+01	-6.651445e+02
2.750000e-06	-3.358635e-06	-1.068404e-08	-2.378211e+01	-6.990052e+02
2.760000e-06	-3.467887e-06	-1.117108e-08	-2.455571e+01	-7.311320e+02
2.770000e-06	-3.576154e-06	-1.163349e-08	-2.532234e+01	-7.615989e+02
2.780000e-06	-3.683361e-06	-1.207405e-08	-2.608146e+01	-7.904832e+02
2.790000e-06	-3.789340e-06	-1.249335e-08	-2.683189e+01	-8.178628e+02
2.800000e-06	-3.894022e-06	-1.289354e-08	-2.757312e+01	-8.438166e+02
2.810000e-06	-3.997272e-06	-1.327460e-08	-2.830422e+01	-8.684256e+02
2.820000e-06	-4.098994e-06	-1.363543e-08	-2.902451e+01	-8.917733e+02
2.830000e-06	-4.199170e-06	-1.397527e-08	-2.973385e+01	-9.139447e+02
2.840000e-06	-4.297909e-06	-1.429804e-08	-3.043300e+01	-9.350232e+02
2.850000e-06	-4.395284e-06	-1.460689e-08	-3.112250e+01	-9.550866e+02
2.860000e-06	-4.491216e-06	-1.490054e-08	-3.180179e+01	-9.742036e+02
2.870000e-06	-4.585479e-06	-1.517836e-08	-3.246925e+01	-9.924307e+02
2.880000e-06	-4.678021e-06	-1.544130e-08	-3.312453e+01	-1.009812e+03
2.890000e-06	-4.768881e-06	-1.569298e-08	-3.376790e+01	-1.026382e+03
2.900000e-06	-4.858030e-06	-1.593602e-08	-3.439915e+01	-1.042168e+03
2.910000e-06	-4.945379e-06	-1.617041e-08	-3.501766e+01	-1.057195e+03
2.920000e-06	-5.030781e-06	-1.639364e-08	-3.562238e+01	-1.071493e+03
2.930000e-06	-5.114384e-06	-1.660741e-08	-3.621437e+01	-1.085095e+03
2.940000e-06	-5.196267e-06	-1.681032e-08	-3.679417e+01	-1.098042e+03
2.950000e-06	-5.276303e-06	-1.699845e-08	-3.736090e+01	-1.110376e+03
2.960000e-06	-5.354239e-06	-1.717619e-08	-3.791275e+01	-1.122142e+03
2.970000e-06	-5.429987e-06	-1.734625e-08	-3.844911e+01	-1.133378e+03
2.980000e-06	-5.503701e-06	-1.750990e-08	-3.897108e+01	-1.144114e+03
2.990000e-06	-5.575462e-06	-1.766501e-08	-3.947921e+01	-1.154373e+03
3.000000e-06	-5.645120e-06	-1.781378e-08	-3.997245e+01	-1.164166e+03
3.010000e-06	-5.712668e-06	-1.795840e-08	-4.045075e+01	-1.173498e+03
3.020000e-06	-5.778296e-06	-1.809513e-08	-4.091546e+01	-1.182369e+03
3.030000e-06	-5.841971e-06	-1.822232e-08	-4.136633e+01	-1.190783e+03
3.040000e-06	-5.903508e-06	-1.834201e-08	-4.180206e+01	-1.198746e+03
3.050000e-06	-5.962885e-06	-1.845726e-08	-4.222250e+01	-1.206270e+03
3.060000e-06	-6.020246e-06	-1.856648e-08	-4.262867e+01	-1.213374e+03
3.070000e-06	-6.075551e-06	-1.866722e-08	-4.302028e+01	-1.220076e+03
3.080000e-06	-6.128522e-06	-1.876203e-08	-4.339536e+01	-1.226398e+03
3.090000e-06	-6.178983e-06	-1.885152e-08	-4.375267e+01	-1.232355e+03
3.100000e-06	-6.226859e-06	-1.893561e-08	-4.409168e+01	-1.237961e+03
3.110000e-06	-6.272405e-06	-1.901680e-08	-4.441418e+01	-1.243222e+03
3.120000e-06	-6.316000e-06	-1.909472e-08	-4.472287e+01	-1.248142e+03
3.130000e-06	-6.357607e-06	-1.916564e-08	-4.501749e+01	-1.252724e+03
3.140000e-06	-6.397065e-06	-1.923019e-08	-4.529688e+01	-1.256974e+03
3.150000e-06	-6.434172e-06	-1.928997e-08	-4.555963e+01	-1.260902e+03
3.160000e-06	-6.468953e-06	-1.934502e-08	-4.580592e+01	-1.264520e+03
3.170000e-06	-6.501546e-06	-1.939621e-08	-4.603670e+01	-1.267847e+03
3.180000e-06	-6.531738e-06	-1.944103e-08	-4.625049e+01	-1.270896e+03
3.190000e-06	-6.559486e-06	-1.948050e-08	-4.644697e+01	-1.273681e+03
3.200000e-06	-6.585004e-06	-1.951736e-08	-4.662766e+01	-1.276206e+03
3.210000e-06	-6.608176e-06	-1.955200e-08	-4.679174e+01	-1.278469e+03
3.220000e-06	-6.628865e-06	-1.958236e-08	-4.693823e+01	-1.280461e+03
3.230000e-06	-6.647234e-06	-1.960869e-08	-4.706831e+01	-1.282169e+03
3.240000e-06	-6.663321e-06	-1.962921e-08	-4.718222e+01	-1.283583e+03
3.250000e-06	-6.676696e-06	-1.964449e-08	-4.727692e+01	-1.284699e+03
3.260000e-06	-6.687363e-06	-1.965774e-08	-4.735245e+01	-1.285523e+03
3.270000e-06	-6.695723e-06	-1.966736e-08	-4.741165e+01	-1.286071e+03
3.280000e-06	-6.701674e-06	-1.966987e-08	-4.745379e+01	-1.286371e+03
3.290000e-06	-6.705185e-06	-1.966775e-08	-4.747865e+01	-1.286450e+03
3.300000e-06	-6.706430e-06	-1.966452e-08	-4.748746e+01	-1.286338e+03
3.310000e-06	-6.705375e-06	-1.965864e-08	-4.747999e+01	-1.286051e+03
