# Temperatura_=_33.78
# Concentracion g/m^3_=_24000.0
# C_Vs_to_Am_M_A/Vsm_=_65563218390.804596
# pendiente_HvsI_1/m_=_3716.3
# ordenada_HvsI_A/m_=_1297.0
# frecuencia_Hz_=_302059.80625904724

Tiempo_(s)	Campo_(V.s)	Magnetizacion_(V.s)	Campo_(kA/m)	Magnetizacion_(A/m)
0.000000e+00	-6.607637e-06	-2.010839e-08	-4.744415e+01	-1.317993e+03
1.000000e-08	-6.605303e-06	-2.010616e-08	-4.742740e+01	-1.317567e+03
2.000000e-08	-6.600725e-06	-2.009485e-08	-4.739452e+01	-1.316930e+03
3.000000e-08	-6.594123e-06	-2.008150e-08	-4.734712e+01	-1.316085e+03
4.000000e-08	-6.585350e-06	-2.006551e-08	-4.728413e+01	-1.315032e+03
5.000000e-08	-6.574173e-06	-2.004313e-08	-4.720388e+01	-1.313774e+03
6.000000e-08	-6.560556e-06	-2.001419e-08	-4.710610e+01	-1.312315e+03
7.000000e-08	-6.544552e-06	-1.997471e-08	-4.699119e+01	-1.310662e+03
8.000000e-08	-6.526436e-06	-1.996106e-08	-4.686111e+01	-1.308824e+03
9.000000e-08	-6.506230e-06	-1.999733e-08	-4.671603e+01	-1.306812e+03
1.000000e-07	-6.483518e-06	-1.995470e-08	-4.655296e+01	-1.304633e+03
1.100000e-07	-6.458070e-06	-1.987420e-08	-4.637023e+01	-1.302293e+03
1.200000e-07	-6.430142e-06	-1.984112e-08	-4.616970e+01	-1.299790e+03
1.300000e-07	-6.400211e-06	-1.976900e-08	-4.595480e+01	-1.297116e+03
1.400000e-07	-6.368603e-06	-1.966498e-08	-4.572784e+01	-1.294256e+03
1.500000e-07	-6.335102e-06	-1.973706e-08	-4.548730e+01	-1.291190e+03
1.600000e-07	-6.299483e-06	-1.969519e-08	-4.523155e+01	-1.287894e+03
1.700000e-07	-6.261902e-06	-1.955213e-08	-4.496171e+01	-1.284347e+03
1.800000e-07	-6.222125e-06	-1.960669e-08	-4.467610e+01	-1.280533e+03
1.900000e-07	-6.179935e-06	-1.946074e-08	-4.437317e+01	-1.276440e+03
2.000000e-07	-6.135510e-06	-1.934727e-08	-4.405419e+01	-1.272068e+03
2.100000e-07	-6.088888e-06	-1.935350e-08	-4.371943e+01	-1.267423e+03
2.200000e-07	-6.039793e-06	-1.926288e-08	-4.336692e+01	-1.262516e+03
2.300000e-07	-5.988079e-06	-1.922522e-08	-4.299560e+01	-1.257360e+03
2.400000e-07	-5.933938e-06	-1.913198e-08	-4.260686e+01	-1.251970e+03
2.500000e-07	-5.877560e-06	-1.901965e-08	-4.220206e+01	-1.246354e+03
2.600000e-07	-5.818939e-06	-1.892017e-08	-4.178115e+01	-1.240513e+03
2.700000e-07	-5.758135e-06	-1.880284e-08	-4.134456e+01	-1.234446e+03
2.800000e-07	-5.695338e-06	-1.874055e-08	-4.089366e+01	-1.228142e+03
2.900000e-07	-5.630437e-06	-1.864658e-08	-4.042766e+01	-1.221591e+03
3.000000e-07	-5.563302e-06	-1.854998e-08	-3.994562e+01	-1.214781e+03
3.100000e-07	-5.494048e-06	-1.842092e-08	-3.944836e+01	-1.207703e+03
3.200000e-07	-5.422817e-06	-1.829678e-08	-3.893691e+01	-1.200353e+03
3.300000e-07	-5.349565e-06	-1.820100e-08	-3.841094e+01	-1.192731e+03
3.400000e-07	-5.274100e-06	-1.806348e-08	-3.786909e+01	-1.184841e+03
3.500000e-07	-5.196450e-06	-1.795164e-08	-3.731155e+01	-1.176687e+03
3.600000e-07	-5.116687e-06	-1.782745e-08	-3.673884e+01	-1.168274e+03
3.700000e-07	-5.035039e-06	-1.770082e-08	-3.615259e+01	-1.159604e+03
3.800000e-07	-4.951776e-06	-1.756556e-08	-3.555474e+01	-1.150675e+03
3.900000e-07	-4.866979e-06	-1.741355e-08	-3.494588e+01	-1.141477e+03
4.000000e-07	-4.780635e-06	-1.726744e-08	-3.432591e+01	-1.132000e+03
4.100000e-07	-4.692677e-06	-1.710775e-08	-3.369436e+01	-1.122230e+03
4.200000e-07	-4.603001e-06	-1.695848e-08	-3.305047e+01	-1.112153e+03
4.300000e-07	-4.511653e-06	-1.681263e-08	-3.239457e+01	-1.101757e+03
4.400000e-07	-4.418754e-06	-1.666035e-08	-3.172753e+01	-1.091034e+03
4.500000e-07	-4.324318e-06	-1.648408e-08	-3.104947e+01	-1.079979e+03
4.600000e-07	-4.228357e-06	-1.628925e-08	-3.036045e+01	-1.068590e+03
4.700000e-07	-4.130806e-06	-1.610068e-08	-2.966002e+01	-1.056870e+03
4.800000e-07	-4.031685e-06	-1.591767e-08	-2.894831e+01	-1.044818e+03
4.900000e-07	-3.931107e-06	-1.574249e-08	-2.822613e+01	-1.032433e+03
5.000000e-07	-3.829180e-06	-1.556219e-08	-2.749428e+01	-1.019712e+03
5.100000e-07	-3.725927e-06	-1.536750e-08	-2.675290e+01	-1.006649e+03
5.200000e-07	-3.621304e-06	-1.515047e-08	-2.600168e+01	-9.932322e+02
5.300000e-07	-3.515284e-06	-1.492317e-08	-2.524044e+01	-9.794517e+02
5.400000e-07	-3.407911e-06	-1.470432e-08	-2.446948e+01	-9.652947e+02
5.500000e-07	-3.299300e-06	-1.448595e-08	-2.368963e+01	-9.507495e+02
5.600000e-07	-3.189481e-06	-1.425868e-08	-2.290111e+01	-9.358059e+02
5.700000e-07	-3.078468e-06	-1.402177e-08	-2.210402e+01	-9.204554e+02
5.800000e-07	-2.966289e-06	-1.378032e-08	-2.129855e+01	-9.046914e+02
5.900000e-07	-2.852864e-06	-1.353138e-08	-2.048413e+01	-8.885081e+02
6.000000e-07	-2.738163e-06	-1.327678e-08	-1.966056e+01	-8.719005e+02
6.100000e-07	-2.622295e-06	-1.301812e-08	-1.882860e+01	-8.548631e+02
6.200000e-07	-2.505438e-06	-1.275093e-08	-1.798955e+01	-8.373892e+02
6.300000e-07	-2.387727e-06	-1.247725e-08	-1.714435e+01	-8.194710e+02
6.400000e-07	-2.269152e-06	-1.219841e-08	-1.629297e+01	-8.010996e+02
6.500000e-07	-2.149787e-06	-1.191497e-08	-1.543590e+01	-7.822646e+02
6.600000e-07	-2.029696e-06	-1.161860e-08	-1.457362e+01	-7.629550e+02
6.700000e-07	-1.908879e-06	-1.130912e-08	-1.370613e+01	-7.431590e+02
6.800000e-07	-1.787287e-06	-1.099507e-08	-1.283308e+01	-7.228647e+02
6.900000e-07	-1.664917e-06	-1.067825e-08	-1.195444e+01	-7.020602e+02
7.000000e-07	-1.541926e-06	-1.035749e-08	-1.107133e+01	-6.807340e+02
7.100000e-07	-1.418441e-06	-1.003014e-08	-1.018469e+01	-6.588755e+02
7.200000e-07	-1.294545e-06	-9.690263e-09	-9.295092e+00	-6.364751e+02
7.300000e-07	-1.170254e-06	-9.335864e-09	-8.402656e+00	-6.135252e+02
7.400000e-07	-1.045551e-06	-8.973386e-09	-7.507267e+00	-5.900201e+02
7.500000e-07	-9.205229e-07	-8.606792e-09	-6.609539e+00	-5.659566e+02
7.600000e-07	-7.952521e-07	-8.234971e-09	-5.710069e+00	-5.413333e+02
7.700000e-07	-6.697237e-07	-7.852151e-09	-4.808750e+00	-5.161504e+02
7.800000e-07	-5.439966e-07	-7.460362e-09	-3.906005e+00	-4.904085e+02
7.900000e-07	-4.181259e-07	-7.059128e-09	-3.002228e+00	-4.641078e+02
8.000000e-07	-2.921140e-07	-6.644660e-09	-2.097437e+00	-4.372457e+02
8.100000e-07	-1.659579e-07	-6.223557e-09	-1.191611e+00	-4.098161e+02
8.200000e-07	-3.967213e-08	-5.798662e-09	-2.848538e-01	-3.818071e+02
8.300000e-07	8.665861e-08	-5.366667e-09	6.222262e-01	-3.531993e+02
8.400000e-07	2.129459e-07	-4.922164e-09	1.528994e+00	-3.239641e+02
8.500000e-07	3.391387e-07	-4.468567e-09	2.435084e+00	-2.940615e+02
8.600000e-07	4.652692e-07	-4.005215e-09	3.340726e+00	-2.634381e+02
8.700000e-07	5.913269e-07	-3.525218e-09	4.245846e+00	-2.320260e+02
8.800000e-07	7.172137e-07	-3.029154e-09	5.149737e+00	-1.997415e+02
8.900000e-07	8.428546e-07	-2.520163e-09	6.051865e+00	-1.664868e+02
9.000000e-07	9.682431e-07	-1.996987e-09	6.952179e+00	-1.321532e+02
9.100000e-07	1.093335e-06	-1.454195e-09	7.850361e+00	-9.662788e+01
9.200000e-07	1.218072e-06	-8.946468e-10	8.746000e+00	-5.980298e+01
9.300000e-07	1.342426e-06	-3.184602e-10	9.638885e+00	-2.158874e+01
9.400000e-07	1.466341e-06	2.821193e-10	1.052862e+01	1.807228e+01
9.500000e-07	1.589784e-06	9.111042e-10	1.141497e+01	5.919047e+01
9.600000e-07	1.712665e-06	1.561796e-09	1.229728e+01	1.017162e+02
9.700000e-07	1.834830e-06	2.230228e-09	1.317445e+01	1.455309e+02
9.800000e-07	1.956213e-06	2.915823e-09	1.404600e+01	1.904436e+02
9.900000e-07	2.076827e-06	3.613419e-09	1.491203e+01	2.361953e+02
1.000000e-06	2.196617e-06	4.317152e-09	1.577215e+01	2.824697e+02
1.010000e-06	2.315561e-06	5.023556e-09	1.662619e+01	3.289110e+02
1.020000e-06	2.433666e-06	5.729795e-09	1.747421e+01	3.751461e+02
1.030000e-06	2.550947e-06	6.425755e-09	1.831631e+01	4.208082e+02
1.040000e-06	2.667315e-06	7.106152e-09	1.915186e+01	4.655598e+02
1.050000e-06	2.782585e-06	7.767833e-09	1.997952e+01	5.091112e+02
1.060000e-06	2.896609e-06	8.408328e-09	2.079823e+01	5.512332e+02
1.070000e-06	3.009382e-06	9.024795e-09	2.160796e+01	5.917626e+02
1.080000e-06	3.120999e-06	9.613896e-09	2.240940e+01	6.306002e+02
1.090000e-06	3.231513e-06	1.017782e-08	2.320291e+01	6.677035e+02
1.100000e-06	3.340976e-06	1.071468e-08	2.398887e+01	7.030749e+02
1.110000e-06	3.449440e-06	1.122681e-08	2.476767e+01	7.367494e+02
1.120000e-06	3.556825e-06	1.171469e-08	2.553871e+01	7.687813e+02
1.130000e-06	3.662925e-06	1.217857e-08	2.630053e+01	7.992355e+02
1.140000e-06	3.767611e-06	1.261930e-08	2.705220e+01	8.281800e+02
1.150000e-06	3.870860e-06	1.303787e-08	2.779355e+01	8.556829e+02
1.160000e-06	3.972784e-06	1.343731e-08	2.852538e+01	8.818119e+02
1.170000e-06	4.073433e-06	1.381618e-08	2.924806e+01	9.066350e+02
1.180000e-06	4.172691e-06	1.417466e-08	2.996075e+01	9.302214e+02
1.190000e-06	4.270329e-06	1.451434e-08	3.066182e+01	9.526418e+02
1.200000e-06	4.366232e-06	1.483795e-08	3.135042e+01	9.739678e+02
1.210000e-06	4.460529e-06	1.514609e-08	3.202749e+01	9.942691e+02
1.220000e-06	4.553386e-06	1.544004e-08	3.269422e+01	1.013612e+03
1.230000e-06	4.644847e-06	1.572340e-08	3.335093e+01	1.032054e+03
1.240000e-06	4.734672e-06	1.599398e-08	3.399589e+01	1.049645e+03
1.250000e-06	4.822623e-06	1.624954e-08	3.462740e+01	1.066427e+03
1.260000e-06	4.908813e-06	1.649134e-08	3.524626e+01	1.082432e+03
1.270000e-06	4.993408e-06	1.672245e-08	3.585367e+01	1.097687e+03
1.280000e-06	5.076298e-06	1.694393e-08	3.644883e+01	1.112217e+03
1.290000e-06	5.157254e-06	1.715299e-08	3.703012e+01	1.126049e+03
1.300000e-06	5.236247e-06	1.735130e-08	3.759730e+01	1.139211e+03
1.310000e-06	5.313335e-06	1.754168e-08	3.815081e+01	1.151735e+03
1.320000e-06	5.388433e-06	1.772302e-08	3.869003e+01	1.163658e+03
1.330000e-06	5.461407e-06	1.789449e-08	3.921399e+01	1.175014e+03
1.340000e-06	5.532305e-06	1.805775e-08	3.972305e+01	1.185838e+03
1.350000e-06	5.601285e-06	1.821545e-08	4.021835e+01	1.196157e+03
1.360000e-06	5.668363e-06	1.836846e-08	4.069998e+01	1.205993e+03
1.370000e-06	5.733301e-06	1.851456e-08	4.116625e+01	1.215359e+03
1.380000e-06	5.796121e-06	1.865267e-08	4.161731e+01	1.224265e+03
1.390000e-06	5.857059e-06	1.878328e-08	4.205486e+01	1.232711e+03
1.400000e-06	5.916062e-06	1.890672e-08	4.247851e+01	1.240699e+03
1.410000e-06	5.972944e-06	1.902231e-08	4.288693e+01	1.248232e+03
1.420000e-06	6.027647e-06	1.912999e-08	4.327971e+01	1.255316e+03
1.430000e-06	6.080079e-06	1.922995e-08	4.365619e+01	1.261962e+03
1.440000e-06	6.129986e-06	1.932377e-08	4.401452e+01	1.268190e+03
1.450000e-06	6.177400e-06	1.941379e-08	4.435497e+01	1.274020e+03
1.460000e-06	6.222643e-06	1.949992e-08	4.467982e+01	1.279477e+03
1.470000e-06	6.265895e-06	1.957979e-08	4.499038e+01	1.284588e+03
1.480000e-06	6.306896e-06	1.965428e-08	4.528477e+01	1.289376e+03
1.490000e-06	6.345508e-06	1.972460e-08	4.556202e+01	1.293858e+03
1.500000e-06	6.382026e-06	1.978827e-08	4.582423e+01	1.298048e+03
1.510000e-06	6.416364e-06	1.984531e-08	4.607078e+01	1.301953e+03
1.520000e-06	6.448332e-06	1.989927e-08	4.630031e+01	1.305574e+03
1.530000e-06	6.478074e-06	1.995165e-08	4.651387e+01	1.308908e+03
1.540000e-06	6.505648e-06	2.000025e-08	4.671186e+01	1.311947e+03
1.550000e-06	6.530804e-06	2.004290e-08	4.689248e+01	1.314685e+03
1.560000e-06	6.553469e-06	2.007842e-08	4.705522e+01	1.317114e+03
1.570000e-06	6.573936e-06	2.010727e-08	4.720217e+01	1.319231e+03
1.580000e-06	6.592198e-06	2.013316e-08	4.733330e+01	1.321034e+03
1.590000e-06	6.607955e-06	2.015709e-08	4.744644e+01	1.322528e+03
1.600000e-06	6.621187e-06	2.017696e-08	4.754145e+01	1.323721e+03
1.610000e-06	6.631865e-06	2.019158e-08	4.761812e+01	1.324626e+03
1.620000e-06	6.639932e-06	2.020252e-08	4.767604e+01	1.325259e+03
1.630000e-06	6.645651e-06	2.021095e-08	4.771710e+01	1.325634e+03
1.640000e-06	6.649182e-06	2.021430e-08	4.774246e+01	1.325768e+03
1.650000e-06	6.650337e-06	2.021487e-08	4.775075e+01	1.325674e+03
1.660000e-06	6.649070e-06	2.020976e-08	4.774165e+01	1.325360e+03
1.670000e-06	6.645655e-06	2.020198e-08	4.771713e+01	1.324834e+03
1.680000e-06	6.640126e-06	2.019347e-08	4.767743e+01	1.324098e+03
1.690000e-06	6.632355e-06	2.017962e-08	4.762164e+01	1.323155e+03
1.700000e-06	6.622428e-06	2.016200e-08	4.755035e+01	1.322004e+03
1.710000e-06	6.610340e-06	2.014507e-08	4.746357e+01	1.320651e+03
1.720000e-06	6.595856e-06	2.013958e-08	4.735957e+01	1.319099e+03
1.730000e-06	6.579159e-06	2.009906e-08	4.723967e+01	1.317357e+03
1.740000e-06	6.560352e-06	1.999557e-08	4.710464e+01	1.315435e+03
1.750000e-06	6.538730e-06	1.998891e-08	4.694939e+01	1.313343e+03
1.760000e-06	6.513862e-06	1.999032e-08	4.677083e+01	1.311087e+03
1.770000e-06	6.486443e-06	1.994176e-08	4.657395e+01	1.308670e+03
1.780000e-06	6.457148e-06	1.998370e-08	4.636361e+01	1.306088e+03
1.790000e-06	6.426118e-06	1.991413e-08	4.614081e+01	1.303328e+03
1.800000e-06	6.393453e-06	1.976145e-08	4.590627e+01	1.300373e+03
1.810000e-06	6.358832e-06	1.982930e-08	4.565768e+01	1.297202e+03
1.820000e-06	6.322148e-06	1.970544e-08	4.539429e+01	1.293790e+03
1.830000e-06	6.283256e-06	1.962170e-08	4.511503e+01	1.290119e+03
1.840000e-06	6.241919e-06	1.970178e-08	4.481823e+01	1.286174e+03
1.850000e-06	6.198456e-06	1.953545e-08	4.450615e+01	1.281950e+03
1.860000e-06	6.152884e-06	1.952255e-08	4.417894e+01	1.277448e+03
1.870000e-06	6.105056e-06	1.941368e-08	4.383552e+01	1.272678e+03
1.880000e-06	6.054966e-06	1.925903e-08	4.347587e+01	1.267652e+03
1.890000e-06	6.002270e-06	1.927573e-08	4.309750e+01	1.262384e+03
1.900000e-06	5.946994e-06	1.914274e-08	4.270060e+01	1.256887e+03
1.910000e-06	5.889518e-06	1.913253e-08	4.228791e+01	1.251164e+03
1.920000e-06	5.829994e-06	1.903076e-08	4.186052e+01	1.245218e+03
1.930000e-06	5.768446e-06	1.886151e-08	4.141860e+01	1.239040e+03
1.940000e-06	5.704670e-06	1.882416e-08	4.096067e+01	1.232621e+03
1.950000e-06	5.638724e-06	1.866738e-08	4.048716e+01	1.225949e+03
1.960000e-06	5.570661e-06	1.862322e-08	3.999846e+01	1.219014e+03
1.970000e-06	5.500389e-06	1.850185e-08	3.949389e+01	1.211809e+03
1.980000e-06	5.428020e-06	1.839683e-08	3.897427e+01	1.204330e+03
1.990000e-06	5.353689e-06	1.829941e-08	3.844056e+01	1.196581e+03
2.000000e-06	5.277406e-06	1.810341e-08	3.789283e+01	1.188566e+03
2.010000e-06	5.198933e-06	1.800954e-08	3.732938e+01	1.180290e+03
2.020000e-06	5.118385e-06	1.785729e-08	3.675103e+01	1.171756e+03
2.030000e-06	5.036089e-06	1.775309e-08	3.616013e+01	1.162965e+03
2.040000e-06	4.952118e-06	1.761864e-08	3.555719e+01	1.153910e+03
2.050000e-06	4.866402e-06	1.747630e-08	3.494174e+01	1.144583e+03
2.060000e-06	4.778884e-06	1.734770e-08	3.431335e+01	1.134970e+03
2.070000e-06	4.689683e-06	1.715838e-08	3.367286e+01	1.125057e+03
2.080000e-06	4.598926e-06	1.700370e-08	3.302121e+01	1.114831e+03
2.090000e-06	4.506686e-06	1.682973e-08	3.235891e+01	1.104282e+03
2.100000e-06	4.412805e-06	1.668888e-08	3.168482e+01	1.093404e+03
2.110000e-06	4.317270e-06	1.652577e-08	3.099886e+01	1.082192e+03
2.120000e-06	4.220270e-06	1.636203e-08	3.030238e+01	1.070648e+03
2.130000e-06	4.121893e-06	1.618268e-08	2.959602e+01	1.058772e+03
2.140000e-06	4.022164e-06	1.597407e-08	2.887994e+01	1.046564e+03
2.150000e-06	3.920959e-06	1.576758e-08	2.815327e+01	1.034022e+03
2.160000e-06	3.818103e-06	1.556352e-08	2.741474e+01	1.021141e+03
2.170000e-06	3.713724e-06	1.538693e-08	2.666528e+01	1.007913e+03
2.180000e-06	3.608122e-06	1.519452e-08	2.590704e+01	9.943274e+02
2.190000e-06	3.501340e-06	1.499080e-08	2.514032e+01	9.803718e+02
2.200000e-06	3.393380e-06	1.476197e-08	2.436515e+01	9.660342e+02
2.210000e-06	3.284256e-06	1.452513e-08	2.358162e+01	9.513035e+02
2.220000e-06	3.173865e-06	1.428573e-08	2.278899e+01	9.361702e+02
2.230000e-06	3.062188e-06	1.406082e-08	2.198712e+01	9.206266e+02
2.240000e-06	2.949315e-06	1.383289e-08	2.117667e+01	9.046669e+02
2.250000e-06	2.835349e-06	1.358696e-08	2.035837e+01	8.882855e+02
2.260000e-06	2.720298e-06	1.332923e-08	1.953228e+01	8.714773e+02
2.270000e-06	2.604146e-06	1.306136e-08	1.869829e+01	8.542363e+02
2.280000e-06	2.486896e-06	1.278963e-08	1.785641e+01	8.365555e+02
2.290000e-06	2.368488e-06	1.250835e-08	1.700622e+01	8.184264e+02
2.300000e-06	2.249056e-06	1.222671e-08	1.614867e+01	7.998393e+02
2.310000e-06	2.128856e-06	1.193715e-08	1.528561e+01	7.807836e+02
2.320000e-06	2.007959e-06	1.164239e-08	1.441755e+01	7.612479e+02
2.330000e-06	1.886378e-06	1.134131e-08	1.354457e+01	7.412202e+02
2.340000e-06	1.764256e-06	1.103240e-08	1.266771e+01	7.206888e+02
2.350000e-06	1.641633e-06	1.070698e-08	1.178725e+01	6.996417e+02
2.360000e-06	1.518508e-06	1.037020e-08	1.090319e+01	6.780679e+02
2.370000e-06	1.394923e-06	1.003209e-08	1.001583e+01	6.559571e+02
2.380000e-06	1.270870e-06	9.690316e-09	9.125102e+00	6.333007e+02
2.390000e-06	1.146391e-06	9.340771e-09	8.231317e+00	6.100918e+02
2.400000e-06	1.021514e-06	8.978286e-09	7.334673e+00	5.863260e+02
2.410000e-06	8.962902e-07	8.604767e-09	6.435543e+00	5.620009e+02
2.420000e-06	7.708416e-07	8.218448e-09	5.534797e+00	5.371159e+02
2.430000e-06	6.451902e-07	7.828385e-09	4.632595e+00	5.116717e+02
2.440000e-06	5.193137e-07	7.439912e-09	3.728776e+00	4.856687e+02
2.450000e-06	3.931959e-07	7.042551e-09	2.823225e+00	4.591061e+02
2.460000e-06	2.668526e-07	6.627362e-09	1.916055e+00	4.319798e+02
2.470000e-06	1.403505e-07	6.199393e-09	1.007745e+00	4.042813e+02
2.480000e-06	1.375184e-08	5.766564e-09	9.874098e-02	3.759955e+02
2.490000e-06	-1.128682e-07	5.322643e-09	-8.104161e-01	3.470988e+02
2.500000e-06	-2.394576e-07	4.865946e-09	-1.719354e+00	3.175578e+02
2.510000e-06	-3.659465e-07	4.402439e-09	-2.627569e+00	2.873263e+02
2.520000e-06	-4.922759e-07	3.932324e-09	-3.534639e+00	2.563443e+02
2.530000e-06	-6.183704e-07	3.450313e-09	-4.440023e+00	2.245367e+02
2.540000e-06	-7.442216e-07	2.951970e-09	-5.343660e+00	1.918129e+02
2.550000e-06	-8.698843e-07	2.437429e-09	-6.245943e+00	1.580696e+02
2.560000e-06	-9.952422e-07	1.902368e-09	-7.146038e+00	1.231949e+02
2.570000e-06	-1.120196e-06	1.345631e-09	-8.043229e+00	8.707710e+01
2.580000e-06	-1.244726e-06	7.715085e-10	-8.937382e+00	4.961495e+01
2.590000e-06	-1.368792e-06	1.815309e-10	-9.828201e+00	1.073186e+01
2.600000e-06	-1.492363e-06	-4.299292e-10	-1.071546e+01	-2.960954e+01
2.610000e-06	-1.615333e-06	-1.067296e-09	-1.159841e+01	-7.139320e+01
2.620000e-06	-1.737650e-06	-1.728393e-09	-1.247667e+01	-1.145383e+02
2.630000e-06	-1.859383e-06	-2.408726e-09	-1.335074e+01	-1.588925e+02
2.640000e-06	-1.980527e-06	-3.103257e-09	-1.422058e+01	-2.042326e+02
2.650000e-06	-2.100977e-06	-3.807648e-09	-1.508544e+01	-2.502709e+02
2.660000e-06	-2.220624e-06	-4.515463e-09	-1.594453e+01	-2.966704e+02
2.670000e-06	-2.339345e-06	-5.222294e-09	-1.679696e+01	-3.430643e+02
2.680000e-06	-2.457075e-06	-5.924106e-09	-1.764229e+01	-3.890795e+02
2.690000e-06	-2.573722e-06	-6.615915e-09	-1.847984e+01	-4.343600e+02
2.700000e-06	-2.689245e-06	-7.292349e-09	-1.930932e+01	-4.785887e+02
2.710000e-06	-2.803614e-06	-7.949705e-09	-2.013051e+01	-5.215028e+02
2.720000e-06	-2.916812e-06	-8.586075e-09	-2.094330e+01	-5.629034e+02
2.730000e-06	-3.028777e-06	-9.198203e-09	-2.174723e+01	-6.026577e+02
2.740000e-06	-3.139525e-06	-9.784018e-09	-2.254242e+01	-6.406941e+02
2.750000e-06	-3.249197e-06	-1.034250e-08	-2.332988e+01	-6.769925e+02
2.760000e-06	-3.357835e-06	-1.087146e-08	-2.410993e+01	-7.115720e+02
2.770000e-06	-3.465432e-06	-1.137229e-08	-2.488250e+01	-7.444780e+02
2.780000e-06	-3.571851e-06	-1.184798e-08	-2.564660e+01	-7.757709e+02
2.790000e-06	-3.677092e-06	-1.230042e-08	-2.640225e+01	-8.055173e+02
2.800000e-06	-3.781064e-06	-1.273203e-08	-2.714880e+01	-8.337858e+02
2.810000e-06	-3.883501e-06	-1.314422e-08	-2.788431e+01	-8.606442e+02
2.820000e-06	-3.984399e-06	-1.353761e-08	-2.860878e+01	-8.861601e+02
2.830000e-06	-4.083968e-06	-1.391013e-08	-2.932371e+01	-9.104021e+02
2.840000e-06	-4.182252e-06	-1.426246e-08	-3.002941e+01	-9.334400e+02
2.850000e-06	-4.279143e-06	-1.459840e-08	-3.072510e+01	-9.553452e+02
2.860000e-06	-4.374513e-06	-1.491756e-08	-3.140988e+01	-9.761887e+02
2.870000e-06	-4.468243e-06	-1.521961e-08	-3.208288e+01	-9.960388e+02
2.880000e-06	-4.560378e-06	-1.550627e-08	-3.274443e+01	-1.014958e+03
2.890000e-06	-4.650942e-06	-1.577924e-08	-3.339470e+01	-1.033002e+03
2.900000e-06	-4.739842e-06	-1.604114e-08	-3.403301e+01	-1.050214e+03
2.910000e-06	-4.826894e-06	-1.629371e-08	-3.465806e+01	-1.066633e+03
2.920000e-06	-4.912119e-06	-1.653578e-08	-3.527000e+01	-1.082289e+03
2.930000e-06	-4.995653e-06	-1.676573e-08	-3.586979e+01	-1.097206e+03
2.940000e-06	-5.077456e-06	-1.698410e-08	-3.645715e+01	-1.111410e+03
2.950000e-06	-5.157360e-06	-1.719111e-08	-3.703088e+01	-1.124929e+03
2.960000e-06	-5.235164e-06	-1.738718e-08	-3.758952e+01	-1.137792e+03
2.970000e-06	-5.310903e-06	-1.757528e-08	-3.813334e+01	-1.150035e+03
2.980000e-06	-5.384728e-06	-1.775485e-08	-3.866343e+01	-1.161692e+03
2.990000e-06	-5.456606e-06	-1.792308e-08	-3.917952e+01	-1.172799e+03
3.000000e-06	-5.526377e-06	-1.808237e-08	-3.968049e+01	-1.183386e+03
3.010000e-06	-5.594097e-06	-1.823637e-08	-4.016673e+01	-1.193481e+03
3.020000e-06	-5.659914e-06	-1.838405e-08	-4.063931e+01	-1.203099e+03
3.030000e-06	-5.723838e-06	-1.852228e-08	-4.109830e+01	-1.212253e+03
3.040000e-06	-5.785676e-06	-1.865244e-08	-4.154231e+01	-1.220947e+03
3.050000e-06	-5.845336e-06	-1.877598e-08	-4.197068e+01	-1.229182e+03
3.060000e-06	-5.902982e-06	-1.889233e-08	-4.238459e+01	-1.236960e+03
3.070000e-06	-5.958610e-06	-1.900054e-08	-4.278401e+01	-1.244285e+03
3.080000e-06	-6.011880e-06	-1.910395e-08	-4.316650e+01	-1.251166e+03
3.090000e-06	-6.062606e-06	-1.920366e-08	-4.353072e+01	-1.257617e+03
3.100000e-06	-6.110804e-06	-1.929622e-08	-4.387679e+01	-1.263658e+03
3.110000e-06	-6.156796e-06	-1.938203e-08	-4.420703e+01	-1.269314e+03
3.120000e-06	-6.200952e-06	-1.946210e-08	-4.452408e+01	-1.274610e+03
3.130000e-06	-6.243177e-06	-1.953831e-08	-4.482726e+01	-1.279569e+03
3.140000e-06	-6.283243e-06	-1.960893e-08	-4.511494e+01	-1.284215e+03
3.150000e-06	-6.321038e-06	-1.967168e-08	-4.538631e+01	-1.288562e+03
3.160000e-06	-6.356627e-06	-1.973023e-08	-4.564185e+01	-1.292621e+03
3.170000e-06	-6.390032e-06	-1.978662e-08	-4.588171e+01	-1.296396e+03
3.180000e-06	-6.421052e-06	-1.984031e-08	-4.610444e+01	-1.299886e+03
3.190000e-06	-6.449618e-06	-1.988883e-08	-4.630955e+01	-1.303086e+03
3.200000e-06	-6.475941e-06	-1.993332e-08	-4.649855e+01	-1.305988e+03
3.210000e-06	-6.500046e-06	-1.997327e-08	-4.667163e+01	-1.308585e+03
3.220000e-06	-6.521768e-06	-2.000781e-08	-4.682760e+01	-1.310871e+03
3.230000e-06	-6.541159e-06	-2.003965e-08	-4.696683e+01	-1.312843e+03
3.240000e-06	-6.558267e-06	-2.006777e-08	-4.708967e+01	-1.314504e+03
3.250000e-06	-6.572835e-06	-2.008759e-08	-4.719427e+01	-1.315859e+03
3.260000e-06	-6.584755e-06	-2.009850e-08	-4.727985e+01	-1.316918e+03
3.270000e-06	-6.594252e-06	-2.010541e-08	-4.734805e+01	-1.317697e+03
3.280000e-06	-6.601360e-06	-2.011155e-08	-4.739909e+01	-1.318210e+03
3.290000e-06	-6.606011e-06	-2.011467e-08	-4.743248e+01	-1.318473e+03
3.300000e-06	-6.608434e-06	-2.011260e-08	-4.744988e+01	-1.318501e+03
3.310000e-06	-6.608664e-06	-2.011004e-08	-4.745153e+01	-1.318306e+03
