# Temperatura_=_68.69
# Concentracion g/m^3_=_24000.0
# C_Vs_to_Am_M_A/Vsm_=_65563218390.804596
# pendiente_HvsI_1/m_=_3716.3
# ordenada_HvsI_A/m_=_1297.0
# frecuencia_Hz_=_302066.5005660087

Tiempo_(s)	Campo_(V.s)	Magnetizacion_(V.s)	Campo_(kA/m)	Magnetizacion_(A/m)
0.000000e+00	-6.595739e-06	-2.258106e-08	-4.744636e+01	-1.480992e+03
1.000000e-08	-6.594038e-06	-2.257721e-08	-4.743412e+01	-1.480550e+03
2.000000e-08	-6.590041e-06	-2.256526e-08	-4.740537e+01	-1.479842e+03
3.000000e-08	-6.584030e-06	-2.254911e-08	-4.736213e+01	-1.478870e+03
4.000000e-08	-6.575957e-06	-2.253243e-08	-4.730406e+01	-1.477649e+03
5.000000e-08	-6.565499e-06	-2.250910e-08	-4.722883e+01	-1.476202e+03
6.000000e-08	-6.552546e-06	-2.248074e-08	-4.713565e+01	-1.474558e+03
7.000000e-08	-6.537196e-06	-2.244306e-08	-4.702523e+01	-1.472745e+03
8.000000e-08	-6.519651e-06	-2.240654e-08	-4.689902e+01	-1.470781e+03
9.000000e-08	-6.500018e-06	-2.242559e-08	-4.675779e+01	-1.468668e+03
1.000000e-07	-6.477968e-06	-2.241662e-08	-4.659917e+01	-1.466390e+03
1.100000e-07	-6.453234e-06	-2.233924e-08	-4.642125e+01	-1.463912e+03
1.200000e-07	-6.425937e-06	-2.227950e-08	-4.622489e+01	-1.461189e+03
1.300000e-07	-6.396518e-06	-2.222759e-08	-4.601326e+01	-1.458173e+03
1.400000e-07	-6.365376e-06	-2.211360e-08	-4.578925e+01	-1.454826e+03
1.500000e-07	-6.332454e-06	-2.211251e-08	-4.555242e+01	-1.451125e+03
1.600000e-07	-6.297451e-06	-2.214188e-08	-4.530063e+01	-1.447069e+03
1.700000e-07	-6.260439e-06	-2.198739e-08	-4.503438e+01	-1.442681e+03
1.800000e-07	-6.221423e-06	-2.197950e-08	-4.475372e+01	-1.437999e+03
1.900000e-07	-6.179986e-06	-2.190048e-08	-4.445564e+01	-1.433067e+03
2.000000e-07	-6.136174e-06	-2.172535e-08	-4.414048e+01	-1.427927e+03
2.100000e-07	-6.090188e-06	-2.171028e-08	-4.380968e+01	-1.422606e+03
2.200000e-07	-6.041845e-06	-2.162287e-08	-4.346193e+01	-1.417114e+03
2.300000e-07	-5.990900e-06	-2.155590e-08	-4.309546e+01	-1.411437e+03
2.400000e-07	-5.937387e-06	-2.149335e-08	-4.271052e+01	-1.405548e+03
2.500000e-07	-5.881723e-06	-2.135608e-08	-4.231009e+01	-1.399407e+03
2.600000e-07	-5.823873e-06	-2.123724e-08	-4.189395e+01	-1.392978e+03
2.700000e-07	-5.763740e-06	-2.111496e-08	-4.146138e+01	-1.386232e+03
2.800000e-07	-5.701573e-06	-2.102328e-08	-4.101419e+01	-1.379155e+03
2.900000e-07	-5.637377e-06	-2.092114e-08	-4.055240e+01	-1.371749e+03
3.000000e-07	-5.570954e-06	-2.081535e-08	-4.007458e+01	-1.364028e+03
3.100000e-07	-5.502333e-06	-2.068785e-08	-3.958096e+01	-1.356014e+03
3.200000e-07	-5.431712e-06	-2.053134e-08	-3.907295e+01	-1.347728e+03
3.300000e-07	-5.359181e-06	-2.042646e-08	-3.855120e+01	-1.339183e+03
3.400000e-07	-5.284556e-06	-2.028595e-08	-3.801439e+01	-1.330380e+03
3.500000e-07	-5.207765e-06	-2.014365e-08	-3.746199e+01	-1.321308e+03
3.600000e-07	-5.128792e-06	-2.001787e-08	-3.689390e+01	-1.311948e+03
3.700000e-07	-5.047731e-06	-1.986787e-08	-3.631079e+01	-1.302277e+03
3.800000e-07	-4.965028e-06	-1.971512e-08	-3.571586e+01	-1.292275e+03
3.900000e-07	-4.880803e-06	-1.954599e-08	-3.510999e+01	-1.281927e+03
4.000000e-07	-4.794967e-06	-1.937708e-08	-3.449253e+01	-1.271230e+03
4.100000e-07	-4.707577e-06	-1.919896e-08	-3.386389e+01	-1.260188e+03
4.200000e-07	-4.618560e-06	-1.902865e-08	-3.322355e+01	-1.248810e+03
4.300000e-07	-4.527823e-06	-1.886999e-08	-3.257083e+01	-1.237104e+03
4.400000e-07	-4.435488e-06	-1.870070e-08	-3.190663e+01	-1.225074e+03
4.500000e-07	-4.341621e-06	-1.851316e-08	-3.123139e+01	-1.212715e+03
4.600000e-07	-4.246167e-06	-1.829677e-08	-3.054475e+01	-1.200016e+03
4.700000e-07	-4.149174e-06	-1.807985e-08	-2.984703e+01	-1.186959e+03
4.800000e-07	-4.050628e-06	-1.786853e-08	-2.913813e+01	-1.173524e+03
4.900000e-07	-3.950543e-06	-1.766709e-08	-2.841817e+01	-1.159695e+03
5.000000e-07	-3.849105e-06	-1.746764e-08	-2.768849e+01	-1.145462e+03
5.100000e-07	-3.746335e-06	-1.725172e-08	-2.694921e+01	-1.130822e+03
5.200000e-07	-3.642179e-06	-1.701297e-08	-2.619997e+01	-1.115780e+03
5.300000e-07	-3.536722e-06	-1.675953e-08	-2.544136e+01	-1.100341e+03
5.400000e-07	-3.429931e-06	-1.651406e-08	-2.467317e+01	-1.084510e+03
5.500000e-07	-3.321798e-06	-1.627029e-08	-2.389531e+01	-1.068283e+03
5.600000e-07	-3.212422e-06	-1.602037e-08	-2.310852e+01	-1.051651e+03
5.700000e-07	-3.101858e-06	-1.575855e-08	-2.231317e+01	-1.034593e+03
5.800000e-07	-2.990138e-06	-1.548815e-08	-2.150952e+01	-1.017084e+03
5.900000e-07	-2.877298e-06	-1.521038e-08	-2.069780e+01	-9.990981e+02
6.000000e-07	-2.763295e-06	-1.492713e-08	-1.987772e+01	-9.806145e+02
6.100000e-07	-2.648055e-06	-1.463797e-08	-1.904875e+01	-9.616198e+02
6.200000e-07	-2.531664e-06	-1.433849e-08	-1.821149e+01	-9.421098e+02
6.300000e-07	-2.414318e-06	-1.403337e-08	-1.736736e+01	-9.220874e+02
6.400000e-07	-2.296158e-06	-1.372209e-08	-1.651739e+01	-9.015582e+02
6.500000e-07	-2.177204e-06	-1.340493e-08	-1.566169e+01	-8.805251e+02
6.600000e-07	-2.057447e-06	-1.307477e-08	-1.480022e+01	-8.589831e+02
6.700000e-07	-1.936934e-06	-1.273094e-08	-1.393331e+01	-8.369166e+02
6.800000e-07	-1.815816e-06	-1.237897e-08	-1.306205e+01	-8.142998e+02
6.900000e-07	-1.694096e-06	-1.202293e-08	-1.218645e+01	-7.911004e+02
7.000000e-07	-1.571674e-06	-1.166323e-08	-1.130582e+01	-7.672850e+02
7.100000e-07	-1.448619e-06	-1.129574e-08	-1.042062e+01	-7.428252e+02
7.200000e-07	-1.325013e-06	-1.091387e-08	-9.531466e+00	-7.177020e+02
7.300000e-07	-1.200957e-06	-1.051649e-08	-8.639065e+00	-6.919073e+02
7.400000e-07	-1.076548e-06	-1.011065e-08	-7.744136e+00	-6.654415e+02
7.500000e-07	-9.518011e-07	-9.697962e-09	-6.846768e+00	-6.383081e+02
7.600000e-07	-8.267247e-07	-9.276697e-09	-5.947033e+00	-6.105070e+02
7.700000e-07	-7.013990e-07	-8.843283e-09	-5.045504e+00	-5.820281e+02
7.800000e-07	-5.758934e-07	-8.398094e-09	-4.142681e+00	-5.528479e+02
7.900000e-07	-4.502428e-07	-7.940747e-09	-3.238815e+00	-5.229305e+02
8.000000e-07	-3.244635e-07	-7.471069e-09	-2.334024e+00	-4.922322e+02
8.100000e-07	-1.985719e-07	-6.990236e-09	-1.428424e+00	-4.607088e+02
8.200000e-07	-7.260791e-08	-6.496668e-09	-5.223040e-01	-4.283230e+02
8.300000e-07	5.341447e-08	-5.991169e-09	3.842363e-01	-3.950489e+02
8.400000e-07	1.794501e-07	-5.472364e-09	1.290872e+00	-3.608709e+02
8.500000e-07	3.054761e-07	-4.940474e-09	2.197438e+00	-3.257765e+02
8.600000e-07	4.314713e-07	-4.394301e-09	3.103783e+00	-2.897432e+02
8.700000e-07	5.573262e-07	-3.830173e-09	4.009119e+00	-2.527225e+02
8.800000e-07	6.829952e-07	-3.246579e-09	4.913117e+00	-2.146262e+02
8.900000e-07	8.084784e-07	-2.645778e-09	5.815778e+00	-1.753183e+02
9.000000e-07	9.337686e-07	-2.026500e-09	6.717052e+00	-1.346179e+02
9.100000e-07	1.058823e-06	-1.382446e-09	7.616627e+00	-9.231464e+01
9.200000e-07	1.183529e-06	-7.119630e-10	8.513701e+00	-4.819696e+01
9.300000e-07	1.307859e-06	-1.295484e-11	9.408066e+00	-2.088515e+00
9.400000e-07	1.431780e-06	7.187283e-10	1.029949e+01	4.611183e+01
9.500000e-07	1.555158e-06	1.487409e-09	1.118701e+01	9.639429e+01
9.600000e-07	1.677893e-06	2.288074e-09	1.206990e+01	1.486135e+02
9.700000e-07	1.799974e-06	3.112212e-09	1.294809e+01	2.024804e+02
9.800000e-07	1.921397e-06	3.952885e-09	1.382154e+01	2.575731e+02
9.900000e-07	2.042077e-06	4.802440e-09	1.468965e+01	3.133654e+02
1.000000e-06	2.161946e-06	5.652858e-09	1.555193e+01	3.692699e+02
1.010000e-06	2.281002e-06	6.493398e-09	1.640836e+01	4.246874e+02
1.020000e-06	2.399203e-06	7.319475e-09	1.725863e+01	4.790558e+02
1.030000e-06	2.516519e-06	8.123789e-09	1.810254e+01	5.318917e+02
1.040000e-06	2.632880e-06	8.899223e-09	1.893959e+01	5.828183e+02
1.050000e-06	2.748117e-06	9.641114e-09	1.976854e+01	6.315770e+02
1.060000e-06	2.862171e-06	1.034808e-08	2.058899e+01	6.780245e+02
1.070000e-06	2.975081e-06	1.101912e-08	2.140121e+01	7.221166e+02
1.080000e-06	3.086802e-06	1.165287e-08	2.220487e+01	7.638849e+02
1.090000e-06	3.197413e-06	1.225210e-08	2.300054e+01	8.034107e+02
1.100000e-06	3.307007e-06	1.281923e-08	2.378891e+01	8.408024e+02
1.110000e-06	3.415594e-06	1.335514e-08	2.457003e+01	8.761770e+02
1.120000e-06	3.523079e-06	1.386149e-08	2.534322e+01	9.096499e+02
1.130000e-06	3.629274e-06	1.434197e-08	2.610714e+01	9.413303e+02
1.140000e-06	3.734108e-06	1.479775e-08	2.686126e+01	9.713216e+02
1.150000e-06	3.837535e-06	1.522965e-08	2.760526e+01	9.997239e+02
1.160000e-06	3.939578e-06	1.564136e-08	2.833930e+01	1.026636e+03
1.170000e-06	4.040314e-06	1.603335e-08	2.906395e+01	1.052158e+03
1.180000e-06	4.139670e-06	1.640234e-08	2.977866e+01	1.076388e+03
1.190000e-06	4.237484e-06	1.675007e-08	3.048229e+01	1.099419e+03
1.200000e-06	4.333725e-06	1.708215e-08	3.117460e+01	1.121338e+03
1.210000e-06	4.428399e-06	1.740062e-08	3.185563e+01	1.142224e+03
1.220000e-06	4.521529e-06	1.770511e-08	3.252556e+01	1.162139e+03
1.230000e-06	4.613164e-06	1.799647e-08	3.318473e+01	1.181140e+03
1.240000e-06	4.703178e-06	1.827331e-08	3.383224e+01	1.199270e+03
1.250000e-06	4.791392e-06	1.853460e-08	3.446682e+01	1.216570e+03
1.260000e-06	4.877850e-06	1.878206e-08	3.508875e+01	1.233074e+03
1.270000e-06	4.962707e-06	1.902011e-08	3.569917e+01	1.248819e+03
1.280000e-06	5.045929e-06	1.924941e-08	3.629782e+01	1.263839e+03
1.290000e-06	5.127294e-06	1.946839e-08	3.688312e+01	1.278171e+03
1.300000e-06	5.206674e-06	1.967738e-08	3.745414e+01	1.291850e+03
1.310000e-06	5.284107e-06	1.987665e-08	3.801116e+01	1.304909e+03
1.320000e-06	5.359546e-06	2.006572e-08	3.855382e+01	1.317377e+03
1.330000e-06	5.432894e-06	2.024467e-08	3.908145e+01	1.329281e+03
1.340000e-06	5.504188e-06	2.041568e-08	3.959430e+01	1.340644e+03
1.350000e-06	5.573524e-06	2.057999e-08	4.009307e+01	1.351488e+03
1.360000e-06	5.640895e-06	2.073882e-08	4.057770e+01	1.361829e+03
1.370000e-06	5.706185e-06	2.089318e-08	4.104736e+01	1.371685e+03
1.380000e-06	5.769423e-06	2.104086e-08	4.150226e+01	1.381069e+03
1.390000e-06	5.830756e-06	2.118076e-08	4.194346e+01	1.389991e+03
1.400000e-06	5.890198e-06	2.131337e-08	4.237106e+01	1.398459e+03
1.410000e-06	5.947539e-06	2.143718e-08	4.278354e+01	1.406478e+03
1.420000e-06	6.002719e-06	2.155210e-08	4.318048e+01	1.414049e+03
1.430000e-06	6.055701e-06	2.165919e-08	4.356160e+01	1.421176e+03
1.440000e-06	6.106160e-06	2.175961e-08	4.392458e+01	1.427864e+03
1.450000e-06	6.154076e-06	2.185552e-08	4.426927e+01	1.434124e+03
1.460000e-06	6.199754e-06	2.194763e-08	4.459784e+01	1.439973e+03
1.470000e-06	6.243398e-06	2.203489e-08	4.491180e+01	1.445435e+03
1.480000e-06	6.284809e-06	2.211621e-08	4.520969e+01	1.450538e+03
1.490000e-06	6.323892e-06	2.219181e-08	4.549083e+01	1.455308e+03
1.500000e-06	6.360903e-06	2.226106e-08	4.575707e+01	1.459771e+03
1.510000e-06	6.395802e-06	2.232444e-08	4.600812e+01	1.463942e+03
1.520000e-06	6.428346e-06	2.238339e-08	4.624222e+01	1.467825e+03
1.530000e-06	6.458599e-06	2.243650e-08	4.645984e+01	1.471415e+03
1.540000e-06	6.486735e-06	2.248455e-08	4.666224e+01	1.474697e+03
1.550000e-06	6.512495e-06	2.253011e-08	4.684754e+01	1.477653e+03
1.560000e-06	6.535714e-06	2.257201e-08	4.701457e+01	1.480268e+03
1.570000e-06	6.556678e-06	2.260650e-08	4.716537e+01	1.482532e+03
1.580000e-06	6.575524e-06	2.263515e-08	4.730094e+01	1.484447e+03
1.590000e-06	6.591973e-06	2.266117e-08	4.741927e+01	1.486026e+03
1.600000e-06	6.605879e-06	2.268334e-08	4.751930e+01	1.487288e+03
1.610000e-06	6.617239e-06	2.270026e-08	4.760102e+01	1.488260e+03
1.620000e-06	6.625974e-06	2.271294e-08	4.766386e+01	1.488962e+03
1.630000e-06	6.632260e-06	2.272109e-08	4.770907e+01	1.489412e+03
1.640000e-06	6.636338e-06	2.272329e-08	4.773841e+01	1.489615e+03
1.650000e-06	6.638054e-06	2.272348e-08	4.775075e+01	1.489569e+03
1.660000e-06	6.637399e-06	2.271974e-08	4.774604e+01	1.489266e+03
1.670000e-06	6.634632e-06	2.271114e-08	4.772613e+01	1.488699e+03
1.680000e-06	6.629714e-06	2.270340e-08	4.769076e+01	1.487866e+03
1.690000e-06	6.622487e-06	2.269062e-08	4.763877e+01	1.486775e+03
1.700000e-06	6.613095e-06	2.267311e-08	4.757121e+01	1.485444e+03
1.710000e-06	6.601615e-06	2.265210e-08	4.748863e+01	1.483899e+03
1.720000e-06	6.587778e-06	2.263443e-08	4.738909e+01	1.482172e+03
1.730000e-06	6.571685e-06	2.261350e-08	4.727332e+01	1.480286e+03
1.740000e-06	6.553502e-06	2.251379e-08	4.714253e+01	1.478252e+03
1.750000e-06	6.532669e-06	2.246062e-08	4.699267e+01	1.476064e+03
1.760000e-06	6.508613e-06	2.246949e-08	4.681962e+01	1.473697e+03
1.770000e-06	6.481789e-06	2.242737e-08	4.662666e+01	1.471109e+03
1.780000e-06	6.452941e-06	2.242781e-08	4.641915e+01	1.468254e+03
1.790000e-06	6.422309e-06	2.242580e-08	4.619879e+01	1.465087e+03
1.800000e-06	6.390151e-06	2.226791e-08	4.596746e+01	1.461575e+03
1.810000e-06	6.356165e-06	2.226304e-08	4.572299e+01	1.457707e+03
1.820000e-06	6.320050e-06	2.217843e-08	4.546320e+01	1.453491e+03
1.830000e-06	6.281854e-06	2.198251e-08	4.518843e+01	1.448960e+03
1.840000e-06	6.241241e-06	2.206362e-08	4.489629e+01	1.444154e+03
1.850000e-06	6.198401e-06	2.195241e-08	4.458812e+01	1.439119e+03
1.860000e-06	6.153526e-06	2.184473e-08	4.426531e+01	1.433891e+03
1.870000e-06	6.106328e-06	2.181437e-08	4.392579e+01	1.428489e+03
1.880000e-06	6.056945e-06	2.160820e-08	4.357055e+01	1.422912e+03
1.890000e-06	6.005107e-06	2.158646e-08	4.319766e+01	1.417139e+03
1.900000e-06	5.950580e-06	2.151749e-08	4.280542e+01	1.411137e+03
1.910000e-06	5.893784e-06	2.142606e-08	4.239686e+01	1.404865e+03
1.920000e-06	5.834916e-06	2.137625e-08	4.197339e+01	1.398290e+03
1.930000e-06	5.774045e-06	2.118615e-08	4.153551e+01	1.391389e+03
1.940000e-06	5.710946e-06	2.110637e-08	4.108161e+01	1.384156e+03
1.950000e-06	5.645627e-06	2.095700e-08	4.061174e+01	1.376600e+03
1.960000e-06	5.578275e-06	2.086680e-08	4.012725e+01	1.368738e+03
1.970000e-06	5.508692e-06	2.077775e-08	3.962670e+01	1.360594e+03
1.980000e-06	5.436891e-06	2.061984e-08	3.911020e+01	1.352185e+03
1.990000e-06	5.363125e-06	2.053840e-08	3.857957e+01	1.343519e+03
2.000000e-06	5.287487e-06	2.033229e-08	3.803547e+01	1.334592e+03
2.010000e-06	5.209743e-06	2.019035e-08	3.747622e+01	1.325387e+03
2.020000e-06	5.129858e-06	2.005408e-08	3.690156e+01	1.315885e+03
2.030000e-06	5.048168e-06	1.990761e-08	3.631393e+01	1.306060e+03
2.040000e-06	4.964796e-06	1.978407e-08	3.571419e+01	1.295897e+03
2.050000e-06	4.879701e-06	1.961032e-08	3.510206e+01	1.285385e+03
2.060000e-06	4.792786e-06	1.946720e-08	3.447684e+01	1.274526e+03
2.070000e-06	4.704144e-06	1.926529e-08	3.383920e+01	1.263325e+03
2.080000e-06	4.613958e-06	1.907858e-08	3.319044e+01	1.251792e+03
2.090000e-06	4.522329e-06	1.889119e-08	3.253131e+01	1.239933e+03
2.100000e-06	4.429174e-06	1.871665e-08	3.186120e+01	1.227750e+03
2.110000e-06	4.334291e-06	1.854739e-08	3.117866e+01	1.215234e+03
2.120000e-06	4.237830e-06	1.835373e-08	3.048478e+01	1.202369e+03
2.130000e-06	4.139978e-06	1.816182e-08	2.978088e+01	1.189137e+03
2.140000e-06	4.040792e-06	1.793284e-08	2.906738e+01	1.175519e+03
2.150000e-06	3.940186e-06	1.770237e-08	2.834368e+01	1.161502e+03
2.160000e-06	3.838021e-06	1.747095e-08	2.760875e+01	1.147078e+03
2.170000e-06	3.734282e-06	1.726463e-08	2.686251e+01	1.132249e+03
2.180000e-06	3.629172e-06	1.705564e-08	2.610640e+01	1.117020e+03
2.190000e-06	3.522915e-06	1.682872e-08	2.534204e+01	1.101397e+03
2.200000e-06	3.415482e-06	1.657874e-08	2.456922e+01	1.085382e+03
2.210000e-06	3.306841e-06	1.631141e-08	2.378771e+01	1.068967e+03
2.220000e-06	3.197007e-06	1.604624e-08	2.299763e+01	1.052138e+03
2.230000e-06	3.085921e-06	1.578714e-08	2.219853e+01	1.034872e+03
2.240000e-06	2.973560e-06	1.553084e-08	2.139026e+01	1.017143e+03
2.250000e-06	2.860054e-06	1.525902e-08	2.057376e+01	9.989269e+02
2.260000e-06	2.745495e-06	1.497642e-08	1.974968e+01	9.802054e+02
2.270000e-06	2.629827e-06	1.467811e-08	1.891762e+01	9.609698e+02
2.280000e-06	2.512971e-06	1.437350e-08	1.807702e+01	9.412196e+02
2.290000e-06	2.395110e-06	1.406257e-08	1.722919e+01	9.209595e+02
2.300000e-06	2.276372e-06	1.374694e-08	1.637505e+01	9.001947e+02
2.310000e-06	2.156742e-06	1.342462e-08	1.551449e+01	8.789249e+02
2.320000e-06	2.036262e-06	1.309801e-08	1.464782e+01	8.571403e+02
2.330000e-06	1.915093e-06	1.276635e-08	1.377620e+01	8.348204e+02
2.340000e-06	1.793385e-06	1.242047e-08	1.290069e+01	8.119357e+02
2.350000e-06	1.671152e-06	1.205421e-08	1.202141e+01	7.884526e+02
2.360000e-06	1.548380e-06	1.167462e-08	1.113825e+01	7.643393e+02
2.370000e-06	1.425137e-06	1.129541e-08	1.025170e+01	7.395715e+02
2.380000e-06	1.301463e-06	1.091366e-08	9.362053e+00	7.141352e+02
2.390000e-06	1.177327e-06	1.052440e-08	8.469083e+00	6.880268e+02
2.400000e-06	1.052759e-06	1.011833e-08	7.573005e+00	6.612491e+02
2.410000e-06	9.277803e-07	9.696877e-09	6.673975e+00	6.338045e+02
2.420000e-06	8.024809e-07	9.260729e-09	5.772635e+00	6.056891e+02
2.430000e-06	6.769326e-07	8.815885e-09	4.869506e+00	5.768866e+02
2.440000e-06	5.512173e-07	8.369210e-09	3.965174e+00	5.473675e+02
2.450000e-06	4.253425e-07	7.912943e-09	3.059696e+00	5.170916e+02
2.460000e-06	2.993251e-07	7.440381e-09	2.153191e+00	4.860137e+02
2.470000e-06	1.732015e-07	6.949708e-09	1.245923e+00	4.540923e+02
2.480000e-06	4.696273e-08	6.445756e-09	3.378257e-01	4.212949e+02
2.490000e-06	-7.930068e-08	5.930960e-09	-5.704484e-01	3.876009e+02
2.500000e-06	-2.055688e-07	5.402582e-09	-1.478757e+00	3.529976e+02
2.510000e-06	-3.318251e-07	4.860258e-09	-2.386979e+00	3.174695e+02
2.520000e-06	-4.579958e-07	4.302831e-09	-3.294586e+00	2.809843e+02
2.530000e-06	-5.840274e-07	3.730170e-09	-4.201193e+00	2.434763e+02
2.540000e-06	-7.098491e-07	3.141168e-09	-5.106290e+00	2.048357e+02
2.550000e-06	-8.354031e-07	2.531343e-09	-6.009461e+00	1.649043e+02
2.560000e-06	-9.606897e-07	1.896530e-09	-6.910708e+00	1.234851e+02
2.570000e-06	-1.085654e-06	1.232534e-09	-7.809636e+00	8.036286e+01
2.580000e-06	-1.210187e-06	5.427090e-10	-8.705464e+00	3.533749e+01
2.590000e-06	-1.334248e-06	-1.707927e-10	-9.597893e+00	-1.173730e+01
2.600000e-06	-1.457774e-06	-9.147579e-10	-1.048648e+01	-6.091506e+01
2.610000e-06	-1.580709e-06	-1.692467e-09	-1.137081e+01	-1.121252e+02
2.620000e-06	-1.702997e-06	-2.500815e-09	-1.225048e+01	-1.651556e+02
2.630000e-06	-1.824678e-06	-3.334925e-09	-1.312580e+01	-2.196529e+02
2.640000e-06	-1.945768e-06	-4.185529e-09	-1.399686e+01	-2.751424e+02
2.650000e-06	-2.066123e-06	-5.041817e-09	-1.486262e+01	-3.310635e+02
2.660000e-06	-2.185610e-06	-5.894662e-09	-1.572216e+01	-3.868169e+02
2.670000e-06	-2.304193e-06	-6.735880e-09	-1.657518e+01	-4.418149e+02
2.680000e-06	-2.421822e-06	-7.557460e-09	-1.742134e+01	-4.955276e+02
2.690000e-06	-2.538442e-06	-8.351387e-09	-1.826025e+01	-5.475185e+02
2.700000e-06	-2.654022e-06	-9.112042e-09	-1.909167e+01	-5.974652e+02
2.710000e-06	-2.768450e-06	-9.838406e-09	-1.991481e+01	-6.451638e+02
2.720000e-06	-2.881730e-06	-1.053356e-08	-2.072969e+01	-6.905198e+02
2.730000e-06	-2.993882e-06	-1.119672e-08	-2.153645e+01	-7.335270e+02
2.740000e-06	-3.104823e-06	-1.182387e-08	-2.233450e+01	-7.742436e+02
2.750000e-06	-3.214579e-06	-1.241549e-08	-2.312403e+01	-8.127660e+02
2.760000e-06	-3.323279e-06	-1.297452e-08	-2.390596e+01	-8.492082e+02
2.770000e-06	-3.430948e-06	-1.350432e-08	-2.468048e+01	-8.836876e+02
2.780000e-06	-3.537552e-06	-1.400450e-08	-2.544733e+01	-9.163167e+02
2.790000e-06	-3.643011e-06	-1.447467e-08	-2.620595e+01	-9.472020e+02
2.800000e-06	-3.747139e-06	-1.491985e-08	-2.695499e+01	-9.764449e+02
2.810000e-06	-3.849803e-06	-1.534172e-08	-2.769350e+01	-1.004145e+03
2.820000e-06	-3.951023e-06	-1.574270e-08	-2.842163e+01	-1.030401e+03
2.830000e-06	-4.050846e-06	-1.612495e-08	-2.913971e+01	-1.055312e+03
2.840000e-06	-4.149319e-06	-1.648820e-08	-2.984807e+01	-1.078976e+03
2.850000e-06	-4.246473e-06	-1.683500e-08	-3.054695e+01	-1.101482e+03
2.860000e-06	-4.342139e-06	-1.716510e-08	-3.123512e+01	-1.122915e+03
2.870000e-06	-4.436160e-06	-1.747646e-08	-3.191146e+01	-1.143344e+03
2.880000e-06	-4.528552e-06	-1.777215e-08	-3.257607e+01	-1.162830e+03
2.890000e-06	-4.619303e-06	-1.805537e-08	-3.322889e+01	-1.181423e+03
2.900000e-06	-4.708400e-06	-1.832590e-08	-3.386981e+01	-1.199165e+03
2.910000e-06	-4.795767e-06	-1.858424e-08	-3.449828e+01	-1.216093e+03
2.920000e-06	-4.881326e-06	-1.883087e-08	-3.511375e+01	-1.232242e+03
2.930000e-06	-4.965124e-06	-1.906836e-08	-3.571655e+01	-1.247647e+03
2.940000e-06	-5.047214e-06	-1.929529e-08	-3.630707e+01	-1.262345e+03
2.950000e-06	-5.127541e-06	-1.951101e-08	-3.688490e+01	-1.276372e+03
2.960000e-06	-5.205859e-06	-1.971655e-08	-3.744828e+01	-1.289760e+03
2.970000e-06	-5.282001e-06	-1.991328e-08	-3.799600e+01	-1.302543e+03
2.980000e-06	-5.356132e-06	-2.010174e-08	-3.852926e+01	-1.314747e+03
2.990000e-06	-5.428359e-06	-2.027757e-08	-3.904883e+01	-1.326399e+03
3.000000e-06	-5.498543e-06	-2.044418e-08	-3.955369e+01	-1.337521e+03
3.010000e-06	-5.566646e-06	-2.060427e-08	-4.004359e+01	-1.348131e+03
3.020000e-06	-5.632840e-06	-2.075650e-08	-4.051976e+01	-1.358247e+03
3.030000e-06	-5.697186e-06	-2.090028e-08	-4.098263e+01	-1.367883e+03
3.040000e-06	-5.759445e-06	-2.103737e-08	-4.143049e+01	-1.377053e+03
3.050000e-06	-5.819512e-06	-2.116980e-08	-4.186258e+01	-1.385766e+03
3.060000e-06	-5.877557e-06	-2.129608e-08	-4.228013e+01	-1.394026e+03
3.070000e-06	-5.933654e-06	-2.141489e-08	-4.268366e+01	-1.401838e+03
3.080000e-06	-5.987514e-06	-2.152604e-08	-4.307110e+01	-1.409205e+03
3.090000e-06	-6.038863e-06	-2.162802e-08	-4.344048e+01	-1.416128e+03
3.100000e-06	-6.087662e-06	-2.172180e-08	-4.379151e+01	-1.422618e+03
3.110000e-06	-6.134133e-06	-2.181181e-08	-4.412580e+01	-1.428686e+03
3.120000e-06	-6.178658e-06	-2.189785e-08	-4.444609e+01	-1.434354e+03
3.130000e-06	-6.221270e-06	-2.198006e-08	-4.475262e+01	-1.439648e+03
3.140000e-06	-6.261808e-06	-2.205633e-08	-4.504423e+01	-1.444594e+03
3.150000e-06	-6.300087e-06	-2.212421e-08	-4.531959e+01	-1.449221e+03
3.160000e-06	-6.336063e-06	-2.218672e-08	-4.557838e+01	-1.453549e+03
3.170000e-06	-6.369880e-06	-2.224546e-08	-4.582165e+01	-1.457588e+03
3.180000e-06	-6.401437e-06	-2.230340e-08	-4.604865e+01	-1.461338e+03
3.190000e-06	-6.430570e-06	-2.235736e-08	-4.625822e+01	-1.464788e+03
3.200000e-06	-6.457403e-06	-2.240558e-08	-4.645124e+01	-1.467923e+03
3.210000e-06	-6.482024e-06	-2.244536e-08	-4.662835e+01	-1.470724e+03
3.220000e-06	-6.504252e-06	-2.248014e-08	-4.678825e+01	-1.473178e+03
3.230000e-06	-6.524081e-06	-2.251355e-08	-4.693089e+01	-1.475281e+03
3.240000e-06	-6.541669e-06	-2.254146e-08	-4.705741e+01	-1.477040e+03
3.250000e-06	-6.556844e-06	-2.256356e-08	-4.716657e+01	-1.478470e+03
3.260000e-06	-6.569374e-06	-2.257982e-08	-4.725670e+01	-1.479596e+03
3.270000e-06	-6.579380e-06	-2.259090e-08	-4.732868e+01	-1.480442e+03
3.280000e-06	-6.587077e-06	-2.259610e-08	-4.738405e+01	-1.481027e+03
3.290000e-06	-6.592370e-06	-2.259593e-08	-4.742213e+01	-1.481364e+03
3.300000e-06	-6.595329e-06	-2.259402e-08	-4.744341e+01	-1.481453e+03
3.310000e-06	-6.596114e-06	-2.258940e-08	-4.744906e+01	-1.481291e+03
