# Temperatura_=_41.23
# Concentracion g/m^3_=_26700.0
# C_Vs_to_Am_M_A/Vsm_=_65563218390.804596
# pendiente_HvsI_1/m_=_3716.3
# ordenada_HvsI_A/m_=_1297.0
# frecuencia_Hz_=_302065.706284283

Tiempo_(s)	Campo_(V.s)	Magnetizacion_(V.s)	Campo_(kA/m)	Magnetizacion_(A/m)
0.000000e+00	-6.628655e-06	-2.051973e-08	-4.744321e+01	-1.347610e+03
1.000000e-08	-6.626619e-06	-2.051820e-08	-4.742864e+01	-1.347189e+03
2.000000e-08	-6.622272e-06	-2.050669e-08	-4.739752e+01	-1.346490e+03
3.000000e-08	-6.615910e-06	-2.049233e-08	-4.735199e+01	-1.345529e+03
4.000000e-08	-6.607526e-06	-2.047713e-08	-4.729198e+01	-1.344340e+03
5.000000e-08	-6.596770e-06	-2.045578e-08	-4.721499e+01	-1.342971e+03
6.000000e-08	-6.583395e-06	-2.042824e-08	-4.711927e+01	-1.341469e+03
7.000000e-08	-6.567556e-06	-2.039096e-08	-4.700590e+01	-1.339869e+03
8.000000e-08	-6.549547e-06	-2.036564e-08	-4.687701e+01	-1.338186e+03
9.000000e-08	-6.529446e-06	-2.039961e-08	-4.673314e+01	-1.336403e+03
1.000000e-07	-6.506897e-06	-2.037222e-08	-4.657175e+01	-1.334479e+03
1.100000e-07	-6.481673e-06	-2.028834e-08	-4.639122e+01	-1.332349e+03
1.200000e-07	-6.453930e-06	-2.024904e-08	-4.619265e+01	-1.329940e+03
1.300000e-07	-6.424077e-06	-2.020116e-08	-4.597898e+01	-1.327186e+03
1.400000e-07	-6.392521e-06	-2.008898e-08	-4.575313e+01	-1.324042e+03
1.500000e-07	-6.359157e-06	-2.012520e-08	-4.551434e+01	-1.320492e+03
1.600000e-07	-6.323655e-06	-2.013480e-08	-4.526024e+01	-1.316557e+03
1.700000e-07	-6.286114e-06	-1.994661e-08	-4.499155e+01	-1.312285e+03
1.800000e-07	-6.246463e-06	-1.998703e-08	-4.470775e+01	-1.307743e+03
1.900000e-07	-6.204380e-06	-1.989080e-08	-4.440655e+01	-1.303001e+03
2.000000e-07	-6.160035e-06	-1.974768e-08	-4.408916e+01	-1.298120e+03
2.100000e-07	-6.113470e-06	-1.980472e-08	-4.375588e+01	-1.293136e+03
2.200000e-07	-6.064377e-06	-1.970859e-08	-4.340451e+01	-1.288055e+03
2.300000e-07	-6.012721e-06	-1.962908e-08	-4.303479e+01	-1.282856e+03
2.400000e-07	-5.958636e-06	-1.954298e-08	-4.264769e+01	-1.277497e+03
2.500000e-07	-5.902359e-06	-1.941155e-08	-4.224490e+01	-1.271928e+03
2.600000e-07	-5.843870e-06	-1.931227e-08	-4.182627e+01	-1.266102e+03
2.700000e-07	-5.783145e-06	-1.921306e-08	-4.139164e+01	-1.259985e+03
2.800000e-07	-5.720423e-06	-1.915440e-08	-4.094273e+01	-1.253563e+03
2.900000e-07	-5.655575e-06	-1.903461e-08	-4.047859e+01	-1.246843e+03
3.000000e-07	-5.588461e-06	-1.891858e-08	-3.999824e+01	-1.239845e+03
3.100000e-07	-5.519260e-06	-1.880121e-08	-3.950295e+01	-1.232597e+03
3.200000e-07	-5.448100e-06	-1.866997e-08	-3.899363e+01	-1.225119e+03
3.300000e-07	-5.374861e-06	-1.859807e-08	-3.846944e+01	-1.217422e+03
3.400000e-07	-5.299414e-06	-1.846931e-08	-3.792944e+01	-1.209502e+03
3.500000e-07	-5.221838e-06	-1.834438e-08	-3.737421e+01	-1.201340e+03
3.600000e-07	-5.142173e-06	-1.822131e-08	-3.680402e+01	-1.192905e+03
3.700000e-07	-5.060536e-06	-1.807851e-08	-3.621972e+01	-1.184167e+03
3.800000e-07	-4.977201e-06	-1.793965e-08	-3.562327e+01	-1.175102e+03
3.900000e-07	-4.892304e-06	-1.778555e-08	-3.501564e+01	-1.165695e+03
4.000000e-07	-4.805849e-06	-1.764012e-08	-3.439685e+01	-1.155947e+03
4.100000e-07	-4.717809e-06	-1.748175e-08	-3.376673e+01	-1.145870e+03
4.200000e-07	-4.628095e-06	-1.733732e-08	-3.312462e+01	-1.135481e+03
4.300000e-07	-4.536673e-06	-1.718850e-08	-3.247029e+01	-1.124798e+03
4.400000e-07	-4.443650e-06	-1.701753e-08	-3.180449e+01	-1.113833e+03
4.500000e-07	-4.349099e-06	-1.683701e-08	-3.112776e+01	-1.102587e+03
4.600000e-07	-4.252946e-06	-1.664056e-08	-3.043957e+01	-1.091048e+03
4.700000e-07	-4.155189e-06	-1.645411e-08	-2.973989e+01	-1.079195e+03
4.800000e-07	-4.055938e-06	-1.627380e-08	-2.902952e+01	-1.067005e+03
4.900000e-07	-3.955286e-06	-1.609702e-08	-2.830913e+01	-1.054454e+03
5.000000e-07	-3.853249e-06	-1.590511e-08	-2.757882e+01	-1.041526e+03
5.100000e-07	-3.749780e-06	-1.569428e-08	-2.683827e+01	-1.028214e+03
5.200000e-07	-3.644935e-06	-1.547177e-08	-2.608786e+01	-1.014520e+03
5.300000e-07	-3.538748e-06	-1.524672e-08	-2.532785e+01	-1.000450e+03
5.400000e-07	-3.431170e-06	-1.503115e-08	-2.455788e+01	-9.860141e+02
5.500000e-07	-3.322283e-06	-1.481011e-08	-2.377854e+01	-9.712140e+02
5.600000e-07	-3.212242e-06	-1.458126e-08	-2.299095e+01	-9.560457e+02
5.700000e-07	-3.101042e-06	-1.433897e-08	-2.219506e+01	-9.404962e+02
5.800000e-07	-2.988604e-06	-1.408829e-08	-2.139030e+01	-9.245452e+02
5.900000e-07	-2.874892e-06	-1.383419e-08	-2.057644e+01	-9.081694e+02
6.000000e-07	-2.759979e-06	-1.357911e-08	-1.975397e+01	-8.913468e+02
6.100000e-07	-2.643938e-06	-1.331714e-08	-1.892343e+01	-8.740611e+02
6.200000e-07	-2.526859e-06	-1.304386e-08	-1.808547e+01	-8.563034e+02
6.300000e-07	-2.408857e-06	-1.276758e-08	-1.724089e+01	-8.380720e+02
6.400000e-07	-2.290019e-06	-1.248398e-08	-1.639033e+01	-8.193693e+02
6.500000e-07	-2.170426e-06	-1.219222e-08	-1.553437e+01	-8.001974e+02
6.600000e-07	-2.050044e-06	-1.188946e-08	-1.467276e+01	-7.805532e+02
6.700000e-07	-1.928862e-06	-1.157850e-08	-1.380543e+01	-7.604260e+02
6.800000e-07	-1.806905e-06	-1.126055e-08	-1.293254e+01	-7.397962e+02
6.900000e-07	-1.684219e-06	-1.093655e-08	-1.205444e+01	-7.186377e+02
7.000000e-07	-1.560959e-06	-1.060910e-08	-1.117224e+01	-6.969222e+02
7.100000e-07	-1.437186e-06	-1.027412e-08	-1.028635e+01	-6.746245e+02
7.200000e-07	-1.312914e-06	-9.923985e-09	-9.396904e+00	-6.517268e+02
7.300000e-07	-1.188208e-06	-9.559147e-09	-8.504347e+00	-6.282218e+02
7.400000e-07	-1.063155e-06	-9.191016e-09	-7.609306e+00	-6.041118e+02
7.500000e-07	-9.378359e-07	-8.816525e-09	-6.712363e+00	-5.794056e+02
7.600000e-07	-8.122604e-07	-8.431844e-09	-5.813584e+00	-5.541135e+02
7.700000e-07	-6.864427e-07	-8.035947e-09	-4.913069e+00	-5.282414e+02
7.800000e-07	-5.603851e-07	-7.631684e-09	-4.010839e+00	-5.017860e+02
7.900000e-07	-4.340800e-07	-7.218757e-09	-3.106837e+00	-4.747332e+02
8.000000e-07	-3.075831e-07	-6.795114e-09	-2.201462e+00	-4.470584e+02
8.100000e-07	-1.810314e-07	-6.364515e-09	-1.295694e+00	-4.187298e+02
8.200000e-07	-5.445644e-08	-5.924535e-09	-3.897605e-01	-3.897126e+02
8.300000e-07	7.218199e-08	-5.472267e-09	5.166274e-01	-3.599723e+02
8.400000e-07	1.988480e-07	-5.007628e-09	1.423213e+00	-3.294760e+02
8.500000e-07	3.254934e-07	-4.533606e-09	2.329650e+00	-2.981899e+02
8.600000e-07	4.520738e-07	-4.046757e-09	3.235623e+00	-2.660738e+02
8.700000e-07	5.785540e-07	-3.543756e-09	4.140879e+00	-2.330730e+02
8.800000e-07	7.048738e-07	-3.023087e-09	5.044987e+00	-1.991112e+02
8.900000e-07	8.309450e-07	-2.485677e-09	5.947315e+00	-1.640862e+02
9.000000e-07	9.567004e-07	-1.932791e-09	6.847383e+00	-1.278713e+02
9.100000e-07	1.082170e-06	-1.363525e-09	7.745402e+00	-9.032407e+01
9.200000e-07	1.207378e-06	-7.739786e-10	8.641556e+00	-5.130260e+01
9.300000e-07	1.332221e-06	-1.560638e-10	9.535091e+00	-1.068767e+01
9.400000e-07	1.456571e-06	4.900775e-10	1.042510e+01	3.159248e+01
9.500000e-07	1.580393e-06	1.161486e-09	1.131133e+01	7.553869e+01
9.600000e-07	1.703678e-06	1.854148e-09	1.219372e+01	1.210631e+02
9.700000e-07	1.826399e-06	2.569739e-09	1.307207e+01	1.679803e+02
9.800000e-07	1.948387e-06	3.304573e-09	1.394517e+01	2.160103e+02
9.900000e-07	2.069529e-06	4.048951e-09	1.481222e+01	2.647917e+02
1.000000e-06	2.189874e-06	4.797785e-09	1.567356e+01	3.139060e+02
1.010000e-06	2.309393e-06	5.544086e-09	1.652900e+01	3.629074e+02
1.020000e-06	2.428004e-06	6.282729e-09	1.737793e+01	4.113543e+02
1.030000e-06	2.545673e-06	7.003742e-09	1.822012e+01	4.588399e+02
1.040000e-06	2.662472e-06	7.703238e-09	1.905608e+01	5.050157e+02
1.050000e-06	2.778252e-06	8.380965e-09	1.988476e+01	5.496071e+02
1.060000e-06	2.892856e-06	9.033966e-09	2.070501e+01	5.924200e+02
1.070000e-06	3.006190e-06	9.656339e-09	2.151618e+01	6.333385e+02
1.080000e-06	3.118281e-06	1.024712e-08	2.231844e+01	6.723156e+02
1.090000e-06	3.229289e-06	1.081034e-08	2.311296e+01	7.093599e+02
1.100000e-06	3.339212e-06	1.134628e-08	2.389971e+01	7.445201e+02
1.110000e-06	3.448102e-06	1.185393e-08	2.467907e+01	7.778709e+02
1.120000e-06	3.555942e-06	1.233356e-08	2.545091e+01	8.094997e+02
1.130000e-06	3.662576e-06	1.278958e-08	2.621412e+01	8.394984e+02
1.140000e-06	3.767830e-06	1.322333e-08	2.696745e+01	8.679568e+02
1.150000e-06	3.871604e-06	1.363563e-08	2.771020e+01	8.949604e+02
1.160000e-06	3.973990e-06	1.402766e-08	2.844300e+01	9.205895e+02
1.170000e-06	4.075064e-06	1.439967e-08	2.916641e+01	9.449200e+02
1.180000e-06	4.174799e-06	1.475122e-08	2.988025e+01	9.680248e+02
1.190000e-06	4.272972e-06	1.508330e-08	3.058290e+01	9.899748e+02
1.200000e-06	4.369442e-06	1.539985e-08	3.127337e+01	1.010839e+03
1.210000e-06	4.464313e-06	1.570349e-08	3.195239e+01	1.030686e+03
1.220000e-06	4.557677e-06	1.599296e-08	3.262062e+01	1.049579e+03
1.230000e-06	4.649591e-06	1.626855e-08	3.327847e+01	1.067579e+03
1.240000e-06	4.739858e-06	1.653061e-08	3.392454e+01	1.084740e+03
1.250000e-06	4.828320e-06	1.678024e-08	3.455769e+01	1.101109e+03
1.260000e-06	4.915010e-06	1.701849e-08	3.517816e+01	1.116724e+03
1.270000e-06	4.999990e-06	1.724607e-08	3.578638e+01	1.131618e+03
1.280000e-06	5.083288e-06	1.746354e-08	3.638257e+01	1.145817e+03
1.290000e-06	5.164710e-06	1.766867e-08	3.696533e+01	1.159343e+03
1.300000e-06	5.244174e-06	1.786266e-08	3.753408e+01	1.172220e+03
1.310000e-06	5.321753e-06	1.804827e-08	3.808933e+01	1.184473e+03
1.320000e-06	5.397346e-06	1.822477e-08	3.863037e+01	1.196132e+03
1.330000e-06	5.470827e-06	1.839322e-08	3.915629e+01	1.207230e+03
1.340000e-06	5.542232e-06	1.855539e-08	3.966736e+01	1.217804e+03
1.350000e-06	5.611670e-06	1.871088e-08	4.016435e+01	1.227889e+03
1.360000e-06	5.679172e-06	1.886074e-08	4.064749e+01	1.237516e+03
1.370000e-06	5.744549e-06	1.900580e-08	4.111540e+01	1.246707e+03
1.380000e-06	5.807781e-06	1.914430e-08	4.156797e+01	1.255473e+03
1.390000e-06	5.869097e-06	1.927360e-08	4.200683e+01	1.263813e+03
1.400000e-06	5.928489e-06	1.939386e-08	4.243192e+01	1.271718e+03
1.410000e-06	5.985734e-06	1.950738e-08	4.284164e+01	1.279175e+03
1.420000e-06	6.040816e-06	1.961469e-08	4.323587e+01	1.286173e+03
1.430000e-06	6.093717e-06	1.971450e-08	4.361450e+01	1.292710e+03
1.440000e-06	6.144102e-06	1.980790e-08	4.397512e+01	1.298796e+03
1.450000e-06	6.191945e-06	1.989778e-08	4.431755e+01	1.304457e+03
1.460000e-06	6.237593e-06	1.998295e-08	4.464427e+01	1.309730e+03
1.470000e-06	6.281240e-06	2.006084e-08	4.495666e+01	1.314660e+03
1.480000e-06	6.322619e-06	2.013328e-08	4.525282e+01	1.319292e+03
1.490000e-06	6.361635e-06	2.020307e-08	4.553207e+01	1.323663e+03
1.500000e-06	6.398555e-06	2.026828e-08	4.579631e+01	1.327792e+03
1.510000e-06	6.433288e-06	2.032693e-08	4.604491e+01	1.331683e+03
1.520000e-06	6.465611e-06	2.038195e-08	4.627625e+01	1.335322e+03
1.530000e-06	6.495662e-06	2.043388e-08	4.649134e+01	1.338682e+03
1.540000e-06	6.523609e-06	2.048094e-08	4.669136e+01	1.341733e+03
1.550000e-06	6.549175e-06	2.052262e-08	4.687435e+01	1.344450e+03
1.560000e-06	6.572211e-06	2.055823e-08	4.703922e+01	1.346819e+03
1.570000e-06	6.592953e-06	2.058783e-08	4.718768e+01	1.348843e+03
1.580000e-06	6.611451e-06	2.061285e-08	4.732007e+01	1.350541e+03
1.590000e-06	6.627490e-06	2.063604e-08	4.743487e+01	1.351944e+03
1.600000e-06	6.641060e-06	2.065848e-08	4.753199e+01	1.353086e+03
1.610000e-06	6.652099e-06	2.067639e-08	4.761100e+01	1.353994e+03
1.620000e-06	6.660492e-06	2.069005e-08	4.767107e+01	1.354686e+03
1.630000e-06	6.666482e-06	2.070034e-08	4.771395e+01	1.355162e+03
1.640000e-06	6.670263e-06	2.070393e-08	4.774101e+01	1.355409e+03
1.650000e-06	6.671624e-06	2.070362e-08	4.775075e+01	1.355406e+03
1.660000e-06	6.670593e-06	2.069724e-08	4.774337e+01	1.355134e+03
1.670000e-06	6.667490e-06	2.068498e-08	4.772116e+01	1.354582e+03
1.680000e-06	6.662199e-06	2.067690e-08	4.768329e+01	1.353756e+03
1.690000e-06	6.654567e-06	2.066585e-08	4.762867e+01	1.352683e+03
1.700000e-06	6.644781e-06	2.065072e-08	4.755863e+01	1.351403e+03
1.710000e-06	6.632875e-06	2.063360e-08	4.747341e+01	1.349965e+03
1.720000e-06	6.618640e-06	2.062198e-08	4.737153e+01	1.348412e+03
1.730000e-06	6.602214e-06	2.059619e-08	4.725396e+01	1.346772e+03
1.740000e-06	6.583702e-06	2.048826e-08	4.712146e+01	1.345045e+03
1.750000e-06	6.562434e-06	2.046809e-08	4.696925e+01	1.343202e+03
1.760000e-06	6.537909e-06	2.048312e-08	4.679371e+01	1.341189e+03
1.770000e-06	6.510685e-06	2.042943e-08	4.659886e+01	1.338937e+03
1.780000e-06	6.481441e-06	2.044345e-08	4.638955e+01	1.336374e+03
1.790000e-06	6.450427e-06	2.042536e-08	4.616758e+01	1.333441e+03
1.800000e-06	6.417885e-06	2.026167e-08	4.593467e+01	1.330107e+03
1.810000e-06	6.383435e-06	2.032298e-08	4.568810e+01	1.326373e+03
1.820000e-06	6.346762e-06	2.022109e-08	4.542562e+01	1.322272e+03
1.830000e-06	6.307911e-06	2.001572e-08	4.514755e+01	1.317864e+03
1.840000e-06	6.266690e-06	2.009801e-08	4.485252e+01	1.313219e+03
1.850000e-06	6.223361e-06	1.989922e-08	4.454240e+01	1.308405e+03
1.860000e-06	6.177957e-06	1.980934e-08	4.421743e+01	1.303472e+03
1.870000e-06	6.130218e-06	1.977519e-08	4.387575e+01	1.298442e+03
1.880000e-06	6.080243e-06	1.959277e-08	4.351806e+01	1.293309e+03
1.890000e-06	6.027722e-06	1.964609e-08	4.314215e+01	1.288041e+03
1.900000e-06	5.972562e-06	1.955304e-08	4.274736e+01	1.282589e+03
1.910000e-06	5.915184e-06	1.947768e-08	4.233669e+01	1.276904e+03
1.920000e-06	5.855732e-06	1.939197e-08	4.191117e+01	1.270944e+03
1.930000e-06	5.794241e-06	1.919440e-08	4.147107e+01	1.264685e+03
1.940000e-06	5.730509e-06	1.918337e-08	4.101491e+01	1.258121e+03
1.950000e-06	5.664600e-06	1.903739e-08	4.054319e+01	1.251268e+03
1.960000e-06	5.596555e-06	1.899153e-08	4.005617e+01	1.244149e+03
1.970000e-06	5.526266e-06	1.888549e-08	3.955309e+01	1.236790e+03
1.980000e-06	5.453926e-06	1.872022e-08	3.903533e+01	1.229209e+03
1.990000e-06	5.379602e-06	1.863950e-08	3.850337e+01	1.221409e+03
2.000000e-06	5.303252e-06	1.843652e-08	3.795691e+01	1.213378e+03
2.010000e-06	5.224724e-06	1.836022e-08	3.739487e+01	1.205091e+03
2.020000e-06	5.144182e-06	1.823421e-08	3.681840e+01	1.196518e+03
2.030000e-06	5.061911e-06	1.810628e-08	3.622957e+01	1.187629e+03
2.040000e-06	4.977918e-06	1.797004e-08	3.562840e+01	1.178405e+03
2.050000e-06	4.892157e-06	1.779682e-08	3.501459e+01	1.168837e+03
2.060000e-06	4.804529e-06	1.767005e-08	3.438741e+01	1.158932e+03
2.070000e-06	4.715231e-06	1.747626e-08	3.374828e+01	1.148706e+03
2.080000e-06	4.624440e-06	1.732927e-08	3.309846e+01	1.138178e+03
2.090000e-06	4.532114e-06	1.715930e-08	3.243766e+01	1.127362e+03
2.100000e-06	4.438159e-06	1.701245e-08	3.176519e+01	1.116265e+03
2.110000e-06	4.342517e-06	1.685402e-08	3.108065e+01	1.104884e+03
2.120000e-06	4.245419e-06	1.667234e-08	3.038570e+01	1.093200e+03
2.130000e-06	4.146988e-06	1.648460e-08	2.968119e+01	1.081192e+03
2.140000e-06	4.047093e-06	1.626597e-08	2.896622e+01	1.068835e+03
2.150000e-06	3.945624e-06	1.606690e-08	2.823997e+01	1.056109e+03
2.160000e-06	3.842603e-06	1.586944e-08	2.750262e+01	1.043002e+03
2.170000e-06	3.738170e-06	1.569699e-08	2.675517e+01	1.029510e+03
2.180000e-06	3.632431e-06	1.549840e-08	2.599837e+01	1.015640e+03
2.190000e-06	3.525472e-06	1.528096e-08	2.523282e+01	1.001398e+03
2.200000e-06	3.417341e-06	1.504388e-08	2.445890e+01	9.867908e+02
2.210000e-06	3.307984e-06	1.480956e-08	2.367620e+01	9.718193e+02
2.220000e-06	3.197329e-06	1.458251e-08	2.288421e+01	9.564747e+02
2.230000e-06	3.085464e-06	1.435197e-08	2.208356e+01	9.407401e+02
2.240000e-06	2.972411e-06	1.410886e-08	2.127441e+01	9.245933e+02
2.250000e-06	2.858191e-06	1.384815e-08	2.045690e+01	9.080110e+02
2.260000e-06	2.742846e-06	1.358736e-08	1.963134e+01	8.909735e+02
2.270000e-06	2.626351e-06	1.331908e-08	1.879756e+01	8.734677e+02
2.280000e-06	2.508723e-06	1.305083e-08	1.795566e+01	8.554884e+02
2.290000e-06	2.390026e-06	1.277339e-08	1.710611e+01	8.370363e+02
2.300000e-06	2.270409e-06	1.248856e-08	1.624998e+01	8.181142e+02
2.310000e-06	2.149963e-06	1.219218e-08	1.538791e+01	7.987223e+02
2.320000e-06	2.028802e-06	1.189274e-08	1.452073e+01	7.788543e+02
2.330000e-06	1.907059e-06	1.158542e-08	1.364938e+01	7.584951e+02
2.340000e-06	1.784740e-06	1.126297e-08	1.277390e+01	7.376218e+02
2.350000e-06	1.661825e-06	1.092378e-08	1.189416e+01	7.162067e+02
2.360000e-06	1.538380e-06	1.058146e-08	1.101063e+01	6.942221e+02
2.370000e-06	1.414470e-06	1.024489e-08	1.012377e+01	6.716459e+02
2.380000e-06	1.290124e-06	9.902138e-09	9.233790e+00	6.484651e+02
2.390000e-06	1.165350e-06	9.548372e-09	8.340750e+00	6.246769e+02
2.400000e-06	1.040137e-06	9.175911e-09	7.444565e+00	6.002872e+02
2.410000e-06	9.144962e-07	8.790459e-09	6.545315e+00	5.753064e+02
2.420000e-06	7.885215e-07	8.395368e-09	5.643677e+00	5.497432e+02
2.430000e-06	6.622621e-07	7.997110e-09	4.740002e+00	5.235998e+02
2.440000e-06	5.357813e-07	7.593982e-09	3.834743e+00	4.968679e+02
2.450000e-06	4.091598e-07	7.176178e-09	2.928475e+00	4.695285e+02
2.460000e-06	2.823364e-07	6.745409e-09	2.020764e+00	4.415529e+02
2.470000e-06	1.553279e-07	6.305860e-09	1.111727e+00	4.129074e+02
2.480000e-06	2.829290e-08	5.859844e-09	2.025005e-01	3.835571e+02
2.490000e-06	-9.870808e-08	5.403960e-09	-7.064824e-01	3.534684e+02
2.500000e-06	-2.256911e-07	4.935585e-09	-1.615337e+00	3.226083e+02
2.510000e-06	-3.526104e-07	4.452281e-09	-2.523735e+00	2.909410e+02
2.520000e-06	-4.794388e-07	3.952338e-09	-3.431483e+00	2.584206e+02
2.530000e-06	-6.061553e-07	3.439969e-09	-4.338429e+00	2.249831e+02
2.540000e-06	-7.326528e-07	2.915288e-09	-5.243809e+00	1.905405e+02
2.550000e-06	-8.588662e-07	2.373185e-09	-6.147154e+00	1.549786e+02
2.560000e-06	-9.847550e-07	1.809547e-09	-7.048178e+00	1.181617e+02
2.570000e-06	-1.110233e-06	1.222962e-09	-7.946257e+00	7.994532e+01
2.580000e-06	-1.235254e-06	6.167179e-10	-8.841068e+00	4.019505e+01
2.590000e-06	-1.359769e-06	-9.553859e-12	-9.732259e+00	-1.189404e+00
2.600000e-06	-1.483774e-06	-6.629415e-10	-1.061980e+01	-4.424955e+01
2.610000e-06	-1.607240e-06	-1.345228e-09	-1.150349e+01	-8.894676e+01
2.620000e-06	-1.730055e-06	-2.052177e-09	-1.238250e+01	-1.351483e+02
2.630000e-06	-1.852211e-06	-2.778907e-09	-1.325681e+01	-1.826239e+02
2.640000e-06	-1.973800e-06	-3.520887e-09	-1.412706e+01	-2.310533e+02
2.650000e-06	-2.094742e-06	-4.271050e-09	-1.499267e+01	-2.800453e+02
2.660000e-06	-2.214855e-06	-5.019884e-09	-1.585236e+01	-3.291646e+02
2.670000e-06	-2.334043e-06	-5.762287e-09	-1.670543e+01	-3.779635e+02
2.680000e-06	-2.452233e-06	-6.494540e-09	-1.755135e+01	-4.260131e+02
2.690000e-06	-2.569368e-06	-7.211009e-09	-1.838972e+01	-4.729312e+02
2.700000e-06	-2.685392e-06	-7.906232e-09	-1.922013e+01	-5.184022e+02
2.710000e-06	-2.800283e-06	-8.576823e-09	-2.004244e+01	-5.621887e+02
2.720000e-06	-2.914010e-06	-9.221837e-09	-2.085642e+01	-6.041335e+02
2.730000e-06	-3.026501e-06	-9.838682e-09	-2.166154e+01	-6.441542e+02
2.740000e-06	-3.137776e-06	-1.042423e-08	-2.245797e+01	-6.822316e+02
2.750000e-06	-3.247917e-06	-1.097714e-08	-2.324628e+01	-7.183947e+02
2.760000e-06	-3.356950e-06	-1.149962e-08	-2.402667e+01	-7.527060e+02
2.770000e-06	-3.464869e-06	-1.199601e-08	-2.479907e+01	-7.852475e+02
2.780000e-06	-3.571667e-06	-1.246642e-08	-2.556346e+01	-8.161096e+02
2.790000e-06	-3.677367e-06	-1.291182e-08	-2.631998e+01	-8.453837e+02
2.800000e-06	-3.781823e-06	-1.333516e-08	-2.706760e+01	-8.731579e+02
2.810000e-06	-3.884840e-06	-1.373793e-08	-2.780493e+01	-8.995151e+02
2.820000e-06	-3.986366e-06	-1.412305e-08	-2.853158e+01	-9.245336e+02
2.830000e-06	-4.086398e-06	-1.448850e-08	-2.924753e+01	-9.482876e+02
2.840000e-06	-4.185052e-06	-1.483412e-08	-2.995363e+01	-9.708490e+02
2.850000e-06	-4.282428e-06	-1.516308e-08	-3.065058e+01	-9.922880e+02
2.860000e-06	-4.378342e-06	-1.547468e-08	-3.133707e+01	-1.012673e+03
2.870000e-06	-4.472584e-06	-1.576826e-08	-3.201158e+01	-1.032071e+03
2.880000e-06	-4.565204e-06	-1.604712e-08	-3.267449e+01	-1.050544e+03
2.890000e-06	-4.656230e-06	-1.631373e-08	-3.332599e+01	-1.068149e+03
2.900000e-06	-4.745575e-06	-1.656842e-08	-3.396546e+01	-1.084939e+03
2.910000e-06	-4.833150e-06	-1.681307e-08	-3.459226e+01	-1.100955e+03
2.920000e-06	-4.918869e-06	-1.704782e-08	-3.520577e+01	-1.116233e+03
2.930000e-06	-5.002815e-06	-1.727390e-08	-3.580660e+01	-1.130803e+03
2.940000e-06	-5.085071e-06	-1.748923e-08	-3.639533e+01	-1.144688e+03
2.950000e-06	-5.165503e-06	-1.769208e-08	-3.697100e+01	-1.157912e+03
2.960000e-06	-5.243881e-06	-1.788339e-08	-3.753198e+01	-1.170497e+03
2.970000e-06	-5.320105e-06	-1.806577e-08	-3.807754e+01	-1.182471e+03
2.980000e-06	-5.394293e-06	-1.823951e-08	-3.860852e+01	-1.193867e+03
2.990000e-06	-5.466588e-06	-1.840242e-08	-3.912596e+01	-1.204719e+03
3.000000e-06	-5.536875e-06	-1.855712e-08	-3.962902e+01	-1.215063e+03
3.010000e-06	-5.605047e-06	-1.870580e-08	-4.011695e+01	-1.224934e+03
3.020000e-06	-5.671267e-06	-1.884828e-08	-4.059090e+01	-1.234358e+03
3.030000e-06	-5.735601e-06	-1.898387e-08	-4.105136e+01	-1.243352e+03
3.040000e-06	-5.797883e-06	-1.911408e-08	-4.149713e+01	-1.251922e+03
3.050000e-06	-5.857970e-06	-1.923768e-08	-4.192719e+01	-1.260063e+03
3.060000e-06	-5.915949e-06	-1.935338e-08	-4.234216e+01	-1.267764e+03
3.070000e-06	-5.971902e-06	-1.946073e-08	-4.274263e+01	-1.275010e+03
3.080000e-06	-6.025634e-06	-1.955984e-08	-4.312721e+01	-1.281795e+03
3.090000e-06	-6.076917e-06	-1.965415e-08	-4.349426e+01	-1.288122e+03
3.100000e-06	-6.125650e-06	-1.974201e-08	-4.384305e+01	-1.294008e+03
3.110000e-06	-6.172056e-06	-1.982479e-08	-4.417520e+01	-1.299485e+03
3.120000e-06	-6.216492e-06	-1.990285e-08	-4.449324e+01	-1.304595e+03
3.130000e-06	-6.258988e-06	-1.997474e-08	-4.479739e+01	-1.309383e+03
3.140000e-06	-6.299416e-06	-2.004177e-08	-4.508675e+01	-1.313891e+03
3.150000e-06	-6.337592e-06	-2.010317e-08	-4.535999e+01	-1.318150e+03
3.160000e-06	-6.373437e-06	-2.016253e-08	-4.561654e+01	-1.322171e+03
3.170000e-06	-6.407024e-06	-2.021920e-08	-4.585693e+01	-1.325949e+03
3.180000e-06	-6.438313e-06	-2.027263e-08	-4.608088e+01	-1.329464e+03
3.190000e-06	-6.467193e-06	-2.031973e-08	-4.628758e+01	-1.332686e+03
3.200000e-06	-6.493794e-06	-2.036143e-08	-4.647797e+01	-1.335586e+03
3.210000e-06	-6.518173e-06	-2.039846e-08	-4.665245e+01	-1.338143e+03
3.220000e-06	-6.540140e-06	-2.043187e-08	-4.680968e+01	-1.340352e+03
3.230000e-06	-6.559758e-06	-2.046197e-08	-4.695009e+01	-1.342223e+03
3.240000e-06	-6.577126e-06	-2.048785e-08	-4.707440e+01	-1.343782e+03
3.250000e-06	-6.591986e-06	-2.050900e-08	-4.718075e+01	-1.345061e+03
3.260000e-06	-6.604170e-06	-2.052270e-08	-4.726796e+01	-1.346092e+03
3.270000e-06	-6.613912e-06	-2.053011e-08	-4.733768e+01	-1.346901e+03
3.280000e-06	-6.621322e-06	-2.053300e-08	-4.739073e+01	-1.347494e+03
3.290000e-06	-6.626286e-06	-2.053246e-08	-4.742625e+01	-1.347868e+03
3.300000e-06	-6.628912e-06	-2.052880e-08	-4.744505e+01	-1.348004e+03
3.310000e-06	-6.629354e-06	-2.052464e-08	-4.744821e+01	-1.347879e+03
