# Temperatura_=_54.23
# Concentracion g/m^3_=_26700.0
# C_Vs_to_Am_M_A/Vsm_=_65563218390.804596
# pendiente_HvsI_1/m_=_3716.3
# ordenada_HvsI_A/m_=_1297.0
# frecuencia_Hz_=_302068.811373246

Tiempo_(s)	Campo_(V.s)	Magnetizacion_(V.s)	Campo_(kA/m)	Magnetizacion_(A/m)
0.000000e+00	-6.666477e-06	-2.106021e-08	-4.744671e+01	-1.381644e+03
1.000000e-08	-6.664263e-06	-2.105985e-08	-4.743095e+01	-1.381183e+03
2.000000e-08	-6.659775e-06	-2.104783e-08	-4.739901e+01	-1.380472e+03
3.000000e-08	-6.653255e-06	-2.103295e-08	-4.735260e+01	-1.379520e+03
4.000000e-08	-6.644632e-06	-2.101629e-08	-4.729123e+01	-1.378347e+03
5.000000e-08	-6.633640e-06	-2.099409e-08	-4.721300e+01	-1.376978e+03
6.000000e-08	-6.620217e-06	-2.096779e-08	-4.711747e+01	-1.375441e+03
7.000000e-08	-6.604406e-06	-2.092969e-08	-4.700494e+01	-1.373760e+03
8.000000e-08	-6.586328e-06	-2.091289e-08	-4.687627e+01	-1.371943e+03
9.000000e-08	-6.566098e-06	-2.095514e-08	-4.673228e+01	-1.369985e+03
1.000000e-07	-6.543392e-06	-2.090817e-08	-4.657069e+01	-1.367860e+03
1.100000e-07	-6.517957e-06	-2.081602e-08	-4.638966e+01	-1.365532e+03
1.200000e-07	-6.490007e-06	-2.078520e-08	-4.619073e+01	-1.362957e+03
1.300000e-07	-6.459968e-06	-2.073322e-08	-4.597694e+01	-1.360094e+03
1.400000e-07	-6.428125e-06	-2.061500e-08	-4.575031e+01	-1.356916e+03
1.500000e-07	-6.394390e-06	-2.066589e-08	-4.551020e+01	-1.353411e+03
1.600000e-07	-6.358582e-06	-2.065704e-08	-4.525535e+01	-1.349591e+03
1.700000e-07	-6.320826e-06	-2.046133e-08	-4.498664e+01	-1.345483e+03
1.800000e-07	-6.280970e-06	-2.051409e-08	-4.470297e+01	-1.341124e+03
1.900000e-07	-6.238626e-06	-2.039456e-08	-4.440160e+01	-1.336554e+03
2.000000e-07	-6.193944e-06	-2.026101e-08	-4.408359e+01	-1.331801e+03
2.100000e-07	-6.147092e-06	-2.030793e-08	-4.375014e+01	-1.326882e+03
2.200000e-07	-6.097672e-06	-2.020729e-08	-4.339840e+01	-1.321790e+03
2.300000e-07	-6.045580e-06	-2.013985e-08	-4.302765e+01	-1.316505e+03
2.400000e-07	-5.991139e-06	-2.002512e-08	-4.264018e+01	-1.310994e+03
2.500000e-07	-5.934422e-06	-1.989380e-08	-4.223652e+01	-1.305220e+03
2.600000e-07	-5.875418e-06	-1.980044e-08	-4.181658e+01	-1.299153e+03
2.700000e-07	-5.814260e-06	-1.969624e-08	-4.138130e+01	-1.292774e+03
2.800000e-07	-5.751047e-06	-1.964814e-08	-4.093140e+01	-1.286081e+03
2.900000e-07	-5.685719e-06	-1.953390e-08	-4.046645e+01	-1.279082e+03
3.000000e-07	-5.618220e-06	-1.941312e-08	-3.998604e+01	-1.271798e+03
3.100000e-07	-5.548557e-06	-1.927083e-08	-3.949023e+01	-1.264251e+03
3.200000e-07	-5.476861e-06	-1.913497e-08	-3.897996e+01	-1.256458e+03
3.300000e-07	-5.403111e-06	-1.905848e-08	-3.845506e+01	-1.248426e+03
3.400000e-07	-5.327161e-06	-1.892092e-08	-3.791451e+01	-1.240153e+03
3.500000e-07	-5.249094e-06	-1.880059e-08	-3.735889e+01	-1.231622e+03
3.600000e-07	-5.168877e-06	-1.866851e-08	-3.678797e+01	-1.222814e+03
3.700000e-07	-5.086750e-06	-1.852507e-08	-3.620346e+01	-1.213707e+03
3.800000e-07	-5.002996e-06	-1.838243e-08	-3.560737e+01	-1.204284e+03
3.900000e-07	-4.917620e-06	-1.822212e-08	-3.499973e+01	-1.194536e+03
4.000000e-07	-4.830691e-06	-1.807144e-08	-3.438104e+01	-1.184462e+03
4.100000e-07	-4.742096e-06	-1.790693e-08	-3.375049e+01	-1.174068e+03
4.200000e-07	-4.651792e-06	-1.775900e-08	-3.310778e+01	-1.163361e+03
4.300000e-07	-4.559882e-06	-1.760521e-08	-3.245363e+01	-1.152347e+03
4.400000e-07	-4.466394e-06	-1.743475e-08	-3.178826e+01	-1.141026e+03
4.500000e-07	-4.371322e-06	-1.724767e-08	-3.111161e+01	-1.129389e+03
4.600000e-07	-4.274563e-06	-1.704341e-08	-3.042296e+01	-1.117422e+03
4.700000e-07	-4.176221e-06	-1.684893e-08	-2.972304e+01	-1.105106e+03
4.800000e-07	-4.076430e-06	-1.666001e-08	-2.901280e+01	-1.092426e+03
4.900000e-07	-3.975163e-06	-1.647673e-08	-2.829206e+01	-1.079369e+03
5.000000e-07	-3.872523e-06	-1.627738e-08	-2.756155e+01	-1.065931e+03
5.100000e-07	-3.768496e-06	-1.606005e-08	-2.682117e+01	-1.052114e+03
5.200000e-07	-3.662996e-06	-1.583082e-08	-2.607031e+01	-1.037925e+03
5.300000e-07	-3.556095e-06	-1.560194e-08	-2.530947e+01	-1.023371e+03
5.400000e-07	-3.447860e-06	-1.538114e-08	-2.453914e+01	-1.008454e+03
5.500000e-07	-3.338336e-06	-1.515067e-08	-2.375963e+01	-9.931682e+02
5.600000e-07	-3.227680e-06	-1.490944e-08	-2.297207e+01	-9.774989e+02
5.700000e-07	-3.115856e-06	-1.465785e-08	-2.217620e+01	-9.614236e+02
5.800000e-07	-3.002648e-06	-1.440303e-08	-2.137047e+01	-9.449163e+02
5.900000e-07	-2.888154e-06	-1.414300e-08	-2.055560e+01	-9.279531e+02
6.000000e-07	-2.772497e-06	-1.387850e-08	-1.973244e+01	-9.105163e+02
6.100000e-07	-2.655720e-06	-1.360673e-08	-1.890131e+01	-8.925979e+02
6.200000e-07	-2.537953e-06	-1.332396e-08	-1.806314e+01	-8.741988e+02
6.300000e-07	-2.419344e-06	-1.303722e-08	-1.721898e+01	-8.553262e+02
6.400000e-07	-2.299933e-06	-1.274351e-08	-1.636910e+01	-8.359883e+02
6.500000e-07	-2.179591e-06	-1.244241e-08	-1.551260e+01	-8.161881e+02
6.600000e-07	-2.058276e-06	-1.212891e-08	-1.464918e+01	-7.959189e+02
6.700000e-07	-1.936174e-06	-1.180685e-08	-1.378015e+01	-7.751623e+02
6.800000e-07	-1.813460e-06	-1.147993e-08	-1.290677e+01	-7.538895e+02
6.900000e-07	-1.690134e-06	-1.114673e-08	-1.202904e+01	-7.320659e+02
7.000000e-07	-1.566204e-06	-1.080716e-08	-1.114700e+01	-7.096578e+02
7.100000e-07	-1.441747e-06	-1.045898e-08	-1.026122e+01	-6.866386e+02
7.200000e-07	-1.316825e-06	-1.009759e-08	-9.372115e+00	-6.629943e+02
7.300000e-07	-1.191487e-06	-9.722414e-09	-8.480059e+00	-6.387241e+02
7.400000e-07	-1.065785e-06	-9.342029e-09	-7.585416e+00	-6.138382e+02
7.500000e-07	-9.397528e-07	-8.955138e-09	-6.688417e+00	-5.883518e+02
7.600000e-07	-8.134610e-07	-8.559359e-09	-5.789571e+00	-5.622773e+02
7.700000e-07	-6.869620e-07	-8.152054e-09	-4.889252e+00	-5.356173e+02
7.800000e-07	-5.602409e-07	-7.736743e-09	-3.987351e+00	-5.083598e+02
7.900000e-07	-4.333712e-07	-7.312300e-09	-3.084393e+00	-4.804776e+02
8.000000e-07	-3.063826e-07	-6.872865e-09	-2.180589e+00	-4.519314e+02
8.100000e-07	-1.792758e-07	-6.422962e-09	-1.275944e+00	-4.226760e+02
8.200000e-07	-5.211763e-08	-5.965265e-09	-3.709320e-01	-3.926671e+02
8.300000e-07	7.508390e-08	-5.498210e-09	5.343878e-01	-3.618667e+02
8.400000e-07	2.023660e-07	-5.017007e-09	1.440281e+00	-3.302433e+02
8.500000e-07	3.296330e-07	-4.524352e-09	2.346067e+00	-2.977687e+02
8.600000e-07	4.567496e-07	-4.019325e-09	3.250782e+00	-2.644082e+02
8.700000e-07	5.837176e-07	-3.497865e-09	4.154440e+00	-2.301100e+02
8.800000e-07	7.105442e-07	-2.957009e-09	5.057091e+00	-1.947942e+02
8.900000e-07	8.371758e-07	-2.397996e-09	5.958354e+00	-1.583472e+02
9.000000e-07	9.635941e-07	-1.822874e-09	6.858100e+00	-1.206238e+02
9.100000e-07	1.089772e-06	-1.226905e-09	7.756132e+00	-8.145940e+01
9.200000e-07	1.215625e-06	-6.068601e-10	8.651858e+00	-4.069135e+01
9.300000e-07	1.341084e-06	3.987059e-11	9.544774e+00	1.812302e+00
9.400000e-07	1.466089e-06	7.136126e-10	1.043446e+01	4.612193e+01
9.500000e-07	1.590598e-06	1.416299e-09	1.132062e+01	9.221836e+01
9.600000e-07	1.714578e-06	2.144106e-09	1.220301e+01	1.399735e+02
9.700000e-07	1.837924e-06	2.894232e-09	1.308089e+01	1.891437e+02
9.800000e-07	1.960599e-06	3.662127e-09	1.395399e+01	2.393774e+02
9.900000e-07	2.082626e-06	4.439603e-09	1.482248e+01	2.902379e+02
1.000000e-06	2.203804e-06	5.219925e-09	1.568493e+01	3.412356e+02
1.010000e-06	2.323965e-06	5.992664e-09	1.654014e+01	3.918674e+02
1.020000e-06	2.443161e-06	6.750923e-09	1.738849e+01	4.416554e+02
1.030000e-06	2.561480e-06	7.486928e-09	1.823059e+01	4.901805e+02
1.040000e-06	2.678934e-06	8.199406e-09	1.906653e+01	5.371060e+02
1.050000e-06	2.795428e-06	8.884532e-09	1.989564e+01	5.821897e+02
1.060000e-06	2.910846e-06	9.539680e-09	2.071710e+01	6.252830e+02
1.070000e-06	3.025075e-06	1.016388e-08	2.153009e+01	6.663214e+02
1.080000e-06	3.138017e-06	1.075519e-08	2.233392e+01	7.053078e+02
1.090000e-06	3.249672e-06	1.131690e-08	2.312859e+01	7.422925e+02
1.100000e-06	3.360162e-06	1.184917e-08	2.391497e+01	7.773553e+02
1.110000e-06	3.469580e-06	1.235384e-08	2.469373e+01	8.105896e+02
1.120000e-06	3.577918e-06	1.283192e-08	2.546479e+01	8.420925e+02
1.130000e-06	3.685072e-06	1.328579e-08	2.622742e+01	8.719586e+02
1.140000e-06	3.790870e-06	1.371689e-08	2.698041e+01	9.002783e+02
1.150000e-06	3.895170e-06	1.412749e-08	2.772274e+01	9.271379e+02
1.160000e-06	3.998042e-06	1.451810e-08	2.845490e+01	9.526216e+02
1.170000e-06	4.099606e-06	1.488677e-08	2.917775e+01	9.768119e+02
1.180000e-06	4.199813e-06	1.523479e-08	2.989094e+01	9.997901e+02
1.190000e-06	4.298546e-06	1.556643e-08	3.059365e+01	1.021635e+03
1.200000e-06	4.395594e-06	1.588362e-08	3.128436e+01	1.042424e+03
1.210000e-06	4.490945e-06	1.618555e-08	3.196299e+01	1.062225e+03
1.220000e-06	4.584775e-06	1.647313e-08	3.263080e+01	1.081102e+03
1.230000e-06	4.677120e-06	1.674769e-08	3.328804e+01	1.099112e+03
1.240000e-06	4.767893e-06	1.700893e-08	3.393409e+01	1.116303e+03
1.250000e-06	4.856882e-06	1.725690e-08	3.456744e+01	1.132717e+03
1.260000e-06	4.944020e-06	1.749442e-08	3.518762e+01	1.148389e+03
1.270000e-06	5.029458e-06	1.772273e-08	3.579570e+01	1.163352e+03
1.280000e-06	5.113234e-06	1.794107e-08	3.639195e+01	1.177633e+03
1.290000e-06	5.195145e-06	1.814840e-08	3.697493e+01	1.191258e+03
1.300000e-06	5.275025e-06	1.834669e-08	3.754345e+01	1.204251e+03
1.310000e-06	5.352931e-06	1.853562e-08	3.809792e+01	1.216639e+03
1.320000e-06	5.428906e-06	1.871306e-08	3.863865e+01	1.228446e+03
1.330000e-06	5.502813e-06	1.888227e-08	3.916467e+01	1.239698e+03
1.340000e-06	5.574559e-06	1.904499e-08	3.967529e+01	1.250422e+03
1.350000e-06	5.644256e-06	1.920072e-08	4.017135e+01	1.260645e+03
1.360000e-06	5.712000e-06	1.935088e-08	4.065350e+01	1.270390e+03
1.370000e-06	5.777698e-06	1.949588e-08	4.112108e+01	1.279677e+03
1.380000e-06	5.841305e-06	1.963447e-08	4.157379e+01	1.288521e+03
1.390000e-06	5.902920e-06	1.976426e-08	4.201231e+01	1.296930e+03
1.400000e-06	5.962613e-06	1.988798e-08	4.243716e+01	1.304907e+03
1.410000e-06	6.020193e-06	2.000656e-08	4.284697e+01	1.312450e+03
1.420000e-06	6.075565e-06	2.011643e-08	4.324106e+01	1.319557e+03
1.430000e-06	6.128752e-06	2.021685e-08	4.361961e+01	1.326229e+03
1.440000e-06	6.179438e-06	2.031144e-08	4.398035e+01	1.332473e+03
1.450000e-06	6.227533e-06	2.040319e-08	4.432265e+01	1.338304e+03
1.460000e-06	6.273362e-06	2.049014e-08	4.464882e+01	1.343745e+03
1.470000e-06	6.317160e-06	2.056984e-08	4.496054e+01	1.348827e+03
1.480000e-06	6.358675e-06	2.064383e-08	4.525602e+01	1.353580e+03
1.490000e-06	6.397829e-06	2.071394e-08	4.553468e+01	1.358035e+03
1.500000e-06	6.434892e-06	2.077828e-08	4.579847e+01	1.362212e+03
1.510000e-06	6.469803e-06	2.083745e-08	4.604694e+01	1.366123e+03
1.520000e-06	6.502358e-06	2.089322e-08	4.627864e+01	1.369765e+03
1.530000e-06	6.532575e-06	2.094558e-08	4.649370e+01	1.373125e+03
1.540000e-06	6.560573e-06	2.099325e-08	4.669297e+01	1.376186e+03
1.550000e-06	6.586179e-06	2.103544e-08	4.687521e+01	1.378928e+03
1.560000e-06	6.609287e-06	2.107180e-08	4.703967e+01	1.381338e+03
1.570000e-06	6.630118e-06	2.110132e-08	4.718793e+01	1.383411e+03
1.580000e-06	6.648740e-06	2.112736e-08	4.732047e+01	1.385155e+03
1.590000e-06	6.664940e-06	2.115222e-08	4.743577e+01	1.386585e+03
1.600000e-06	6.678610e-06	2.117250e-08	4.753306e+01	1.387726e+03
1.610000e-06	6.689651e-06	2.118711e-08	4.761164e+01	1.388600e+03
1.620000e-06	6.698025e-06	2.119590e-08	4.767124e+01	1.389227e+03
1.630000e-06	6.704018e-06	2.120125e-08	4.771389e+01	1.389618e+03
1.640000e-06	6.707817e-06	2.120393e-08	4.774093e+01	1.389774e+03
1.650000e-06	6.709197e-06	2.120430e-08	4.775075e+01	1.389692e+03
1.660000e-06	6.708155e-06	2.119843e-08	4.774333e+01	1.389363e+03
1.670000e-06	6.704982e-06	2.118662e-08	4.772075e+01	1.388783e+03
1.680000e-06	6.699601e-06	2.117729e-08	4.768246e+01	1.387957e+03
1.690000e-06	6.691924e-06	2.116281e-08	4.762782e+01	1.386898e+03
1.700000e-06	6.682122e-06	2.114443e-08	4.755806e+01	1.385628e+03
1.710000e-06	6.670091e-06	2.112698e-08	4.747243e+01	1.384177e+03
1.720000e-06	6.655562e-06	2.111780e-08	4.736902e+01	1.382569e+03
1.730000e-06	6.638875e-06	2.107878e-08	4.725026e+01	1.380822e+03
1.740000e-06	6.620179e-06	2.095989e-08	4.711719e+01	1.378940e+03
1.750000e-06	6.598696e-06	2.095660e-08	4.696429e+01	1.376906e+03
1.760000e-06	6.573956e-06	2.096847e-08	4.678821e+01	1.374690e+03
1.770000e-06	6.546611e-06	2.090488e-08	4.659359e+01	1.372251e+03
1.780000e-06	6.517233e-06	2.093122e-08	4.638450e+01	1.369545e+03
1.790000e-06	6.486031e-06	2.089883e-08	4.616243e+01	1.366537e+03
1.800000e-06	6.453351e-06	2.072597e-08	4.592984e+01	1.363205e+03
1.810000e-06	6.418766e-06	2.079593e-08	4.568369e+01	1.359550e+03
1.820000e-06	6.381911e-06	2.068051e-08	4.542139e+01	1.355590e+03
1.830000e-06	6.342826e-06	2.052448e-08	4.514321e+01	1.351359e+03
1.840000e-06	6.301355e-06	2.062782e-08	4.484806e+01	1.346895e+03
1.850000e-06	6.257782e-06	2.041975e-08	4.453794e+01	1.342236e+03
1.860000e-06	6.212077e-06	2.037203e-08	4.421265e+01	1.337403e+03
1.870000e-06	6.163953e-06	2.030345e-08	4.387014e+01	1.332403e+03
1.880000e-06	6.113567e-06	2.012848e-08	4.351153e+01	1.327224e+03
1.890000e-06	6.060574e-06	2.019647e-08	4.313437e+01	1.321836e+03
1.900000e-06	6.005018e-06	2.007332e-08	4.273896e+01	1.316206e+03
1.910000e-06	5.947338e-06	2.002492e-08	4.232844e+01	1.310297e+03
1.920000e-06	5.887562e-06	1.991038e-08	4.190300e+01	1.304085e+03
1.930000e-06	5.825619e-06	1.970856e-08	4.146214e+01	1.297558e+03
1.940000e-06	5.761409e-06	1.969708e-08	4.100515e+01	1.290719e+03
1.950000e-06	5.695115e-06	1.953552e-08	4.053332e+01	1.283583e+03
1.960000e-06	5.626651e-06	1.951157e-08	4.004605e+01	1.276172e+03
1.970000e-06	5.555885e-06	1.938425e-08	3.954239e+01	1.268507e+03
1.980000e-06	5.483048e-06	1.923653e-08	3.902400e+01	1.260602e+03
1.990000e-06	5.408241e-06	1.913365e-08	3.849158e+01	1.252457e+03
2.000000e-06	5.331321e-06	1.891275e-08	3.794412e+01	1.244065e+03
2.010000e-06	5.252258e-06	1.884075e-08	3.738141e+01	1.235407e+03
2.020000e-06	5.171281e-06	1.869371e-08	3.680508e+01	1.226460e+03
2.030000e-06	5.088595e-06	1.858423e-08	3.621659e+01	1.217206e+03
2.040000e-06	5.004183e-06	1.843602e-08	3.561581e+01	1.207631e+03
2.050000e-06	4.917897e-06	1.826431e-08	3.500170e+01	1.197729e+03
2.060000e-06	4.829760e-06	1.812441e-08	3.437441e+01	1.187504e+03
2.070000e-06	4.740018e-06	1.791948e-08	3.373569e+01	1.176962e+03
2.080000e-06	4.648809e-06	1.777088e-08	3.308654e+01	1.166111e+03
2.090000e-06	4.556007e-06	1.758930e-08	3.242605e+01	1.154953e+03
2.100000e-06	4.461459e-06	1.744299e-08	3.175314e+01	1.143485e+03
2.110000e-06	4.365297e-06	1.726989e-08	3.106873e+01	1.131695e+03
2.120000e-06	4.267716e-06	1.708992e-08	3.037423e+01	1.119566e+03
2.130000e-06	4.168753e-06	1.689383e-08	2.966989e+01	1.107081e+03
2.140000e-06	4.068288e-06	1.667055e-08	2.895485e+01	1.094225e+03
2.150000e-06	3.966167e-06	1.646475e-08	2.822803e+01	1.080989e+03
2.160000e-06	3.862535e-06	1.625876e-08	2.749047e+01	1.067373e+03
2.170000e-06	3.757549e-06	1.607691e-08	2.674326e+01	1.053380e+03
2.180000e-06	3.651252e-06	1.586714e-08	2.598672e+01	1.039019e+03
2.190000e-06	3.543781e-06	1.564467e-08	2.522183e+01	1.024295e+03
2.200000e-06	3.435097e-06	1.539675e-08	2.444830e+01	1.009206e+03
2.210000e-06	3.325086e-06	1.515164e-08	2.366533e+01	9.937433e+02
2.220000e-06	3.213743e-06	1.491013e-08	2.287288e+01	9.778867e+02
2.230000e-06	3.101169e-06	1.467662e-08	2.207166e+01	9.616123e+02
2.240000e-06	2.987426e-06	1.443126e-08	2.126214e+01	9.448942e+02
2.250000e-06	2.872569e-06	1.416727e-08	2.044467e+01	9.277109e+02
2.260000e-06	2.756555e-06	1.389716e-08	1.961898e+01	9.100491e+02
2.270000e-06	2.639269e-06	1.361803e-08	1.878423e+01	8.919051e+02
2.280000e-06	2.520852e-06	1.333603e-08	1.794143e+01	8.732832e+02
2.290000e-06	2.401482e-06	1.304050e-08	1.709184e+01	8.541919e+02
2.300000e-06	2.281229e-06	1.274189e-08	1.623599e+01	8.346376e+02
2.310000e-06	2.160174e-06	1.243466e-08	1.537441e+01	8.146194e+02
2.320000e-06	2.038388e-06	1.212965e-08	1.450763e+01	7.941251e+02
2.330000e-06	1.915975e-06	1.181817e-08	1.363640e+01	7.731311e+02
2.340000e-06	1.793055e-06	1.149303e-08	1.276154e+01	7.516052e+02
2.350000e-06	1.669643e-06	1.114776e-08	1.188320e+01	7.295122e+02
2.360000e-06	1.545671e-06	1.079449e-08	1.100086e+01	7.068212e+02
2.370000e-06	1.421092e-06	1.044122e-08	1.011421e+01	6.835109e+02
2.380000e-06	1.295967e-06	1.008008e-08	9.223669e+00	6.595735e+02
2.390000e-06	1.170336e-06	9.710108e-09	8.329526e+00	6.350139e+02
2.400000e-06	1.044188e-06	9.325464e-09	7.431702e+00	6.098454e+02
2.410000e-06	9.176696e-07	8.930077e-09	6.531246e+00	5.840830e+02
2.420000e-06	7.909499e-07	8.524421e-09	5.629355e+00	5.577354e+02
2.430000e-06	6.640447e-07	8.117911e-09	4.726144e+00	5.307986e+02
2.440000e-06	5.369325e-07	7.708436e-09	3.821460e+00	5.032534e+02
2.450000e-06	4.096213e-07	7.280799e-09	2.915360e+00	4.750665e+02
2.460000e-06	2.821209e-07	6.833633e-09	2.007913e+00	4.461949e+02
2.470000e-06	1.544710e-07	6.375634e-09	1.099402e+00	4.165931e+02
2.480000e-06	2.672687e-08	5.911965e-09	1.902207e-01	3.862191e+02
2.490000e-06	-1.010663e-07	5.437558e-09	-7.193098e-01	3.550383e+02
2.500000e-06	-2.288313e-07	4.950867e-09	-1.628640e+00	3.230216e+02
2.510000e-06	-3.565106e-07	4.452226e-09	-2.537360e+00	2.901389e+02
2.520000e-06	-4.840565e-07	3.937467e-09	-3.445131e+00	2.563492e+02
2.530000e-06	-6.114585e-07	3.407065e-09	-4.351878e+00	2.215886e+02
2.540000e-06	-7.386661e-07	2.861364e-09	-5.257241e+00	1.857620e+02
2.550000e-06	-8.656427e-07	2.296360e-09	-6.160959e+00	1.487402e+02
2.560000e-06	-9.923685e-07	1.705647e-09	-7.062894e+00	1.103669e+02
2.570000e-06	-1.118724e-06	1.089685e-09	-7.962189e+00	7.047515e+01
2.580000e-06	-1.244625e-06	4.549291e-10	-8.858255e+00	2.891284e+01
2.590000e-06	-1.369989e-06	-2.009828e-10	-9.750494e+00	-1.442724e+01
2.600000e-06	-1.494735e-06	-8.858702e-10	-1.063834e+01	-5.957695e+01
2.610000e-06	-1.618829e-06	-1.599162e-09	-1.152154e+01	-1.064683e+02
2.620000e-06	-1.742270e-06	-2.336634e-09	-1.240010e+01	-1.549194e+02
2.630000e-06	-1.865112e-06	-3.095226e-09	-1.327439e+01	-2.046348e+02
2.640000e-06	-1.987322e-06	-3.870289e-09	-1.414419e+01	-2.552198e+02
2.650000e-06	-2.108769e-06	-4.652159e-09	-1.500855e+01	-3.062085e+02
2.660000e-06	-2.229393e-06	-5.430627e-09	-1.586705e+01	-3.571000e+02
2.670000e-06	-2.349201e-06	-6.199690e-09	-1.671975e+01	-4.073984e+02
2.680000e-06	-2.468159e-06	-6.950878e-09	-1.756640e+01	-4.566494e+02
2.690000e-06	-2.586147e-06	-7.677427e-09	-1.840615e+01	-5.044699e+02
2.700000e-06	-2.702957e-06	-8.378374e-09	-1.923751e+01	-5.505665e+02
2.710000e-06	-2.818521e-06	-9.053429e-09	-2.006000e+01	-5.947409e+02
2.720000e-06	-2.932962e-06	-9.701509e-09	-2.087450e+01	-6.368855e+02
2.730000e-06	-3.046252e-06	-1.031946e-08	-2.168081e+01	-6.769693e+02
2.740000e-06	-3.158263e-06	-1.090582e-08	-2.247801e+01	-7.150197e+02
2.750000e-06	-3.268959e-06	-1.146249e-08	-2.326587e+01	-7.511029e+02
2.760000e-06	-3.378486e-06	-1.198789e-08	-2.404539e+01	-7.853065e+02
2.770000e-06	-3.486939e-06	-1.248151e-08	-2.481727e+01	-8.177268e+02
2.780000e-06	-3.594331e-06	-1.294772e-08	-2.558160e+01	-8.484601e+02
2.790000e-06	-3.700625e-06	-1.339117e-08	-2.633812e+01	-8.775991e+02
2.800000e-06	-3.805671e-06	-1.381329e-08	-2.708575e+01	-9.052321e+02
2.810000e-06	-3.909296e-06	-1.421361e-08	-2.782327e+01	-9.314444e+02
2.820000e-06	-4.011341e-06	-1.459440e-08	-2.854955e+01	-9.563192e+02
2.830000e-06	-4.111838e-06	-1.495574e-08	-2.926481e+01	-9.799385e+02
2.840000e-06	-4.210979e-06	-1.530011e-08	-2.997041e+01	-1.002383e+03
2.850000e-06	-4.308757e-06	-1.563032e-08	-3.066632e+01	-1.023730e+03
2.860000e-06	-4.405044e-06	-1.594310e-08	-3.135162e+01	-1.044053e+03
2.870000e-06	-4.499798e-06	-1.623844e-08	-3.202600e+01	-1.063420e+03
2.880000e-06	-4.592838e-06	-1.651916e-08	-3.268819e+01	-1.081890e+03
2.890000e-06	-4.684213e-06	-1.678757e-08	-3.333852e+01	-1.099516e+03
2.900000e-06	-4.773989e-06	-1.704407e-08	-3.397747e+01	-1.116343e+03
2.910000e-06	-4.862042e-06	-1.728987e-08	-3.460416e+01	-1.132410e+03
2.920000e-06	-4.948218e-06	-1.752612e-08	-3.521750e+01	-1.147752e+03
2.930000e-06	-5.032517e-06	-1.775285e-08	-3.581747e+01	-1.162396e+03
2.940000e-06	-5.115145e-06	-1.796840e-08	-3.640555e+01	-1.176371e+03
2.950000e-06	-5.196013e-06	-1.817274e-08	-3.698111e+01	-1.189702e+03
2.960000e-06	-5.274847e-06	-1.836750e-08	-3.754218e+01	-1.202413e+03
2.970000e-06	-5.351503e-06	-1.855374e-08	-3.808776e+01	-1.214529e+03
2.980000e-06	-5.426105e-06	-1.872999e-08	-3.861872e+01	-1.226077e+03
2.990000e-06	-5.498756e-06	-1.889635e-08	-3.913579e+01	-1.237083e+03
3.000000e-06	-5.569364e-06	-1.905679e-08	-3.963832e+01	-1.247573e+03
3.010000e-06	-5.637886e-06	-1.921029e-08	-4.012601e+01	-1.257573e+03
3.020000e-06	-5.704431e-06	-1.935477e-08	-4.059962e+01	-1.267105e+03
3.030000e-06	-5.769103e-06	-1.949096e-08	-4.105991e+01	-1.276187e+03
3.040000e-06	-5.831712e-06	-1.962176e-08	-4.150551e+01	-1.284830e+03
3.050000e-06	-5.892108e-06	-1.974554e-08	-4.193536e+01	-1.293040e+03
3.060000e-06	-5.950389e-06	-1.986086e-08	-4.235016e+01	-1.300817e+03
3.070000e-06	-6.006697e-06	-1.997010e-08	-4.275091e+01	-1.308160e+03
3.080000e-06	-6.060825e-06	-2.007326e-08	-4.313615e+01	-1.315067e+03
3.090000e-06	-6.112441e-06	-2.016989e-08	-4.350352e+01	-1.321540e+03
3.100000e-06	-6.161502e-06	-2.025882e-08	-4.385270e+01	-1.327592e+03
3.110000e-06	-6.208197e-06	-2.034406e-08	-4.418503e+01	-1.333241e+03
3.120000e-06	-6.252818e-06	-2.042556e-08	-4.450261e+01	-1.338513e+03
3.130000e-06	-6.295457e-06	-2.050128e-08	-4.480608e+01	-1.343440e+03
3.140000e-06	-6.336029e-06	-2.057010e-08	-4.509484e+01	-1.348053e+03
3.150000e-06	-6.374332e-06	-2.063083e-08	-4.536745e+01	-1.352379e+03
3.160000e-06	-6.410334e-06	-2.068853e-08	-4.562369e+01	-1.356434e+03
3.170000e-06	-6.444134e-06	-2.074414e-08	-4.586425e+01	-1.360222e+03
3.180000e-06	-6.475643e-06	-2.079970e-08	-4.608850e+01	-1.363737e+03
3.190000e-06	-6.504737e-06	-2.085145e-08	-4.629557e+01	-1.366963e+03
3.200000e-06	-6.531501e-06	-2.089662e-08	-4.648606e+01	-1.369880e+03
3.210000e-06	-6.556013e-06	-2.093367e-08	-4.666051e+01	-1.372471e+03
3.220000e-06	-6.578088e-06	-2.096588e-08	-4.681762e+01	-1.374726e+03
3.230000e-06	-6.597776e-06	-2.099591e-08	-4.695775e+01	-1.376646e+03
3.240000e-06	-6.615232e-06	-2.102137e-08	-4.708198e+01	-1.378244e+03
3.250000e-06	-6.630221e-06	-2.104107e-08	-4.718866e+01	-1.379539e+03
3.260000e-06	-6.642504e-06	-2.105507e-08	-4.727608e+01	-1.380555e+03
3.270000e-06	-6.652254e-06	-2.106511e-08	-4.734548e+01	-1.381314e+03
3.280000e-06	-6.659628e-06	-2.107052e-08	-4.739796e+01	-1.381832e+03
3.290000e-06	-6.664534e-06	-2.107157e-08	-4.743287e+01	-1.382116e+03
3.300000e-06	-6.667080e-06	-2.106901e-08	-4.745100e+01	-1.382165e+03
3.310000e-06	-6.667380e-06	-2.106481e-08	-4.745313e+01	-1.381970e+03
