# Temperatura_=_82.44
# Concentracion g/m^3_=_26700.0
# C_Vs_to_Am_M_A/Vsm_=_65563218390.804596
# pendiente_HvsI_1/m_=_3716.3
# ordenada_HvsI_A/m_=_1297.0
# frecuencia_Hz_=_302420.58982961957

Tiempo_(s)	Campo_(V.s)	Magnetizacion_(V.s)	Campo_(kA/m)	Magnetizacion_(A/m)
0.000000e+00	-7.973585e-06	-2.389541e-08	-5.689034e+01	-1.563105e+03
1.000000e-08	-7.970216e-06	-2.388565e-08	-5.686630e+01	-1.562637e+03
2.000000e-08	-7.964281e-06	-2.387302e-08	-5.682395e+01	-1.561973e+03
3.000000e-08	-7.955751e-06	-2.385720e-08	-5.676309e+01	-1.561100e+03
4.000000e-08	-7.944429e-06	-2.383866e-08	-5.668231e+01	-1.560002e+03
5.000000e-08	-7.930156e-06	-2.381677e-08	-5.658048e+01	-1.558664e+03
6.000000e-08	-7.913080e-06	-2.378994e-08	-5.645864e+01	-1.557074e+03
7.000000e-08	-7.893696e-06	-2.375444e-08	-5.632034e+01	-1.555230e+03
8.000000e-08	-7.871919e-06	-2.373894e-08	-5.616497e+01	-1.553140e+03
9.000000e-08	-7.847140e-06	-2.371079e-08	-5.598817e+01	-1.550830e+03
1.000000e-07	-7.819163e-06	-2.367528e-08	-5.578856e+01	-1.548339e+03
1.100000e-07	-7.788178e-06	-2.363917e-08	-5.556749e+01	-1.545720e+03
1.200000e-07	-7.754324e-06	-2.357597e-08	-5.532595e+01	-1.543029e+03
1.300000e-07	-7.717848e-06	-2.350995e-08	-5.506569e+01	-1.540317e+03
1.400000e-07	-7.679199e-06	-2.345510e-08	-5.478994e+01	-1.537615e+03
1.500000e-07	-7.638360e-06	-2.343339e-08	-5.449856e+01	-1.534924e+03
1.600000e-07	-7.594907e-06	-2.337713e-08	-5.418853e+01	-1.532209e+03
1.700000e-07	-7.548844e-06	-2.332912e-08	-5.385987e+01	-1.529401e+03
1.800000e-07	-7.500034e-06	-2.331898e-08	-5.351162e+01	-1.526403e+03
1.900000e-07	-7.448129e-06	-2.320848e-08	-5.314129e+01	-1.523108e+03
2.000000e-07	-7.393301e-06	-2.311035e-08	-5.275010e+01	-1.519414e+03
2.100000e-07	-7.335773e-06	-2.304806e-08	-5.233964e+01	-1.515248e+03
2.200000e-07	-7.275624e-06	-2.297945e-08	-5.191049e+01	-1.510580e+03
2.300000e-07	-7.212868e-06	-2.292236e-08	-5.146273e+01	-1.505423e+03
2.400000e-07	-7.147341e-06	-2.282658e-08	-5.099521e+01	-1.499834e+03
2.500000e-07	-7.079111e-06	-2.275754e-08	-5.050840e+01	-1.493897e+03
2.600000e-07	-7.008217e-06	-2.265052e-08	-5.000258e+01	-1.487702e+03
2.700000e-07	-6.934534e-06	-2.253672e-08	-4.947686e+01	-1.481325e+03
2.800000e-07	-6.858082e-06	-2.244342e-08	-4.893139e+01	-1.474809e+03
2.900000e-07	-6.778831e-06	-2.236504e-08	-4.836595e+01	-1.468155e+03
3.000000e-07	-6.696963e-06	-2.227703e-08	-4.778183e+01	-1.461326e+03
3.100000e-07	-6.612842e-06	-2.213795e-08	-4.718164e+01	-1.454254e+03
3.200000e-07	-6.526524e-06	-2.201943e-08	-4.656578e+01	-1.446865e+03
3.300000e-07	-6.437819e-06	-2.189136e-08	-4.593288e+01	-1.439096e+03
3.400000e-07	-6.346716e-06	-2.175935e-08	-4.528287e+01	-1.430911e+03
3.500000e-07	-6.253393e-06	-2.161945e-08	-4.461703e+01	-1.422313e+03
3.600000e-07	-6.157823e-06	-2.149169e-08	-4.393515e+01	-1.413336e+03
3.700000e-07	-6.059964e-06	-2.137242e-08	-4.323694e+01	-1.404035e+03
3.800000e-07	-5.959923e-06	-2.123510e-08	-4.252316e+01	-1.394469e+03
3.900000e-07	-5.857760e-06	-2.108732e-08	-4.179424e+01	-1.384678e+03
4.000000e-07	-5.753513e-06	-2.092206e-08	-4.105046e+01	-1.374673e+03
4.100000e-07	-5.647280e-06	-2.075903e-08	-4.029250e+01	-1.364430e+03
4.200000e-07	-5.539082e-06	-2.059019e-08	-3.952053e+01	-1.353893e+03
4.300000e-07	-5.428877e-06	-2.042611e-08	-3.873423e+01	-1.342988e+03
4.400000e-07	-5.316670e-06	-2.025482e-08	-3.793364e+01	-1.331649e+03
4.500000e-07	-5.202478e-06	-2.008215e-08	-3.711890e+01	-1.319826e+03
4.600000e-07	-5.086239e-06	-1.989339e-08	-3.628955e+01	-1.307504e+03
4.700000e-07	-4.968047e-06	-1.968435e-08	-3.544627e+01	-1.294699e+03
4.800000e-07	-4.848040e-06	-1.947692e-08	-3.459004e+01	-1.281454e+03
4.900000e-07	-4.726337e-06	-1.927905e-08	-3.372171e+01	-1.267820e+03
5.000000e-07	-4.602946e-06	-1.907440e-08	-3.284133e+01	-1.253835e+03
5.100000e-07	-4.477839e-06	-1.884736e-08	-3.194871e+01	-1.239511e+03
5.200000e-07	-4.351080e-06	-1.862475e-08	-3.104431e+01	-1.224822e+03
5.300000e-07	-4.222706e-06	-1.839872e-08	-3.012837e+01	-1.209712e+03
5.400000e-07	-4.092855e-06	-1.815349e-08	-2.920191e+01	-1.194102e+03
5.500000e-07	-3.961454e-06	-1.789276e-08	-2.826438e+01	-1.177913e+03
5.600000e-07	-3.828526e-06	-1.763931e-08	-2.731596e+01	-1.161086e+03
5.700000e-07	-3.694183e-06	-1.737954e-08	-2.635744e+01	-1.143592e+03
5.800000e-07	-3.558392e-06	-1.709815e-08	-2.538859e+01	-1.125445e+03
5.900000e-07	-3.421214e-06	-1.681207e-08	-2.440985e+01	-1.106684e+03
6.000000e-07	-3.282780e-06	-1.652472e-08	-2.342215e+01	-1.087363e+03
6.100000e-07	-3.142984e-06	-1.622292e-08	-2.242472e+01	-1.067523e+03
6.200000e-07	-3.001725e-06	-1.590375e-08	-2.141686e+01	-1.047179e+03
6.300000e-07	-2.859221e-06	-1.558662e-08	-2.040011e+01	-1.026299e+03
6.400000e-07	-2.715655e-06	-1.526249e-08	-1.937579e+01	-1.004811e+03
6.500000e-07	-2.571166e-06	-1.492022e-08	-1.834488e+01	-9.826137e+02
6.600000e-07	-2.425778e-06	-1.456630e-08	-1.730757e+01	-9.595993e+02
6.700000e-07	-2.279471e-06	-1.420519e-08	-1.626369e+01	-9.356767e+02
6.800000e-07	-2.132387e-06	-1.382518e-08	-1.521426e+01	-9.107917e+02
6.900000e-07	-1.984681e-06	-1.342302e-08	-1.416040e+01	-8.849338e+02
7.000000e-07	-1.836397e-06	-1.301273e-08	-1.310242e+01	-8.581289e+02
7.100000e-07	-1.687524e-06	-1.259508e-08	-1.204023e+01	-8.304185e+02
7.200000e-07	-1.538166e-06	-1.216348e-08	-1.097458e+01	-8.018321e+02
7.300000e-07	-1.388365e-06	-1.171568e-08	-9.905776e+00	-7.723598e+02
7.400000e-07	-1.238017e-06	-1.125443e-08	-8.833064e+00	-7.419370e+02
7.500000e-07	-1.087135e-06	-1.077184e-08	-7.756543e+00	-7.104444e+02
7.600000e-07	-9.358182e-07	-1.026627e-08	-6.676923e+00	-6.777271e+02
7.700000e-07	-7.841820e-07	-9.742979e-09	-5.595021e+00	-6.436285e+02
7.800000e-07	-6.323147e-07	-9.200943e-09	-4.511471e+00	-6.080284e+02
7.900000e-07	-4.802340e-07	-8.638517e-09	-3.426398e+00	-5.708746e+02
8.000000e-07	-3.279701e-07	-8.053726e-09	-2.340017e+00	-5.321960e+02
8.100000e-07	-1.756180e-07	-7.449031e-09	-1.253008e+00	-4.920886e+02
8.200000e-07	-2.319793e-08	-6.822361e-09	-1.655138e-01	-4.506754e+02
8.300000e-07	1.293118e-07	-6.173611e-09	9.226205e-01	-4.080456e+02
8.400000e-07	2.818113e-07	-5.504824e-09	2.010681e+00	-3.641882e+02
8.500000e-07	4.342397e-07	-4.811873e-09	3.098235e+00	-3.189372e+02
8.600000e-07	5.866269e-07	-4.089185e-09	4.185495e+00	-2.719471e+02
8.700000e-07	7.388869e-07	-3.333053e-09	5.271848e+00	-2.227102e+02
8.800000e-07	8.908879e-07	-2.539536e-09	6.356352e+00	-1.706191e+02
8.900000e-07	1.042601e-06	-1.695111e-09	7.438805e+00	-1.150693e+02
9.000000e-07	1.193906e-06	-7.910001e-10	8.518340e+00	-5.558396e+01
9.100000e-07	1.344672e-06	1.728556e-10	9.594032e+00	8.063405e+00
9.200000e-07	1.494884e-06	1.195998e-09	1.066577e+01	7.575181e+01
9.300000e-07	1.644557e-06	2.277925e-09	1.173367e+01	1.469643e+02
9.400000e-07	1.793677e-06	3.408480e-09	1.279762e+01	2.208007e+02
9.500000e-07	1.942183e-06	4.566544e-09	1.385719e+01	2.960515e+02
9.600000e-07	2.089960e-06	5.723804e-09	1.491155e+01	3.713233e+02
9.700000e-07	2.236908e-06	6.852133e-09	1.596000e+01	4.451930e+02
9.800000e-07	2.383019e-06	7.928169e-09	1.700248e+01	5.163635e+02
9.900000e-07	2.528280e-06	8.938720e-09	1.803890e+01	5.837956e+02
1.000000e-06	2.672655e-06	9.880702e-09	1.906900e+01	6.467935e+02
1.010000e-06	2.816014e-06	1.075401e-08	2.009184e+01	7.050330e+02
1.020000e-06	2.958227e-06	1.156293e-08	2.110651e+01	7.585331e+02
1.030000e-06	3.099280e-06	1.230786e-08	2.211290e+01	8.075823e+02
1.040000e-06	3.239083e-06	1.299485e-08	2.311038e+01	8.526378e+02
1.050000e-06	3.377612e-06	1.363003e-08	2.409875e+01	8.942206e+02
1.060000e-06	3.514903e-06	1.421979e-08	2.507831e+01	9.328259e+02
1.070000e-06	3.650880e-06	1.476788e-08	2.604848e+01	9.688628e+02
1.080000e-06	3.785424e-06	1.527505e-08	2.700844e+01	1.002630e+03
1.090000e-06	3.918610e-06	1.574692e-08	2.795869e+01	1.034323e+03
1.100000e-06	4.050424e-06	1.619179e-08	2.889917e+01	1.064064e+03
1.110000e-06	4.180704e-06	1.661045e-08	2.982870e+01	1.091946e+03
1.120000e-06	4.309567e-06	1.700249e-08	3.074812e+01	1.118061e+03
1.130000e-06	4.436923e-06	1.737206e-08	3.165679e+01	1.142531e+03
1.140000e-06	4.562725e-06	1.772297e-08	3.255436e+01	1.165514e+03
1.150000e-06	4.687046e-06	1.805750e-08	3.344137e+01	1.187185e+03
1.160000e-06	4.809713e-06	1.837325e-08	3.431658e+01	1.207726e+03
1.170000e-06	4.930697e-06	1.867120e-08	3.517979e+01	1.227293e+03
1.180000e-06	5.049877e-06	1.895536e-08	3.603012e+01	1.246006e+03
1.190000e-06	5.167139e-06	1.922750e-08	3.686676e+01	1.263933e+03
1.200000e-06	5.282510e-06	1.948426e-08	3.768992e+01	1.281101e+03
1.210000e-06	5.395884e-06	1.972751e-08	3.849883e+01	1.297505e+03
1.220000e-06	5.507189e-06	1.996057e-08	3.929297e+01	1.313133e+03
1.230000e-06	5.616542e-06	2.018195e-08	4.007319e+01	1.327981e+03
1.240000e-06	5.723943e-06	2.039258e-08	4.083948e+01	1.342068e+03
1.250000e-06	5.829191e-06	2.059503e-08	4.159041e+01	1.355439e+03
1.260000e-06	5.932203e-06	2.079241e-08	4.232538e+01	1.368158e+03
1.270000e-06	6.033036e-06	2.098043e-08	4.304481e+01	1.380301e+03
1.280000e-06	6.131739e-06	2.115606e-08	4.374904e+01	1.391938e+03
1.290000e-06	6.228130e-06	2.132361e-08	4.443678e+01	1.403123e+03
1.300000e-06	6.322225e-06	2.148591e-08	4.510813e+01	1.413884e+03
1.310000e-06	6.414127e-06	2.164193e-08	4.576384e+01	1.424227e+03
1.320000e-06	6.503697e-06	2.178916e-08	4.640291e+01	1.434141e+03
1.330000e-06	6.590883e-06	2.193177e-08	4.702497e+01	1.443608e+03
1.340000e-06	6.675777e-06	2.207190e-08	4.763068e+01	1.452612e+03
1.350000e-06	6.758363e-06	2.220607e-08	4.821991e+01	1.461151e+03
1.360000e-06	6.838428e-06	2.233066e-08	4.879116e+01	1.469237e+03
1.370000e-06	6.915968e-06	2.244686e-08	4.934440e+01	1.476894e+03
1.380000e-06	6.990994e-06	2.255931e-08	4.987970e+01	1.484152e+03
1.390000e-06	7.063349e-06	2.266562e-08	5.039594e+01	1.491041e+03
1.400000e-06	7.133185e-06	2.276679e-08	5.089421e+01	1.497584e+03
1.410000e-06	7.200636e-06	2.286455e-08	5.137546e+01	1.503794e+03
1.420000e-06	7.265491e-06	2.295545e-08	5.183819e+01	1.509675e+03
1.430000e-06	7.327755e-06	2.303950e-08	5.228244e+01	1.515223e+03
1.440000e-06	7.387585e-06	2.311619e-08	5.270932e+01	1.520437e+03
1.450000e-06	7.444768e-06	2.318875e-08	5.311731e+01	1.525321e+03
1.460000e-06	7.499212e-06	2.325720e-08	5.350576e+01	1.529885e+03
1.470000e-06	7.550720e-06	2.332145e-08	5.387326e+01	1.534151e+03
1.480000e-06	7.599103e-06	2.338442e-08	5.421846e+01	1.538141e+03
1.490000e-06	7.644693e-06	2.344432e-08	5.454374e+01	1.541881e+03
1.500000e-06	7.687646e-06	2.349919e-08	5.485021e+01	1.545387e+03
1.510000e-06	7.727811e-06	2.354968e-08	5.513677e+01	1.548666e+03
1.520000e-06	7.765208e-06	2.359704e-08	5.540360e+01	1.551710e+03
1.530000e-06	7.799923e-06	2.363981e-08	5.565129e+01	1.554505e+03
1.540000e-06	7.831884e-06	2.367622e-08	5.587932e+01	1.557028e+03
1.550000e-06	7.861144e-06	2.370829e-08	5.608809e+01	1.559260e+03
1.560000e-06	7.887620e-06	2.373747e-08	5.627699e+01	1.561186e+03
1.570000e-06	7.911170e-06	2.376299e-08	5.644502e+01	1.562803e+03
1.580000e-06	7.931909e-06	2.378364e-08	5.659298e+01	1.564118e+03
1.590000e-06	7.949834e-06	2.379992e-08	5.672088e+01	1.565149e+03
1.600000e-06	7.964828e-06	2.381372e-08	5.682786e+01	1.565921e+03
1.610000e-06	7.976758e-06	2.382303e-08	5.691298e+01	1.566459e+03
1.620000e-06	7.985524e-06	2.382966e-08	5.697552e+01	1.566787e+03
1.630000e-06	7.991365e-06	2.383438e-08	5.701720e+01	1.566922e+03
1.640000e-06	7.994466e-06	2.383636e-08	5.703932e+01	1.566875e+03
1.650000e-06	7.994771e-06	2.383415e-08	5.704150e+01	1.566649e+03
1.660000e-06	7.992366e-06	2.382611e-08	5.702433e+01	1.566240e+03
1.670000e-06	7.987310e-06	2.381753e-08	5.698826e+01	1.565640e+03
1.680000e-06	7.979529e-06	2.380471e-08	5.693275e+01	1.564836e+03
1.690000e-06	7.969122e-06	2.378953e-08	5.685849e+01	1.563811e+03
1.700000e-06	7.955975e-06	2.377495e-08	5.676469e+01	1.562551e+03
1.710000e-06	7.940068e-06	2.375922e-08	5.665120e+01	1.561042e+03
1.720000e-06	7.921733e-06	2.374338e-08	5.652038e+01	1.559278e+03
1.730000e-06	7.900980e-06	2.369703e-08	5.637231e+01	1.557265e+03
1.740000e-06	7.877168e-06	2.366604e-08	5.620242e+01	1.555021e+03
1.750000e-06	7.849670e-06	2.361282e-08	5.600623e+01	1.552583e+03
1.760000e-06	7.818653e-06	2.356514e-08	5.578492e+01	1.549998e+03
1.770000e-06	7.784922e-06	2.354846e-08	5.554426e+01	1.547324e+03
1.780000e-06	7.749069e-06	2.353971e-08	5.528845e+01	1.544613e+03
1.790000e-06	7.711082e-06	2.348411e-08	5.501742e+01	1.541905e+03
1.800000e-06	7.670994e-06	2.341996e-08	5.473140e+01	1.539212e+03
1.810000e-06	7.628478e-06	2.342602e-08	5.442805e+01	1.536510e+03
1.820000e-06	7.583336e-06	2.335229e-08	5.410597e+01	1.533741e+03
1.830000e-06	7.535495e-06	2.334321e-08	5.376463e+01	1.530815e+03
1.840000e-06	7.484687e-06	2.333810e-08	5.340213e+01	1.527626e+03
1.850000e-06	7.431007e-06	2.330628e-08	5.301912e+01	1.524069e+03
1.860000e-06	7.374416e-06	2.325386e-08	5.261536e+01	1.520061e+03
1.870000e-06	7.315174e-06	2.311640e-08	5.219268e+01	1.515554e+03
1.880000e-06	7.253328e-06	2.305727e-08	5.175141e+01	1.510549e+03
1.890000e-06	7.188590e-06	2.295812e-08	5.128951e+01	1.505090e+03
1.900000e-06	7.121121e-06	2.289728e-08	5.080814e+01	1.499254e+03
1.910000e-06	7.050915e-06	2.283689e-08	5.030723e+01	1.493132e+03
1.920000e-06	6.978007e-06	2.272122e-08	4.978704e+01	1.486806e+03
1.930000e-06	6.902356e-06	2.262516e-08	4.924728e+01	1.480332e+03
1.940000e-06	6.823901e-06	2.248254e-08	4.868751e+01	1.473724e+03
1.950000e-06	6.742905e-06	2.240418e-08	4.810962e+01	1.466957e+03
1.960000e-06	6.659432e-06	2.229105e-08	4.751405e+01	1.459970e+03
1.970000e-06	6.573452e-06	2.219088e-08	4.690060e+01	1.452690e+03
1.980000e-06	6.485049e-06	2.209475e-08	4.626985e+01	1.445048e+03
1.990000e-06	6.394435e-06	2.196391e-08	4.562334e+01	1.436998e+03
2.000000e-06	6.301605e-06	2.184914e-08	4.496101e+01	1.428530e+03
2.010000e-06	6.206471e-06	2.168722e-08	4.428224e+01	1.419669e+03
2.020000e-06	6.109089e-06	2.155000e-08	4.358744e+01	1.410464e+03
2.030000e-06	6.009444e-06	2.139247e-08	4.287648e+01	1.400977e+03
2.040000e-06	5.907695e-06	2.125833e-08	4.215052e+01	1.391255e+03
2.050000e-06	5.803910e-06	2.112768e-08	4.141003e+01	1.381319e+03
2.060000e-06	5.698206e-06	2.097233e-08	4.065585e+01	1.371157e+03
2.070000e-06	5.590525e-06	2.080496e-08	3.988756e+01	1.360721e+03
2.080000e-06	5.480817e-06	2.062506e-08	3.910481e+01	1.349942e+03
2.090000e-06	5.369139e-06	2.044764e-08	3.830800e+01	1.338748e+03
2.100000e-06	5.255480e-06	2.026624e-08	3.749706e+01	1.327084e+03
2.110000e-06	5.139843e-06	2.009882e-08	3.667202e+01	1.314921e+03
2.120000e-06	5.022176e-06	1.992345e-08	3.583248e+01	1.302266e+03
2.130000e-06	4.902572e-06	1.972681e-08	3.497912e+01	1.289157e+03
2.140000e-06	4.781168e-06	1.950909e-08	3.411292e+01	1.275642e+03
2.150000e-06	4.658020e-06	1.930401e-08	3.323428e+01	1.261766e+03
2.160000e-06	4.533126e-06	1.908790e-08	3.234318e+01	1.247551e+03
2.170000e-06	4.406620e-06	1.885765e-08	3.144058e+01	1.232984e+03
2.180000e-06	4.278469e-06	1.862558e-08	3.052624e+01	1.218017e+03
2.190000e-06	4.148793e-06	1.839677e-08	2.960102e+01	1.202576e+03
2.200000e-06	4.017582e-06	1.815470e-08	2.866485e+01	1.186580e+03
2.210000e-06	3.884800e-06	1.789638e-08	2.771746e+01	1.169962e+03
2.220000e-06	3.750672e-06	1.763471e-08	2.676048e+01	1.152682e+03
2.230000e-06	3.615159e-06	1.736456e-08	2.579362e+01	1.134741e+03
2.240000e-06	3.478271e-06	1.708230e-08	2.481694e+01	1.116171e+03
2.250000e-06	3.340071e-06	1.679552e-08	2.383090e+01	1.097024e+03
2.260000e-06	3.200553e-06	1.650844e-08	2.283547e+01	1.077347e+03
2.270000e-06	3.059824e-06	1.620066e-08	2.183139e+01	1.057165e+03
2.280000e-06	2.917919e-06	1.587418e-08	2.081892e+01	1.036463e+03
2.290000e-06	2.774869e-06	1.554142e-08	1.979828e+01	1.015180e+03
2.300000e-06	2.630779e-06	1.520358e-08	1.877022e+01	9.932217e+02
2.310000e-06	2.485709e-06	1.485418e-08	1.773516e+01	9.704805e+02
2.320000e-06	2.339829e-06	1.449428e-08	1.669433e+01	9.468571e+02
2.330000e-06	2.193225e-06	1.412580e-08	1.564833e+01	9.222840e+02
2.340000e-06	2.045869e-06	1.374386e-08	1.459697e+01	8.967368e+02
2.350000e-06	1.897720e-06	1.334487e-08	1.353995e+01	8.702313e+02
2.360000e-06	1.748874e-06	1.293265e-08	1.247796e+01	8.428069e+02
2.370000e-06	1.599503e-06	1.250148e-08	1.141222e+01	8.145001e+02
2.380000e-06	1.449656e-06	1.204994e-08	1.034308e+01	7.853161e+02
2.390000e-06	1.299372e-06	1.158624e-08	9.270825e+00	7.552088e+02
2.400000e-06	1.148708e-06	1.111221e-08	8.195859e+00	7.240751e+02
2.410000e-06	9.977048e-07	1.061673e-08	7.118475e+00	6.917686e+02
2.420000e-06	8.463596e-07	1.009613e-08	6.038650e+00	6.581289e+02
2.430000e-06	6.947393e-07	9.556855e-09	4.956861e+00	6.230201e+02
2.440000e-06	5.429188e-07	8.999516e-09	3.873645e+00	5.863658e+02
2.450000e-06	3.908742e-07	8.420504e-09	2.788829e+00	5.481688e+02
2.460000e-06	2.386499e-07	7.822768e-09	1.702731e+00	5.085068e+02
2.470000e-06	8.630337e-08	7.206582e-09	6.157617e-01	4.674999e+02
2.480000e-06	-6.613173e-08	6.564778e-09	-4.718400e-01	4.252556e+02
2.490000e-06	-2.185357e-07	5.896080e-09	-1.559220e+00	3.818019e+02
2.500000e-06	-3.708325e-07	5.204341e-09	-2.645834e+00	3.370271e+02
2.510000e-06	-5.230267e-07	4.488879e-09	-3.731718e+00	2.906438e+02
2.520000e-06	-6.750608e-07	3.741564e-09	-4.816458e+00	2.421916e+02
2.530000e-06	-8.268931e-07	2.957633e-09	-5.899758e+00	1.910856e+02
2.540000e-06	-9.784566e-07	2.130612e-09	-6.981142e+00	1.367077e+02
2.550000e-06	-1.129673e-06	1.251292e-09	-8.060050e+00	7.852569e+01
2.560000e-06	-1.280491e-06	3.122697e-10	-9.136112e+00	1.622043e+01
2.570000e-06	-1.430802e-06	-6.912392e-10	-1.020856e+01	-5.020675e+01
2.580000e-06	-1.580593e-06	-1.756653e-09	-1.127730e+01	-1.203679e+02
2.590000e-06	-1.729923e-06	-2.877326e-09	-1.234274e+01	-1.934808e+02
2.600000e-06	-1.878747e-06	-4.034732e-09	-1.340458e+01	-2.684236e+02
2.610000e-06	-2.026799e-06	-5.199260e-09	-1.446091e+01	-3.438464e+02
2.620000e-06	-2.173934e-06	-6.344748e-09	-1.551070e+01	-4.183180e+02
2.630000e-06	-2.320244e-06	-7.451593e-09	-1.655459e+01	-4.904847e+02
2.640000e-06	-2.465748e-06	-8.504488e-09	-1.759274e+01	-5.592126e+02
2.650000e-06	-2.610309e-06	-9.487175e-09	-1.862417e+01	-6.236896e+02
2.660000e-06	-2.753823e-06	-1.039513e-08	-1.964812e+01	-6.834725e+02
2.670000e-06	-2.896279e-06	-1.123557e-08	-2.066452e+01	-7.384763e+02
2.680000e-06	-3.037670e-06	-1.201209e-08	-2.167332e+01	-7.889129e+02
2.690000e-06	-3.177839e-06	-1.272910e-08	-2.267341e+01	-8.351970e+02
2.700000e-06	-3.316649e-06	-1.339201e-08	-2.366379e+01	-8.778400e+02
2.710000e-06	-3.454232e-06	-1.400611e-08	-2.464543e+01	-9.173534e+02
2.720000e-06	-3.590534e-06	-1.457783e-08	-2.561792e+01	-9.541785e+02
2.730000e-06	-3.725459e-06	-1.511013e-08	-2.658059e+01	-9.886500e+02
2.740000e-06	-3.859151e-06	-1.560288e-08	-2.753447e+01	-1.020994e+03
2.750000e-06	-3.991460e-06	-1.606039e-08	-2.847847e+01	-1.051353e+03
2.760000e-06	-4.122284e-06	-1.649024e-08	-2.941188e+01	-1.079823e+03
2.770000e-06	-4.251752e-06	-1.689661e-08	-3.033562e+01	-1.106495e+03
2.780000e-06	-4.379740e-06	-1.728213e-08	-3.124879e+01	-1.131480e+03
2.790000e-06	-4.506220e-06	-1.764708e-08	-3.215121e+01	-1.154922e+03
2.800000e-06	-4.631192e-06	-1.799221e-08	-3.304286e+01	-1.176996e+03
2.810000e-06	-4.754460e-06	-1.831628e-08	-3.392236e+01	-1.197882e+03
2.820000e-06	-4.876043e-06	-1.862068e-08	-3.478983e+01	-1.217748e+03
2.830000e-06	-4.995896e-06	-1.891067e-08	-3.564497e+01	-1.236726e+03
2.840000e-06	-5.113827e-06	-1.918758e-08	-3.648639e+01	-1.254902e+03
2.850000e-06	-5.229648e-06	-1.945274e-08	-3.731276e+01	-1.272313e+03
2.860000e-06	-5.343348e-06	-1.970713e-08	-3.812399e+01	-1.288965e+03
2.870000e-06	-5.455022e-06	-1.995061e-08	-3.892076e+01	-1.304845e+03
2.880000e-06	-5.564598e-06	-2.018396e-08	-3.970258e+01	-1.319944e+03
2.890000e-06	-5.672225e-06	-2.040537e-08	-4.047048e+01	-1.334272e+03
2.900000e-06	-5.777954e-06	-2.061738e-08	-4.122484e+01	-1.347867e+03
2.910000e-06	-5.881527e-06	-2.082159e-08	-4.196382e+01	-1.360788e+03
2.920000e-06	-5.982866e-06	-2.101396e-08	-4.268685e+01	-1.373109e+03
2.930000e-06	-6.082048e-06	-2.119586e-08	-4.339451e+01	-1.384903e+03
2.940000e-06	-6.179105e-06	-2.136741e-08	-4.408699e+01	-1.396229e+03
2.950000e-06	-6.273972e-06	-2.153244e-08	-4.476385e+01	-1.407126e+03
2.960000e-06	-6.366512e-06	-2.169209e-08	-4.542411e+01	-1.417604e+03
2.970000e-06	-6.456806e-06	-2.184420e-08	-4.606835e+01	-1.427659e+03
2.980000e-06	-6.544872e-06	-2.198962e-08	-4.669668e+01	-1.437272e+03
2.990000e-06	-6.630510e-06	-2.212632e-08	-4.730770e+01	-1.446426e+03
3.000000e-06	-6.713739e-06	-2.225775e-08	-4.790153e+01	-1.455115e+03
3.010000e-06	-6.794613e-06	-2.238661e-08	-4.847855e+01	-1.463346e+03
3.020000e-06	-6.873002e-06	-2.250818e-08	-4.903784e+01	-1.471138e+03
3.030000e-06	-6.948714e-06	-2.262002e-08	-4.957803e+01	-1.478521e+03
3.040000e-06	-7.021788e-06	-2.272407e-08	-5.009941e+01	-1.485526e+03
3.050000e-06	-7.092353e-06	-2.282448e-08	-5.060288e+01	-1.492179e+03
3.060000e-06	-7.160357e-06	-2.292110e-08	-5.108807e+01	-1.498496e+03
3.070000e-06	-7.225859e-06	-2.301189e-08	-5.155542e+01	-1.504484e+03
3.080000e-06	-7.288827e-06	-2.309584e-08	-5.200469e+01	-1.510140e+03
3.090000e-06	-7.349162e-06	-2.317650e-08	-5.243517e+01	-1.515462e+03
3.100000e-06	-7.406923e-06	-2.325176e-08	-5.284729e+01	-1.520452e+03
3.110000e-06	-7.462046e-06	-2.332219e-08	-5.324058e+01	-1.525118e+03
3.120000e-06	-7.514268e-06	-2.339077e-08	-5.361318e+01	-1.529478e+03
3.130000e-06	-7.563360e-06	-2.345446e-08	-5.396344e+01	-1.533554e+03
3.140000e-06	-7.609581e-06	-2.351305e-08	-5.429322e+01	-1.537373e+03
3.150000e-06	-7.653287e-06	-2.356875e-08	-5.460506e+01	-1.540954e+03
3.160000e-06	-7.694434e-06	-2.362224e-08	-5.489864e+01	-1.544306e+03
3.170000e-06	-7.732837e-06	-2.367035e-08	-5.517264e+01	-1.547428e+03
3.180000e-06	-7.768523e-06	-2.371167e-08	-5.542725e+01	-1.550306e+03
3.190000e-06	-7.801516e-06	-2.374917e-08	-5.566265e+01	-1.552919e+03
3.200000e-06	-7.831590e-06	-2.378431e-08	-5.587722e+01	-1.555248e+03
3.210000e-06	-7.858857e-06	-2.381364e-08	-5.607177e+01	-1.557274e+03
3.220000e-06	-7.883400e-06	-2.383805e-08	-5.624688e+01	-1.558990e+03
3.230000e-06	-7.905034e-06	-2.386019e-08	-5.640123e+01	-1.560401e+03
3.240000e-06	-7.923884e-06	-2.387973e-08	-5.653573e+01	-1.561522e+03
3.250000e-06	-7.939933e-06	-2.389375e-08	-5.665024e+01	-1.562375e+03
3.260000e-06	-7.952795e-06	-2.390253e-08	-5.674200e+01	-1.562986e+03
3.270000e-06	-7.962553e-06	-2.390860e-08	-5.681163e+01	-1.563380e+03
3.280000e-06	-7.969382e-06	-2.391177e-08	-5.686035e+01	-1.563576e+03
3.290000e-06	-7.973353e-06	-2.390865e-08	-5.688869e+01	-1.563588e+03
3.300000e-06	-7.974631e-06	-2.390124e-08	-5.689780e+01	-1.563420e+03
