# Temperatura_=_41.7
# Concentracion g/m^3_=_20000.0
# C_Vs_to_Am_M_A/Vsm_=_65563218390.804596
# pendiente_HvsI_1/m_=_3716.3
# ordenada_HvsI_A/m_=_1297.0
# frecuencia_Hz_=_301620.9024759739

Tiempo_(s)	Campo_(V.s)	Magnetizacion_(V.s)	Campo_(kA/m)	Magnetizacion_(A/m)
0.000000e+00	-5.252595e-06	-1.696139e-08	-3.833371e+01	-1.107513e+03
1.000000e-08	-5.250738e-06	-1.695530e-08	-3.832016e+01	-1.107185e+03
2.000000e-08	-5.247092e-06	-1.694735e-08	-3.829355e+01	-1.106661e+03
3.000000e-08	-5.241879e-06	-1.693373e-08	-3.825550e+01	-1.105946e+03
4.000000e-08	-5.235121e-06	-1.691762e-08	-3.820619e+01	-1.105034e+03
5.000000e-08	-5.226700e-06	-1.689946e-08	-3.814473e+01	-1.103913e+03
6.000000e-08	-5.216334e-06	-1.687756e-08	-3.806908e+01	-1.102569e+03
7.000000e-08	-5.204041e-06	-1.685177e-08	-3.797936e+01	-1.100988e+03
8.000000e-08	-5.189890e-06	-1.681728e-08	-3.787609e+01	-1.099168e+03
9.000000e-08	-5.173565e-06	-1.678843e-08	-3.775695e+01	-1.097118e+03
1.000000e-07	-5.155054e-06	-1.679183e-08	-3.762185e+01	-1.094863e+03
1.100000e-07	-5.134657e-06	-1.676077e-08	-3.747299e+01	-1.092440e+03
1.200000e-07	-5.112525e-06	-1.669790e-08	-3.731148e+01	-1.089893e+03
1.300000e-07	-5.088887e-06	-1.664702e-08	-3.713896e+01	-1.087260e+03
1.400000e-07	-5.063756e-06	-1.654451e-08	-3.695555e+01	-1.084572e+03
1.500000e-07	-5.036930e-06	-1.651884e-08	-3.675977e+01	-1.081838e+03
1.600000e-07	-5.008564e-06	-1.654353e-08	-3.655276e+01	-1.079045e+03
1.700000e-07	-4.978821e-06	-1.643468e-08	-3.633569e+01	-1.076158e+03
1.800000e-07	-4.947262e-06	-1.642841e-08	-3.610537e+01	-1.073127e+03
1.900000e-07	-4.913677e-06	-1.640473e-08	-3.586027e+01	-1.069895e+03
2.000000e-07	-4.878425e-06	-1.623683e-08	-3.560300e+01	-1.066406e+03
2.100000e-07	-4.841585e-06	-1.619790e-08	-3.533414e+01	-1.062620e+03
2.200000e-07	-4.803060e-06	-1.612938e-08	-3.505298e+01	-1.058512e+03
2.300000e-07	-4.762765e-06	-1.602659e-08	-3.475891e+01	-1.054077e+03
2.400000e-07	-4.720592e-06	-1.600730e-08	-3.445113e+01	-1.049329e+03
2.500000e-07	-4.676628e-06	-1.591281e-08	-3.413028e+01	-1.044292e+03
2.600000e-07	-4.630912e-06	-1.582578e-08	-3.379664e+01	-1.038995e+03
2.700000e-07	-4.583367e-06	-1.575743e-08	-3.344965e+01	-1.033461e+03
2.800000e-07	-4.533895e-06	-1.563927e-08	-3.308860e+01	-1.027704e+03
2.900000e-07	-4.482396e-06	-1.557355e-08	-3.271276e+01	-1.021731e+03
3.000000e-07	-4.429057e-06	-1.548789e-08	-3.232349e+01	-1.015534e+03
3.100000e-07	-4.374127e-06	-1.537354e-08	-3.192261e+01	-1.009104e+03
3.200000e-07	-4.317583e-06	-1.527961e-08	-3.150994e+01	-1.002431e+03
3.300000e-07	-4.259320e-06	-1.517304e-08	-3.108474e+01	-9.955093e+02
3.400000e-07	-4.199454e-06	-1.504414e-08	-3.064784e+01	-9.883411e+02
3.500000e-07	-4.138157e-06	-1.491059e-08	-3.020049e+01	-9.809360e+02
3.600000e-07	-4.075527e-06	-1.482457e-08	-2.974341e+01	-9.733088e+02
3.700000e-07	-4.011567e-06	-1.471863e-08	-2.927662e+01	-9.654744e+02
3.800000e-07	-3.946114e-06	-1.459306e-08	-2.879895e+01	-9.574438e+02
3.900000e-07	-3.879066e-06	-1.448358e-08	-2.830963e+01	-9.492200e+02
4.000000e-07	-3.810565e-06	-1.433770e-08	-2.780970e+01	-9.407971e+02
4.100000e-07	-3.740821e-06	-1.419065e-08	-2.730070e+01	-9.321604e+02
4.200000e-07	-3.669951e-06	-1.404209e-08	-2.678349e+01	-9.232909e+02
4.300000e-07	-3.597885e-06	-1.390556e-08	-2.625755e+01	-9.141688e+02
4.400000e-07	-3.524357e-06	-1.378625e-08	-2.572094e+01	-9.047785e+02
4.500000e-07	-3.449281e-06	-1.364350e-08	-2.517303e+01	-8.951114e+02
4.600000e-07	-3.372786e-06	-1.347898e-08	-2.461477e+01	-8.851671e+02
4.700000e-07	-3.294976e-06	-1.331416e-08	-2.404690e+01	-8.749517e+02
4.800000e-07	-3.215916e-06	-1.315637e-08	-2.346992e+01	-8.644748e+02
4.900000e-07	-3.135571e-06	-1.298941e-08	-2.288356e+01	-8.537454e+02
5.000000e-07	-3.054016e-06	-1.282330e-08	-2.228837e+01	-8.427686e+02
5.100000e-07	-2.971459e-06	-1.266265e-08	-2.168586e+01	-8.315430e+02
5.200000e-07	-2.887962e-06	-1.248705e-08	-2.107649e+01	-8.200611e+02
5.300000e-07	-2.803546e-06	-1.229468e-08	-2.046042e+01	-8.083104e+02
5.400000e-07	-2.718261e-06	-1.210638e-08	-1.983801e+01	-7.962767e+02
5.500000e-07	-2.632179e-06	-1.192687e-08	-1.920978e+01	-7.839474e+02
5.600000e-07	-2.545167e-06	-1.173307e-08	-1.857476e+01	-7.713139e+02
5.700000e-07	-2.457130e-06	-1.152586e-08	-1.793226e+01	-7.583724e+02
5.800000e-07	-2.368142e-06	-1.132870e-08	-1.728283e+01	-7.451240e+02
5.900000e-07	-2.278159e-06	-1.112744e-08	-1.662612e+01	-7.315716e+02
6.000000e-07	-2.187253e-06	-1.090764e-08	-1.596268e+01	-7.177180e+02
6.100000e-07	-2.095559e-06	-1.068504e-08	-1.529350e+01	-7.035628e+02
6.200000e-07	-2.003138e-06	-1.046926e-08	-1.461901e+01	-6.891017e+02
6.300000e-07	-1.910019e-06	-1.024407e-08	-1.393942e+01	-6.743258e+02
6.400000e-07	-1.816217e-06	-1.000747e-08	-1.325485e+01	-6.592241e+02
6.500000e-07	-1.721853e-06	-9.779234e-09	-1.256617e+01	-6.437854e+02
6.600000e-07	-1.627007e-06	-9.545842e-09	-1.187398e+01	-6.280014e+02
6.700000e-07	-1.531595e-06	-9.292095e-09	-1.117766e+01	-6.118681e+02
6.800000e-07	-1.435564e-06	-9.029770e-09	-1.047682e+01	-5.953868e+02
6.900000e-07	-1.338924e-06	-8.772624e-09	-9.771534e+00	-5.785624e+02
7.000000e-07	-1.241753e-06	-8.514032e-09	-9.062378e+00	-5.614014e+02
7.100000e-07	-1.144147e-06	-8.247789e-09	-8.350044e+00	-5.439087e+02
7.200000e-07	-1.046134e-06	-7.980074e-09	-7.634737e+00	-5.260854e+02
7.300000e-07	-9.477461e-07	-7.704711e-09	-6.916700e+00	-5.079274e+02
7.400000e-07	-8.489885e-07	-7.416013e-09	-6.195962e+00	-4.894256e+02
7.500000e-07	-7.498699e-07	-7.123066e-09	-5.472589e+00	-4.705681e+02
7.600000e-07	-6.504592e-07	-6.834822e-09	-4.747085e+00	-4.513423e+02
7.700000e-07	-5.508308e-07	-6.541801e-09	-4.019992e+00	-4.317378e+02
7.800000e-07	-4.510655e-07	-6.235430e-09	-3.291900e+00	-4.117482e+02
7.900000e-07	-3.512113e-07	-5.923502e-09	-2.563158e+00	-3.913713e+02
8.000000e-07	-2.512627e-07	-5.606467e-09	-1.833728e+00	-3.706074e+02
8.100000e-07	-1.512501e-07	-5.279949e-09	-1.103831e+00	-3.494565e+02
8.200000e-07	-5.116284e-08	-4.948137e-09	-3.733890e-01	-3.279154e+02
8.300000e-07	4.897075e-08	-4.614171e-09	3.573910e-01	-3.059747e+02
8.400000e-07	1.490767e-07	-4.274990e-09	1.087969e+00	-2.836175e+02
8.500000e-07	2.491299e-07	-3.928065e-09	1.818163e+00	-2.608202e+02
8.600000e-07	3.491512e-07	-3.575081e-09	2.548124e+00	-2.375540e+02
8.700000e-07	4.490663e-07	-3.215335e-09	3.277309e+00	-2.137883e+02
8.800000e-07	5.488442e-07	-2.845107e-09	4.005493e+00	-1.894925e+02
8.900000e-07	6.485352e-07	-2.464317e-09	4.733044e+00	-1.646379e+02
9.000000e-07	7.480607e-07	-2.073798e-09	5.459386e+00	-1.391968e+02
9.100000e-07	8.473579e-07	-1.673766e-09	6.184062e+00	-1.131400e+02
9.200000e-07	9.464003e-07	-1.266458e-09	6.906879e+00	-8.643356e+01
9.300000e-07	1.045111e-06	-8.512349e-10	7.627276e+00	-5.903575e+01
9.400000e-07	1.143400e-06	-4.239267e-10	8.344590e+00	-3.089627e+01
9.500000e-07	1.241152e-06	1.961416e-11	9.057994e+00	-1.958716e+00
9.600000e-07	1.338258e-06	4.747830e-10	9.766680e+00	2.783272e+01
9.700000e-07	1.434682e-06	9.386715e-10	1.047038e+01	5.852291e+01
9.800000e-07	1.530459e-06	1.417221e-09	1.116937e+01	9.013329e+01
9.900000e-07	1.625683e-06	1.912996e-09	1.186432e+01	1.226493e+02
1.000000e-06	1.720357e-06	2.422385e-09	1.255526e+01	1.560106e+02
1.010000e-06	1.814447e-06	2.942009e-09	1.324193e+01	1.901062e+02
1.020000e-06	1.907901e-06	3.470692e-09	1.392396e+01	2.247765e+02
1.030000e-06	2.000678e-06	4.001825e-09	1.460105e+01	2.598210e+02
1.040000e-06	2.092783e-06	4.531253e-09	1.527324e+01	2.950127e+02
1.050000e-06	2.184283e-06	5.061216e-09	1.594101e+01	3.301151e+02
1.060000e-06	2.275195e-06	5.591838e-09	1.660449e+01	3.648995e+02
1.070000e-06	2.365200e-06	6.115943e-09	1.726135e+01	3.991601e+02
1.080000e-06	2.453971e-06	6.626677e-09	1.790921e+01	4.327238e+02
1.090000e-06	2.541681e-06	7.121971e-09	1.854932e+01	4.654554e+02
1.100000e-06	2.628632e-06	7.602861e-09	1.918389e+01	4.972554e+02
1.110000e-06	2.714794e-06	8.070091e-09	1.981270e+01	5.280554e+02
1.120000e-06	2.800010e-06	8.523017e-09	2.043461e+01	5.578105e+02
1.130000e-06	2.884280e-06	8.958388e-09	2.104963e+01	5.864917e+02
1.140000e-06	2.967781e-06	9.376221e-09	2.165902e+01	6.140806e+02
1.150000e-06	3.050427e-06	9.779936e-09	2.226218e+01	6.405666e+02
1.160000e-06	3.131879e-06	1.016765e-08	2.285662e+01	6.659470e+02
1.170000e-06	3.212146e-06	1.053609e-08	2.344241e+01	6.902283e+02
1.180000e-06	3.291276e-06	1.088713e-08	2.401990e+01	7.134283e+02
1.190000e-06	3.369179e-06	1.122266e-08	2.458845e+01	7.355770e+02
1.200000e-06	3.445907e-06	1.154289e-08	2.514841e+01	7.567155e+02
1.210000e-06	3.521482e-06	1.184989e-08	2.569996e+01	7.768924e+02
1.220000e-06	3.595696e-06	1.214513e-08	2.624157e+01	7.961592e+02
1.230000e-06	3.668271e-06	1.242687e-08	2.677123e+01	8.145648e+02
1.240000e-06	3.739394e-06	1.269224e-08	2.729029e+01	8.321510e+02
1.250000e-06	3.809266e-06	1.294426e-08	2.780022e+01	8.489509e+02
1.260000e-06	3.877803e-06	1.318594e-08	2.830041e+01	8.649888e+02
1.270000e-06	3.945130e-06	1.341847e-08	2.879176e+01	8.802836e+02
1.280000e-06	4.010995e-06	1.364042e-08	2.927245e+01	8.948526e+02
1.290000e-06	4.075115e-06	1.385017e-08	2.974040e+01	9.087167e+02
1.300000e-06	4.137780e-06	1.404909e-08	3.019773e+01	9.219031e+02
1.310000e-06	4.199098e-06	1.423781e-08	3.064523e+01	9.344458e+02
1.320000e-06	4.259081e-06	1.441700e-08	3.108300e+01	9.463843e+02
1.330000e-06	4.317694e-06	1.458873e-08	3.151076e+01	9.577593e+02
1.340000e-06	4.374560e-06	1.475404e-08	3.192577e+01	9.686079e+02
1.350000e-06	4.429666e-06	1.491198e-08	3.232793e+01	9.789589e+02
1.360000e-06	4.483209e-06	1.506229e-08	3.271869e+01	9.888308e+02
1.370000e-06	4.535100e-06	1.520600e-08	3.309739e+01	9.982314e+02
1.380000e-06	4.585097e-06	1.534260e-08	3.346228e+01	1.007161e+03
1.390000e-06	4.633117e-06	1.547058e-08	3.381273e+01	1.015617e+03
1.400000e-06	4.679400e-06	1.559096e-08	3.415050e+01	1.023601e+03
1.410000e-06	4.724151e-06	1.570529e-08	3.447710e+01	1.031119e+03
1.420000e-06	4.767444e-06	1.581241e-08	3.479305e+01	1.038189e+03
1.430000e-06	4.808889e-06	1.591179e-08	3.509552e+01	1.044837e+03
1.440000e-06	4.848443e-06	1.600492e-08	3.538419e+01	1.051095e+03
1.450000e-06	4.886421e-06	1.609199e-08	3.566136e+01	1.056995e+03
1.460000e-06	4.922846e-06	1.617379e-08	3.592718e+01	1.062567e+03
1.470000e-06	4.957684e-06	1.625135e-08	3.618144e+01	1.067828e+03
1.480000e-06	4.990592e-06	1.632518e-08	3.642160e+01	1.072788e+03
1.490000e-06	5.021618e-06	1.639721e-08	3.664803e+01	1.077444e+03
1.500000e-06	5.051046e-06	1.646563e-08	3.686280e+01	1.081786e+03
1.510000e-06	5.078894e-06	1.652886e-08	3.706603e+01	1.085805e+03
1.520000e-06	5.104897e-06	1.658488e-08	3.725581e+01	1.089490e+03
1.530000e-06	5.128808e-06	1.663388e-08	3.743031e+01	1.092840e+03
1.540000e-06	5.150853e-06	1.667622e-08	3.759120e+01	1.095859e+03
1.550000e-06	5.171238e-06	1.671309e-08	3.773996e+01	1.098561e+03
1.560000e-06	5.189951e-06	1.674867e-08	3.787653e+01	1.100960e+03
1.570000e-06	5.206739e-06	1.678175e-08	3.799905e+01	1.103074e+03
1.580000e-06	5.221505e-06	1.681078e-08	3.810681e+01	1.104915e+03
1.590000e-06	5.234343e-06	1.683312e-08	3.820050e+01	1.106491e+03
1.600000e-06	5.245120e-06	1.685008e-08	3.827915e+01	1.107806e+03
1.610000e-06	5.253761e-06	1.686625e-08	3.834222e+01	1.108860e+03
1.620000e-06	5.260473e-06	1.687953e-08	3.839121e+01	1.109653e+03
1.630000e-06	5.265431e-06	1.688623e-08	3.842739e+01	1.110188e+03
1.640000e-06	5.268640e-06	1.688868e-08	3.845081e+01	1.110475e+03
1.650000e-06	5.269900e-06	1.689034e-08	3.846000e+01	1.110527e+03
1.660000e-06	5.269270e-06	1.689118e-08	3.845540e+01	1.110359e+03
1.670000e-06	5.266973e-06	1.688583e-08	3.843864e+01	1.109988e+03
1.680000e-06	5.263054e-06	1.687495e-08	3.841004e+01	1.109422e+03
1.690000e-06	5.257420e-06	1.686391e-08	3.836892e+01	1.108665e+03
1.700000e-06	5.249931e-06	1.685135e-08	3.831427e+01	1.107709e+03
1.710000e-06	5.240758e-06	1.683577e-08	3.824732e+01	1.106542e+03
1.720000e-06	5.230041e-06	1.681624e-08	3.816911e+01	1.105147e+03
1.730000e-06	5.217656e-06	1.679409e-08	3.807872e+01	1.103515e+03
1.740000e-06	5.203325e-06	1.677832e-08	3.797414e+01	1.101643e+03
1.750000e-06	5.186673e-06	1.670835e-08	3.785261e+01	1.099546e+03
1.760000e-06	5.167535e-06	1.666768e-08	3.771294e+01	1.097252e+03
1.770000e-06	5.145964e-06	1.664932e-08	3.755552e+01	1.094798e+03
1.780000e-06	5.122526e-06	1.661268e-08	3.738446e+01	1.092229e+03
1.790000e-06	5.098166e-06	1.664604e-08	3.720668e+01	1.089582e+03
1.800000e-06	5.072903e-06	1.655567e-08	3.702231e+01	1.086884e+03
1.810000e-06	5.045932e-06	1.647104e-08	3.682548e+01	1.084138e+03
1.820000e-06	5.017237e-06	1.649710e-08	3.661606e+01	1.081328e+03
1.830000e-06	4.986976e-06	1.635162e-08	3.639521e+01	1.078414e+03
1.840000e-06	4.954633e-06	1.631653e-08	3.615917e+01	1.075345e+03
1.850000e-06	4.920360e-06	1.639688e-08	3.590905e+01	1.072061e+03
1.860000e-06	4.884548e-06	1.627071e-08	3.564769e+01	1.068512e+03
1.870000e-06	4.846900e-06	1.624687e-08	3.537293e+01	1.064658e+03
1.880000e-06	4.807383e-06	1.621694e-08	3.508453e+01	1.060478e+03
1.890000e-06	4.766064e-06	1.607635e-08	3.478298e+01	1.055975e+03
1.900000e-06	4.722984e-06	1.607006e-08	3.446858e+01	1.051162e+03
1.910000e-06	4.678363e-06	1.594988e-08	3.414293e+01	1.046067e+03
1.920000e-06	4.632011e-06	1.588126e-08	3.380466e+01	1.040716e+03
1.930000e-06	4.583944e-06	1.586736e-08	3.345386e+01	1.035133e+03
1.940000e-06	4.534307e-06	1.566711e-08	3.309160e+01	1.029330e+03
1.950000e-06	4.482874e-06	1.562425e-08	3.271625e+01	1.023309e+03
1.960000e-06	4.429546e-06	1.555194e-08	3.232706e+01	1.017062e+03
1.970000e-06	4.374377e-06	1.539947e-08	3.192443e+01	1.010581e+03
1.980000e-06	4.317525e-06	1.532731e-08	3.150952e+01	1.003854e+03
1.990000e-06	4.259191e-06	1.521543e-08	3.108380e+01	9.968787e+02
2.000000e-06	4.199421e-06	1.515356e-08	3.064760e+01	9.896583e+02
2.010000e-06	4.138139e-06	1.499845e-08	3.020035e+01	9.822038e+02
2.020000e-06	4.075194e-06	1.486100e-08	2.974098e+01	9.745306e+02
2.030000e-06	4.010637e-06	1.477125e-08	2.926984e+01	9.666530e+02
2.040000e-06	3.944620e-06	1.459826e-08	2.878804e+01	9.585806e+02
2.050000e-06	3.877343e-06	1.450856e-08	2.829705e+01	9.503146e+02
2.060000e-06	3.808829e-06	1.438464e-08	2.779703e+01	9.418468e+02
2.070000e-06	3.738807e-06	1.427441e-08	2.728600e+01	9.331616e+02
2.080000e-06	3.667288e-06	1.413399e-08	2.676406e+01	9.242390e+02
2.090000e-06	3.594471e-06	1.393471e-08	2.623263e+01	9.150601e+02
2.100000e-06	3.520425e-06	1.382678e-08	2.569225e+01	9.056105e+02
2.110000e-06	3.445146e-06	1.368192e-08	2.514285e+01	8.958834e+02
2.120000e-06	3.368541e-06	1.353196e-08	2.458379e+01	8.858799e+02
2.130000e-06	3.290541e-06	1.337628e-08	2.401454e+01	8.756071e+02
2.140000e-06	3.211141e-06	1.322204e-08	2.343507e+01	8.650750e+02
2.150000e-06	3.130467e-06	1.306178e-08	2.284631e+01	8.542919e+02
2.160000e-06	3.048711e-06	1.286559e-08	2.224965e+01	8.432617e+02
2.170000e-06	2.966019e-06	1.271019e-08	2.164616e+01	8.319816e+02
2.180000e-06	2.882445e-06	1.254743e-08	2.103623e+01	8.204428e+02
2.190000e-06	2.797827e-06	1.236199e-08	2.041869e+01	8.086322e+02
2.200000e-06	2.712062e-06	1.216387e-08	1.979277e+01	7.965357e+02
2.210000e-06	2.625243e-06	1.198899e-08	1.915916e+01	7.841413e+02
2.220000e-06	2.537382e-06	1.180649e-08	1.851794e+01	7.714415e+02
2.230000e-06	2.448533e-06	1.158613e-08	1.786952e+01	7.584337e+02
2.240000e-06	2.358859e-06	1.138613e-08	1.721507e+01	7.451194e+02
2.250000e-06	2.268404e-06	1.119620e-08	1.655493e+01	7.315018e+02
2.260000e-06	2.177250e-06	1.099006e-08	1.588968e+01	7.175833e+02
2.270000e-06	2.085486e-06	1.076076e-08	1.521999e+01	7.033627e+02
2.280000e-06	1.992968e-06	1.054342e-08	1.454478e+01	6.888345e+02
2.290000e-06	1.899603e-06	1.032129e-08	1.386340e+01	6.739894e+02
2.300000e-06	1.805509e-06	1.007209e-08	1.317670e+01	6.588159e+02
2.310000e-06	1.710734e-06	9.831887e-09	1.248502e+01	6.433033e+02
2.320000e-06	1.615351e-06	9.605783e-09	1.178892e+01	6.274441e+02
2.330000e-06	1.519369e-06	9.365824e-09	1.108843e+01	6.112356e+02
2.340000e-06	1.422811e-06	9.106149e-09	1.038375e+01	5.946798e+02
2.350000e-06	1.325837e-06	8.851443e-09	9.676029e+00	5.777823e+02
2.360000e-06	1.228520e-06	8.593559e-09	8.965800e+00	5.605495e+02
2.370000e-06	1.130835e-06	8.318612e-09	8.252894e+00	5.429855e+02
2.380000e-06	1.032780e-06	8.039828e-09	7.537283e+00	5.250906e+02
2.390000e-06	9.344447e-07	7.768833e-09	6.819626e+00	5.068594e+02
2.400000e-06	8.357967e-07	7.488792e-09	6.099687e+00	4.882821e+02
2.410000e-06	7.368419e-07	7.193088e-09	5.377510e+00	4.693462e+02
2.420000e-06	6.376829e-07	6.897914e-09	4.653843e+00	4.500396e+02
2.430000e-06	5.383485e-07	6.601486e-09	3.928895e+00	4.303525e+02
2.440000e-06	4.388889e-07	6.293862e-09	3.203034e+00	4.102796e+02
2.450000e-06	3.393495e-07	5.980884e-09	2.476590e+00	3.898192e+02
2.460000e-06	2.397359e-07	5.670575e-09	1.749605e+00	3.689720e+02
2.470000e-06	1.400227e-07	5.350120e-09	1.021893e+00	3.477375e+02
2.480000e-06	4.023825e-08	5.014005e-09	2.936608e-01	3.261114e+02
2.490000e-06	-5.954885e-08	4.673690e-09	-4.345906e-01	3.040826e+02
2.500000e-06	-1.593318e-07	4.333882e-09	-1.162812e+00	2.816329e+02
2.510000e-06	-2.590829e-07	3.986921e-09	-1.890800e+00	2.587372e+02
2.520000e-06	-3.587741e-07	3.629905e-09	-2.618352e+00	2.353662e+02
2.530000e-06	-4.584060e-07	3.264093e-09	-3.345471e+00	2.114889e+02
2.540000e-06	-5.579235e-07	2.889179e-09	-4.071755e+00	1.870753e+02
2.550000e-06	-6.572956e-07	2.507920e-09	-4.796977e+00	1.620970e+02
2.560000e-06	-7.564725e-07	2.120993e-09	-5.520776e+00	1.365261e+02
2.570000e-06	-8.553715e-07	1.723438e-09	-6.242546e+00	1.103327e+02
2.580000e-06	-9.539188e-07	1.312536e-09	-6.961749e+00	8.348146e+01
2.590000e-06	-1.052109e-06	8.920437e-10	-7.678345e+00	5.592880e+01
2.600000e-06	-1.149979e-06	4.615237e-10	-8.392608e+00	2.762272e+01
2.610000e-06	-1.247427e-06	1.640764e-11	-9.103784e+00	-1.493748e+00
2.620000e-06	-1.344391e-06	-4.424356e-10	-9.811435e+00	-3.147503e+01
2.630000e-06	-1.440971e-06	-9.133335e-10	-1.051628e+01	-6.236209e+01
2.640000e-06	-1.537227e-06	-1.402119e-09	-1.121876e+01	-9.416963e+01
2.650000e-06	-1.633022e-06	-1.909500e-09	-1.191788e+01	-1.268740e+02
2.660000e-06	-1.728108e-06	-2.422591e-09	-1.261182e+01	-1.604041e+02
2.670000e-06	-1.822267e-06	-2.940012e-09	-1.329900e+01	-1.946384e+02
2.680000e-06	-1.915484e-06	-3.472353e-09	-1.397930e+01	-2.294073e+02
2.690000e-06	-2.007963e-06	-4.015438e-09	-1.465422e+01	-2.645035e+02
2.700000e-06	-2.099794e-06	-4.556316e-09	-1.532441e+01	-2.996964e+02
2.710000e-06	-2.190906e-06	-5.091305e-09	-1.598935e+01	-3.347498e+02
2.720000e-06	-2.281217e-06	-5.622705e-09	-1.664844e+01	-3.694387e+02
2.730000e-06	-2.370658e-06	-6.146930e-09	-1.730119e+01	-4.035637e+02
2.740000e-06	-2.459330e-06	-6.658569e-09	-1.794832e+01	-4.369597e+02
2.750000e-06	-2.547421e-06	-7.158658e-09	-1.859121e+01	-4.694992e+02
2.760000e-06	-2.634744e-06	-7.644869e-09	-1.922850e+01	-5.010902e+02
2.770000e-06	-2.720832e-06	-8.112280e-09	-1.985677e+01	-5.316699e+02
2.780000e-06	-2.805726e-06	-8.563390e-09	-2.047634e+01	-5.611973e+02
2.790000e-06	-2.889725e-06	-9.000261e-09	-2.108937e+01	-5.896461e+02
2.800000e-06	-2.972831e-06	-9.420842e-09	-2.169588e+01	-6.169998e+02
2.810000e-06	-3.054944e-06	-9.822558e-09	-2.229514e+01	-6.432493e+02
2.820000e-06	-3.136034e-06	-1.020697e-08	-2.288694e+01	-6.683937e+02
2.830000e-06	-3.216157e-06	-1.057547e-08	-2.347168e+01	-6.924418e+02
2.840000e-06	-3.295009e-06	-1.092638e-08	-2.404714e+01	-7.154141e+02
2.850000e-06	-3.372327e-06	-1.126124e-08	-2.461142e+01	-7.373430e+02
2.860000e-06	-3.448330e-06	-1.158314e-08	-2.516609e+01	-7.582715e+02
2.870000e-06	-3.523103e-06	-1.189120e-08	-2.571179e+01	-7.782496e+02
2.880000e-06	-3.596597e-06	-1.218456e-08	-2.624815e+01	-7.973283e+02
2.890000e-06	-3.668956e-06	-1.246562e-08	-2.677623e+01	-8.155555e+02
2.900000e-06	-3.740013e-06	-1.273552e-08	-2.729481e+01	-8.329712e+02
2.910000e-06	-3.809445e-06	-1.299145e-08	-2.780153e+01	-8.496064e+02
2.920000e-06	-3.877422e-06	-1.323241e-08	-2.829763e+01	-8.654841e+02
2.930000e-06	-3.944120e-06	-1.346119e-08	-2.878439e+01	-8.806222e+02
2.940000e-06	-4.009471e-06	-1.368069e-08	-2.926133e+01	-8.950387e+02
2.950000e-06	-4.073502e-06	-1.389407e-08	-2.972863e+01	-9.087555e+02
2.960000e-06	-4.135918e-06	-1.410055e-08	-3.018415e+01	-9.218013e+02
2.970000e-06	-4.196581e-06	-1.429604e-08	-3.062687e+01	-9.342115e+02
2.980000e-06	-4.255852e-06	-1.447795e-08	-3.105943e+01	-9.460264e+02
2.990000e-06	-4.313749e-06	-1.464860e-08	-3.148197e+01	-9.572861e+02
3.000000e-06	-4.370184e-06	-1.481221e-08	-3.189383e+01	-9.680264e+02
3.010000e-06	-4.424898e-06	-1.496900e-08	-3.229314e+01	-9.782740e+02
3.020000e-06	-4.477640e-06	-1.511870e-08	-3.267805e+01	-9.880450e+02
3.030000e-06	-4.528617e-06	-1.525990e-08	-3.305008e+01	-9.973453e+02
3.040000e-06	-4.577773e-06	-1.539176e-08	-3.340883e+01	-1.006174e+03
3.050000e-06	-4.625023e-06	-1.551669e-08	-3.375366e+01	-1.014529e+03
3.060000e-06	-4.670720e-06	-1.563706e-08	-3.408715e+01	-1.022413e+03
3.070000e-06	-4.715005e-06	-1.575433e-08	-3.441035e+01	-1.029833e+03
3.080000e-06	-4.757827e-06	-1.586498e-08	-3.472287e+01	-1.036811e+03
3.090000e-06	-4.799149e-06	-1.596670e-08	-3.502444e+01	-1.043373e+03
3.100000e-06	-4.838878e-06	-1.606202e-08	-3.531439e+01	-1.049552e+03
3.110000e-06	-4.876767e-06	-1.615206e-08	-3.559090e+01	-1.055380e+03
3.120000e-06	-4.912812e-06	-1.623807e-08	-3.585395e+01	-1.060885e+03
3.130000e-06	-4.947206e-06	-1.631751e-08	-3.610497e+01	-1.066082e+03
3.140000e-06	-4.979973e-06	-1.639103e-08	-3.634410e+01	-1.070977e+03
3.150000e-06	-5.010898e-06	-1.646049e-08	-3.656980e+01	-1.075567e+03
3.160000e-06	-5.039880e-06	-1.652530e-08	-3.678131e+01	-1.079841e+03
3.170000e-06	-5.067108e-06	-1.658682e-08	-3.698002e+01	-1.083789e+03
3.180000e-06	-5.092626e-06	-1.664261e-08	-3.716625e+01	-1.087403e+03
3.190000e-06	-5.116363e-06	-1.669233e-08	-3.733948e+01	-1.090682e+03
3.200000e-06	-5.138136e-06	-1.673865e-08	-3.749838e+01	-1.093633e+03
3.210000e-06	-5.158044e-06	-1.678218e-08	-3.764368e+01	-1.096268e+03
3.220000e-06	-5.176264e-06	-1.682089e-08	-3.777664e+01	-1.098606e+03
3.230000e-06	-5.192695e-06	-1.685436e-08	-3.789656e+01	-1.100660e+03
3.240000e-06	-5.207032e-06	-1.688249e-08	-3.800119e+01	-1.102445e+03
3.250000e-06	-5.219173e-06	-1.690598e-08	-3.808980e+01	-1.103965e+03
3.260000e-06	-5.229411e-06	-1.692393e-08	-3.816451e+01	-1.105224e+03
3.270000e-06	-5.237914e-06	-1.693726e-08	-3.822657e+01	-1.106223e+03
3.280000e-06	-5.244508e-06	-1.694845e-08	-3.827469e+01	-1.106960e+03
3.290000e-06	-5.249091e-06	-1.695885e-08	-3.830814e+01	-1.107442e+03
3.300000e-06	-5.251870e-06	-1.696597e-08	-3.832842e+01	-1.107678e+03
3.310000e-06	-5.252929e-06	-1.696584e-08	-3.833615e+01	-1.107682e+03
