# Temperatura_=_41.23
# Concentracion g/m^3_=_20000.0
# C_Vs_to_Am_M_A/Vsm_=_65563218390.804596
# pendiente_HvsI_1/m_=_3716.3
# ordenada_HvsI_A/m_=_1297.0
# frecuencia_Hz_=_301619.9127885959

Tiempo_(s)	Campo_(V.s)	Magnetizacion_(V.s)	Campo_(kA/m)	Magnetizacion_(A/m)
0.000000e+00	-5.258783e-06	-1.692252e-08	-3.833556e+01	-1.105182e+03
1.000000e-08	-5.256690e-06	-1.691857e-08	-3.832031e+01	-1.104823e+03
2.000000e-08	-5.252840e-06	-1.690902e-08	-3.829224e+01	-1.104275e+03
3.000000e-08	-5.247413e-06	-1.689522e-08	-3.825268e+01	-1.103541e+03
4.000000e-08	-5.240422e-06	-1.687881e-08	-3.820171e+01	-1.102614e+03
5.000000e-08	-5.231791e-06	-1.685881e-08	-3.813879e+01	-1.101481e+03
6.000000e-08	-5.221200e-06	-1.683659e-08	-3.806159e+01	-1.100122e+03
7.000000e-08	-5.208732e-06	-1.680888e-08	-3.797070e+01	-1.098525e+03
8.000000e-08	-5.194413e-06	-1.677174e-08	-3.786632e+01	-1.096684e+03
9.000000e-08	-5.177880e-06	-1.676947e-08	-3.774580e+01	-1.094609e+03
1.000000e-07	-5.159194e-06	-1.676520e-08	-3.760958e+01	-1.092327e+03
1.100000e-07	-5.138631e-06	-1.670604e-08	-3.745968e+01	-1.089879e+03
1.200000e-07	-5.116333e-06	-1.665290e-08	-3.729713e+01	-1.087314e+03
1.300000e-07	-5.092512e-06	-1.657637e-08	-3.712348e+01	-1.084676e+03
1.400000e-07	-5.067158e-06	-1.648637e-08	-3.693865e+01	-1.081999e+03
1.500000e-07	-5.040103e-06	-1.653176e-08	-3.674142e+01	-1.079295e+03
1.600000e-07	-5.011503e-06	-1.648417e-08	-3.653294e+01	-1.076553e+03
1.700000e-07	-4.981547e-06	-1.638626e-08	-3.631456e+01	-1.073734e+03
1.800000e-07	-4.949850e-06	-1.642746e-08	-3.608350e+01	-1.070781e+03
1.900000e-07	-4.916045e-06	-1.629890e-08	-3.583707e+01	-1.067629e+03
2.000000e-07	-4.880598e-06	-1.617078e-08	-3.557867e+01	-1.064213e+03
2.100000e-07	-4.843639e-06	-1.618397e-08	-3.530924e+01	-1.060484e+03
2.200000e-07	-4.804919e-06	-1.608104e-08	-3.502698e+01	-1.056411e+03
2.300000e-07	-4.764426e-06	-1.602302e-08	-3.473179e+01	-1.051990e+03
2.400000e-07	-4.722002e-06	-1.599568e-08	-3.442253e+01	-1.047236e+03
2.500000e-07	-4.677772e-06	-1.585310e-08	-3.410010e+01	-1.042180e+03
2.600000e-07	-4.631782e-06	-1.577638e-08	-3.376484e+01	-1.036859e+03
2.700000e-07	-4.583984e-06	-1.571424e-08	-3.341641e+01	-1.031308e+03
2.800000e-07	-4.534193e-06	-1.563609e-08	-3.305343e+01	-1.025550e+03
2.900000e-07	-4.482273e-06	-1.555326e-08	-3.267495e+01	-1.019594e+03
3.000000e-07	-4.428592e-06	-1.543632e-08	-3.228362e+01	-1.013436e+03
3.100000e-07	-4.373405e-06	-1.532653e-08	-3.188132e+01	-1.007062e+03
3.200000e-07	-4.316647e-06	-1.522874e-08	-3.146756e+01	-1.000455e+03
3.300000e-07	-4.258145e-06	-1.514318e-08	-3.104110e+01	-9.936010e+02
3.400000e-07	-4.198049e-06	-1.501732e-08	-3.060301e+01	-9.864921e+02
3.500000e-07	-4.136542e-06	-1.489262e-08	-3.015464e+01	-9.791309e+02
3.600000e-07	-4.073665e-06	-1.480114e-08	-2.969628e+01	-9.715279e+02
3.700000e-07	-4.009467e-06	-1.467395e-08	-2.922828e+01	-9.636975e+02
3.800000e-07	-3.943690e-06	-1.455826e-08	-2.874877e+01	-9.556538e+02
3.900000e-07	-3.876242e-06	-1.444822e-08	-2.825709e+01	-9.474051e+02
4.000000e-07	-3.807446e-06	-1.429940e-08	-2.775558e+01	-9.389515e+02
4.100000e-07	-3.737458e-06	-1.414967e-08	-2.724539e+01	-9.302840e+02
4.200000e-07	-3.666353e-06	-1.400639e-08	-2.672704e+01	-9.213872e+02
4.300000e-07	-3.594102e-06	-1.388429e-08	-2.620035e+01	-9.122425e+02
4.400000e-07	-3.520323e-06	-1.375757e-08	-2.566251e+01	-9.028335e+02
4.500000e-07	-3.444933e-06	-1.360819e-08	-2.511293e+01	-8.931493e+02
4.600000e-07	-3.368173e-06	-1.343891e-08	-2.455336e+01	-8.831864e+02
4.700000e-07	-3.290154e-06	-1.326956e-08	-2.398462e+01	-8.729490e+02
4.800000e-07	-3.210862e-06	-1.311948e-08	-2.340660e+01	-8.624457e+02
4.900000e-07	-3.130315e-06	-1.296133e-08	-2.281942e+01	-8.516867e+02
5.000000e-07	-3.048578e-06	-1.279921e-08	-2.222358e+01	-8.406791e+02
5.100000e-07	-2.965768e-06	-1.262598e-08	-2.161991e+01	-8.294245e+02
5.200000e-07	-2.882145e-06	-1.244090e-08	-2.101031e+01	-8.179173e+02
5.300000e-07	-2.797732e-06	-1.225271e-08	-2.039496e+01	-8.061463e+02
5.400000e-07	-2.712354e-06	-1.207403e-08	-1.977257e+01	-7.940968e+02
5.500000e-07	-2.626016e-06	-1.190007e-08	-1.914317e+01	-7.817537e+02
5.600000e-07	-2.538813e-06	-1.170302e-08	-1.850748e+01	-7.691051e+02
5.700000e-07	-2.450732e-06	-1.149208e-08	-1.786539e+01	-7.561439e+02
5.800000e-07	-2.361594e-06	-1.128682e-08	-1.721559e+01	-7.428684e+02
5.900000e-07	-2.271346e-06	-1.108588e-08	-1.655770e+01	-7.292805e+02
6.000000e-07	-2.180186e-06	-1.087302e-08	-1.589316e+01	-7.153842e+02
6.100000e-07	-2.088325e-06	-1.065193e-08	-1.522351e+01	-7.011821e+02
6.200000e-07	-1.995809e-06	-1.043113e-08	-1.454908e+01	-6.866737e+02
6.300000e-07	-1.902527e-06	-1.020362e-08	-1.386907e+01	-6.718548e+02
6.400000e-07	-1.808545e-06	-9.970421e-09	-1.318396e+01	-6.567177e+02
6.500000e-07	-1.713989e-06	-9.741895e-09	-1.249467e+01	-6.412533e+02
6.600000e-07	-1.618875e-06	-9.508797e-09	-1.180130e+01	-6.254533e+02
6.700000e-07	-1.523202e-06	-9.255114e-09	-1.110386e+01	-6.093122e+02
6.800000e-07	-1.427005e-06	-8.992356e-09	-1.040260e+01	-5.928284e+02
6.900000e-07	-1.330250e-06	-8.735664e-09	-9.697281e+00	-5.760038e+02
7.000000e-07	-1.232906e-06	-8.478445e-09	-8.987658e+00	-5.588424e+02
7.100000e-07	-1.135016e-06	-8.210708e-09	-8.274060e+00	-5.413479e+02
7.200000e-07	-1.036670e-06	-7.938096e-09	-7.557136e+00	-5.235217e+02
7.300000e-07	-9.379365e-07	-7.662913e-09	-6.837385e+00	-5.053610e+02
7.400000e-07	-8.388729e-07	-7.378972e-09	-6.115230e+00	-4.868587e+02
7.500000e-07	-7.395812e-07	-7.089728e-09	-5.391412e+00	-4.680048e+02
7.600000e-07	-6.400689e-07	-6.802406e-09	-4.665985e+00	-4.487876e+02
7.700000e-07	-5.403483e-07	-6.508736e-09	-3.939040e+00	-4.291967e+02
7.800000e-07	-4.404704e-07	-6.198767e-09	-3.210949e+00	-4.092245e+02
7.900000e-07	-3.405280e-07	-5.879254e-09	-2.482387e+00	-3.888665e+02
8.000000e-07	-2.405363e-07	-5.558539e-09	-1.753466e+00	-3.681208e+02
8.100000e-07	-1.404352e-07	-5.237801e-09	-1.023747e+00	-3.469858e+02
8.200000e-07	-4.024438e-08	-4.911308e-09	-2.933742e-01	-3.254578e+02
8.300000e-07	5.999856e-08	-4.577007e-09	4.373785e-01	-3.035281e+02
8.400000e-07	1.602334e-07	-4.236862e-09	1.168072e+00	-2.811818e+02
8.500000e-07	2.603861e-07	-3.888355e-09	1.898167e+00	-2.583976e+02
8.600000e-07	3.604727e-07	-3.533367e-09	2.627780e+00	-2.351485e+02
8.700000e-07	4.604898e-07	-3.174896e-09	3.356886e+00	-2.114048e+02
8.800000e-07	5.603741e-07	-2.808876e-09	4.085025e+00	-1.871350e+02
8.900000e-07	6.601312e-07	-2.429536e-09	4.812235e+00	-1.623079e+02
9.000000e-07	7.597880e-07	-2.035950e-09	5.538715e+00	-1.368916e+02
9.100000e-07	8.592651e-07	-1.634322e-09	6.263885e+00	-1.108525e+02
9.200000e-07	9.584339e-07	-1.227841e-09	6.986808e+00	-8.415235e+01
9.300000e-07	1.057237e-06	-8.141569e-10	7.707067e+00	-5.674663e+01
9.400000e-07	1.155567e-06	-3.884118e-10	8.423869e+00	-2.858416e+01
9.500000e-07	1.253357e-06	5.405055e-11	9.136741e+00	3.899511e-01
9.600000e-07	1.350573e-06	5.102054e-10	9.845428e+00	3.022787e+01
9.700000e-07	1.447169e-06	9.766500e-10	1.054960e+01	6.096931e+01
9.800000e-07	1.543116e-06	1.455398e-09	1.124904e+01	9.262978e+01
9.900000e-07	1.638432e-06	1.951171e-09	1.194387e+01	1.251890e+02
1.000000e-06	1.733130e-06	2.462338e-09	1.263420e+01	1.585816e+02
1.010000e-06	1.827243e-06	2.981348e-09	1.332026e+01	1.926931e+02
1.020000e-06	1.920770e-06	3.506840e-09	1.400206e+01	2.273614e+02
1.030000e-06	2.013607e-06	4.038336e-09	1.467882e+01	2.623851e+02
1.040000e-06	2.105778e-06	4.573167e-09	1.535074e+01	2.975371e+02
1.050000e-06	2.197358e-06	5.104290e-09	1.601834e+01	3.325814e+02
1.060000e-06	2.288241e-06	5.631034e-09	1.668086e+01	3.672903e+02
1.070000e-06	2.378163e-06	6.151042e-09	1.733637e+01	4.014595e+02
1.080000e-06	2.467015e-06	6.659107e-09	1.798409e+01	4.349184e+02
1.090000e-06	2.554883e-06	7.153297e-09	1.862463e+01	4.675344e+02
1.100000e-06	2.641847e-06	7.633783e-09	1.925858e+01	4.992120e+02
1.110000e-06	2.727946e-06	8.103504e-09	1.988623e+01	5.298870e+02
1.120000e-06	2.813150e-06	8.558267e-09	2.050735e+01	5.595190e+02
1.130000e-06	2.897462e-06	8.991710e-09	2.112197e+01	5.880832e+02
1.140000e-06	2.980934e-06	9.405675e-09	2.173047e+01	6.155643e+02
1.150000e-06	3.063407e-06	9.805257e-09	2.233168e+01	6.419533e+02
1.160000e-06	3.144755e-06	1.018938e-08	2.292469e+01	6.672468e+02
1.170000e-06	3.224973e-06	1.055540e-08	2.350946e+01	6.914491e+02
1.180000e-06	3.304000e-06	1.090441e-08	2.408556e+01	7.145743e+02
1.190000e-06	3.381829e-06	1.124012e-08	2.465291e+01	7.366482e+02
1.200000e-06	3.458498e-06	1.156272e-08	2.521181e+01	7.577080e+02
1.210000e-06	3.533981e-06	1.187035e-08	2.576207e+01	7.777999e+02
1.220000e-06	3.608035e-06	1.216153e-08	2.630192e+01	7.969744e+02
1.230000e-06	3.680504e-06	1.243834e-08	2.683020e+01	8.152817e+02
1.240000e-06	3.751570e-06	1.270213e-08	2.734826e+01	8.327666e+02
1.250000e-06	3.821372e-06	1.295357e-08	2.785710e+01	8.494657e+02
1.260000e-06	3.889878e-06	1.319450e-08	2.835649e+01	8.654070e+02
1.270000e-06	3.957130e-06	1.342645e-08	2.884675e+01	8.806123e+02
1.280000e-06	4.022904e-06	1.364791e-08	2.932623e+01	8.951003e+02
1.290000e-06	4.086987e-06	1.385598e-08	2.979338e+01	9.088914e+02
1.300000e-06	4.149566e-06	1.405277e-08	3.024957e+01	9.220111e+02
1.310000e-06	4.210758e-06	1.424199e-08	3.069566e+01	9.344907e+02
1.320000e-06	4.270630e-06	1.442324e-08	3.113211e+01	9.463671e+02
1.330000e-06	4.329071e-06	1.459458e-08	3.155813e+01	9.576788e+02
1.340000e-06	4.385778e-06	1.475719e-08	3.197152e+01	9.684618e+02
1.350000e-06	4.440786e-06	1.491338e-08	3.237251e+01	9.787452e+02
1.360000e-06	4.494203e-06	1.506268e-08	3.276191e+01	9.885486e+02
1.370000e-06	4.545878e-06	1.520452e-08	3.313862e+01	9.978812e+02
1.380000e-06	4.595597e-06	1.533927e-08	3.350106e+01	1.006745e+03
1.390000e-06	4.643427e-06	1.546659e-08	3.384974e+01	1.015137e+03
1.400000e-06	4.689606e-06	1.558678e-08	3.418637e+01	1.023059e+03
1.410000e-06	4.734246e-06	1.570087e-08	3.451179e+01	1.030514e+03
1.420000e-06	4.777368e-06	1.580734e-08	3.482614e+01	1.037519e+03
1.430000e-06	4.818659e-06	1.590600e-08	3.512714e+01	1.044096e+03
1.440000e-06	4.858097e-06	1.599905e-08	3.541464e+01	1.050276e+03
1.450000e-06	4.895920e-06	1.608691e-08	3.569036e+01	1.056090e+03
1.460000e-06	4.932195e-06	1.616923e-08	3.595480e+01	1.061568e+03
1.470000e-06	4.966878e-06	1.624535e-08	3.620763e+01	1.066731e+03
1.480000e-06	4.999681e-06	1.631701e-08	3.644676e+01	1.071590e+03
1.490000e-06	5.030644e-06	1.638717e-08	3.667247e+01	1.076146e+03
1.500000e-06	5.059964e-06	1.645380e-08	3.688621e+01	1.080395e+03
1.510000e-06	5.087641e-06	1.651383e-08	3.708797e+01	1.084327e+03
1.520000e-06	5.113409e-06	1.656796e-08	3.727582e+01	1.087934e+03
1.530000e-06	5.137111e-06	1.661673e-08	3.744860e+01	1.091215e+03
1.540000e-06	5.158966e-06	1.666061e-08	3.760792e+01	1.094171e+03
1.550000e-06	5.179155e-06	1.669926e-08	3.775509e+01	1.096814e+03
1.560000e-06	5.197601e-06	1.673180e-08	3.788956e+01	1.099157e+03
1.570000e-06	5.214087e-06	1.676032e-08	3.800974e+01	1.101215e+03
1.580000e-06	5.228654e-06	1.678596e-08	3.811593e+01	1.102998e+03
1.590000e-06	5.241394e-06	1.680790e-08	3.820880e+01	1.104516e+03
1.600000e-06	5.252045e-06	1.682645e-08	3.828644e+01	1.105771e+03
1.610000e-06	5.260464e-06	1.684309e-08	3.834782e+01	1.106766e+03
1.620000e-06	5.266952e-06	1.685535e-08	3.839511e+01	1.107501e+03
1.630000e-06	5.271704e-06	1.686023e-08	3.842976e+01	1.107982e+03
1.640000e-06	5.274744e-06	1.686147e-08	3.845192e+01	1.108219e+03
1.650000e-06	5.275853e-06	1.686331e-08	3.846000e+01	1.108227e+03
1.660000e-06	5.275037e-06	1.686307e-08	3.845406e+01	1.108023e+03
1.670000e-06	5.272550e-06	1.685516e-08	3.843592e+01	1.107622e+03
1.680000e-06	5.268497e-06	1.684414e-08	3.840638e+01	1.107034e+03
1.690000e-06	5.262697e-06	1.683184e-08	3.836410e+01	1.106259e+03
1.700000e-06	5.254971e-06	1.681927e-08	3.830777e+01	1.105289e+03
1.710000e-06	5.245620e-06	1.680510e-08	3.823961e+01	1.104108e+03
1.720000e-06	5.234727e-06	1.678783e-08	3.816020e+01	1.102699e+03
1.730000e-06	5.222138e-06	1.677755e-08	3.806843e+01	1.101048e+03
1.740000e-06	5.207555e-06	1.672850e-08	3.796212e+01	1.099155e+03
1.750000e-06	5.190583e-06	1.665356e-08	3.783840e+01	1.097032e+03
1.760000e-06	5.171123e-06	1.663754e-08	3.769654e+01	1.094711e+03
1.770000e-06	5.149224e-06	1.661000e-08	3.753690e+01	1.092233e+03
1.780000e-06	5.125526e-06	1.661785e-08	3.736415e+01	1.089648e+03
1.790000e-06	5.101092e-06	1.661349e-08	3.718603e+01	1.086999e+03
1.800000e-06	5.075735e-06	1.646777e-08	3.700118e+01	1.084315e+03
1.810000e-06	5.048538e-06	1.647446e-08	3.680291e+01	1.081605e+03
1.820000e-06	5.019747e-06	1.644487e-08	3.659303e+01	1.078850e+03
1.830000e-06	4.989312e-06	1.628938e-08	3.637117e+01	1.076007e+03
1.840000e-06	4.956582e-06	1.638263e-08	3.613257e+01	1.073016e+03
1.850000e-06	4.922064e-06	1.635780e-08	3.588095e+01	1.069812e+03
1.860000e-06	4.886040e-06	1.621134e-08	3.561834e+01	1.066332e+03
1.870000e-06	4.848107e-06	1.625374e-08	3.534181e+01	1.062531e+03
1.880000e-06	4.808382e-06	1.612357e-08	3.505222e+01	1.058382e+03
1.890000e-06	4.766816e-06	1.603731e-08	3.474921e+01	1.053887e+03
1.900000e-06	4.723491e-06	1.605903e-08	3.443339e+01	1.049065e+03
1.910000e-06	4.678639e-06	1.591556e-08	3.410642e+01	1.043948e+03
1.920000e-06	4.631978e-06	1.588093e-08	3.376627e+01	1.038575e+03
1.930000e-06	4.583664e-06	1.575806e-08	3.341407e+01	1.032978e+03
1.940000e-06	4.533786e-06	1.561780e-08	3.305047e+01	1.027176e+03
1.950000e-06	4.482083e-06	1.561392e-08	3.267356e+01	1.021177e+03
1.960000e-06	4.428451e-06	1.549391e-08	3.228259e+01	1.014974e+03
1.970000e-06	4.372896e-06	1.540610e-08	3.187761e+01	1.008551e+03
1.980000e-06	4.315748e-06	1.528997e-08	3.146101e+01	1.001892e+03
1.990000e-06	4.257127e-06	1.518385e-08	3.103368e+01	9.949828e+02
2.000000e-06	4.197145e-06	1.510172e-08	3.059642e+01	9.878188e+02
2.010000e-06	4.135793e-06	1.492988e-08	3.014918e+01	9.804041e+02
2.020000e-06	4.072658e-06	1.486539e-08	2.968893e+01	9.727506e+02
2.030000e-06	4.007905e-06	1.472695e-08	2.921689e+01	9.648729e+02
2.040000e-06	3.941745e-06	1.457212e-08	2.873460e+01	9.567843e+02
2.050000e-06	3.874281e-06	1.448190e-08	2.824280e+01	9.484915e+02
2.060000e-06	3.805611e-06	1.434297e-08	2.774221e+01	9.399925e+02
2.070000e-06	3.735348e-06	1.424813e-08	2.723000e+01	9.312768e+02
2.080000e-06	3.663515e-06	1.407575e-08	2.670635e+01	9.223279e+02
2.090000e-06	3.590426e-06	1.391664e-08	2.617355e+01	9.131273e+02
2.100000e-06	3.516179e-06	1.379117e-08	2.563230e+01	9.036595e+02
2.110000e-06	3.440707e-06	1.364348e-08	2.508212e+01	8.939150e+02
2.120000e-06	3.363865e-06	1.350494e-08	2.452196e+01	8.838923e+02
2.130000e-06	3.285582e-06	1.333338e-08	2.395129e+01	8.735965e+02
2.140000e-06	3.205917e-06	1.318594e-08	2.337055e+01	8.630371e+02
2.150000e-06	3.125135e-06	1.300823e-08	2.278166e+01	8.522238e+02
2.160000e-06	3.043252e-06	1.283454e-08	2.218475e+01	8.411629e+02
2.170000e-06	2.960328e-06	1.268086e-08	2.158025e+01	8.298542e+02
2.180000e-06	2.876544e-06	1.251286e-08	2.096948e+01	8.182911e+02
2.190000e-06	2.791781e-06	1.232019e-08	2.035157e+01	8.064612e+02
2.200000e-06	2.705848e-06	1.210939e-08	1.972514e+01	7.943495e+02
2.210000e-06	2.618693e-06	1.193628e-08	1.908979e+01	7.819412e+02
2.220000e-06	2.530555e-06	1.175204e-08	1.844729e+01	7.692255e+02
2.230000e-06	2.441566e-06	1.155327e-08	1.779857e+01	7.561964e+02
2.240000e-06	2.351727e-06	1.135294e-08	1.714366e+01	7.428531e+02
2.250000e-06	2.261139e-06	1.115386e-08	1.648329e+01	7.291984e+02
2.260000e-06	2.169890e-06	1.094033e-08	1.581810e+01	7.152358e+02
2.270000e-06	2.077996e-06	1.070816e-08	1.514821e+01	7.009677e+02
2.280000e-06	1.985350e-06	1.049242e-08	1.447284e+01	6.863927e+02
2.290000e-06	1.891893e-06	1.027070e-08	1.379155e+01	6.715058e+02
2.300000e-06	1.797636e-06	1.002695e-08	1.310443e+01	6.562988e+02
2.310000e-06	1.702577e-06	9.782811e-09	1.241147e+01	6.407626e+02
2.320000e-06	1.606847e-06	9.552897e-09	1.171362e+01	6.248894e+02
2.330000e-06	1.510615e-06	9.312365e-09	1.101211e+01	6.086743e+02
2.340000e-06	1.413969e-06	9.055711e-09	1.030758e+01	5.921167e+02
2.350000e-06	1.316939e-06	8.798590e-09	9.600244e+00	5.752190e+02
2.360000e-06	1.219506e-06	8.541007e-09	8.889975e+00	5.579854e+02
2.370000e-06	1.121701e-06	8.272275e-09	8.176994e+00	5.404194e+02
2.380000e-06	1.023530e-06	7.993562e-09	7.461348e+00	5.225213e+02
2.390000e-06	9.250486e-07	7.717661e-09	6.743435e+00	5.042876e+02
2.400000e-06	8.262810e-07	7.434301e-09	6.023437e+00	4.857104e+02
2.410000e-06	7.272132e-07	7.138622e-09	5.301251e+00	4.667790e+02
2.420000e-06	6.279345e-07	6.842012e-09	4.577528e+00	4.474820e+02
2.430000e-06	5.285461e-07	6.549682e-09	3.853004e+00	4.278095e+02
2.440000e-06	4.290583e-07	6.250236e-09	3.127757e+00	4.077543e+02
2.450000e-06	3.294487e-07	5.938735e-09	2.401621e+00	3.873128e+02
2.460000e-06	2.297244e-07	5.622284e-09	1.674649e+00	3.664833e+02
2.470000e-06	1.298994e-07	5.300585e-09	9.469428e-01	3.452640e+02
2.480000e-06	2.996605e-08	4.967290e-09	2.184470e-01	3.236503e+02
2.490000e-06	-6.999353e-08	4.627530e-09	-5.102400e-01	3.016323e+02
2.500000e-06	-1.698932e-07	4.287209e-09	-1.238490e+00	2.791937e+02
2.510000e-06	-2.697661e-07	3.940202e-09	-1.966545e+00	2.563117e+02
2.520000e-06	-3.695951e-07	3.582090e-09	-2.694280e+00	2.329587e+02
2.530000e-06	-4.693157e-07	3.215156e-09	-3.421225e+00	2.091043e+02
2.540000e-06	-5.689077e-07	2.843870e-09	-4.147233e+00	1.847172e+02
2.550000e-06	-6.683112e-07	2.465061e-09	-4.871866e+00	1.597660e+02
2.560000e-06	-7.674968e-07	2.077890e-09	-5.594911e+00	1.342187e+02
2.570000e-06	-8.664699e-07	1.680543e-09	-6.316407e+00	1.080408e+02
2.580000e-06	-9.651587e-07	1.270821e-09	-7.035830e+00	8.119293e+01
2.590000e-06	-1.063494e-06	8.489819e-10	-7.752679e+00	5.362902e+01
2.600000e-06	-1.161419e-06	4.140379e-10	-8.466531e+00	2.529674e+01
2.610000e-06	-1.258924e-06	-3.235219e-11	-9.177327e+00	-3.858869e+00
2.620000e-06	-1.356044e-06	-4.915048e-10	-9.885315e+00	-3.388823e+01
2.630000e-06	-1.452759e-06	-9.643834e-10	-1.059035e+01	-6.482689e+01
2.640000e-06	-1.549042e-06	-1.451796e-09	-1.129224e+01	-9.668359e+01
2.650000e-06	-1.644844e-06	-1.953143e-09	-1.199061e+01	-1.294290e+02
2.660000e-06	-1.739899e-06	-2.464222e-09	-1.268355e+01	-1.629876e+02
2.670000e-06	-1.834006e-06	-2.986821e-09	-1.336957e+01	-1.972341e+02
2.680000e-06	-1.927305e-06	-3.522552e-09	-1.404970e+01	-2.319972e+02
2.690000e-06	-2.019901e-06	-4.062990e-09	-1.472471e+01	-2.670686e+02
2.700000e-06	-2.111776e-06	-4.600210e-09	-1.539446e+01	-3.022179e+02
2.710000e-06	-2.202920e-06	-5.134479e-09	-1.605888e+01	-3.372094e+02
2.720000e-06	-2.293284e-06	-5.664951e-09	-1.671762e+01	-3.718193e+02
2.730000e-06	-2.382787e-06	-6.186300e-09	-1.737008e+01	-4.058500e+02
2.740000e-06	-2.471539e-06	-6.693937e-09	-1.801706e+01	-4.391387e+02
2.750000e-06	-2.559640e-06	-7.189883e-09	-1.865931e+01	-4.715610e+02
2.760000e-06	-2.646864e-06	-7.673101e-09	-1.929515e+01	-5.030287e+02
2.770000e-06	-2.732940e-06	-8.138389e-09	-1.992263e+01	-5.334835e+02
2.780000e-06	-2.817890e-06	-8.589397e-09	-2.054190e+01	-5.628888e+02
2.790000e-06	-2.901884e-06	-9.027386e-09	-2.115421e+01	-5.912226e+02
2.800000e-06	-2.984978e-06	-9.447180e-09	-2.175994e+01	-6.184708e+02
2.810000e-06	-3.067092e-06	-9.846655e-09	-2.235854e+01	-6.446256e+02
2.820000e-06	-3.148178e-06	-1.022668e-08	-2.294964e+01	-6.696852e+02
2.830000e-06	-3.228247e-06	-1.059161e-08	-2.353333e+01	-6.936556e+02
2.840000e-06	-3.307117e-06	-1.094125e-08	-2.410828e+01	-7.165535e+02
2.850000e-06	-3.384560e-06	-1.127548e-08	-2.467283e+01	-7.384072e+02
2.860000e-06	-3.460611e-06	-1.159797e-08	-2.522722e+01	-7.592560e+02
2.870000e-06	-3.535349e-06	-1.190669e-08	-2.577204e+01	-7.791474e+02
2.880000e-06	-3.608772e-06	-1.220052e-08	-2.630729e+01	-7.981326e+02
2.890000e-06	-3.681001e-06	-1.247942e-08	-2.683382e+01	-8.162606e+02
2.900000e-06	-3.751875e-06	-1.274593e-08	-2.735048e+01	-8.335749e+02
2.910000e-06	-3.821217e-06	-1.299979e-08	-2.785597e+01	-8.501101e+02
2.920000e-06	-3.889160e-06	-1.323890e-08	-2.835127e+01	-8.658926e+02
2.930000e-06	-3.955719e-06	-1.346685e-08	-2.883647e+01	-8.809431e+02
2.940000e-06	-4.020943e-06	-1.368538e-08	-2.931193e+01	-8.952804e+02
2.950000e-06	-4.084859e-06	-1.389625e-08	-2.977787e+01	-9.089259e+02
2.960000e-06	-4.147203e-06	-1.409962e-08	-3.023235e+01	-9.219060e+02
2.970000e-06	-4.207885e-06	-1.429377e-08	-3.067471e+01	-9.342537e+02
2.980000e-06	-4.267104e-06	-1.447729e-08	-3.110641e+01	-9.460064e+02
2.990000e-06	-4.324901e-06	-1.465035e-08	-3.152774e+01	-9.572025e+02
3.000000e-06	-4.381212e-06	-1.481413e-08	-3.193823e+01	-9.678768e+02
3.010000e-06	-4.435799e-06	-1.496830e-08	-3.233617e+01	-9.780566e+02
3.020000e-06	-4.488449e-06	-1.511376e-08	-3.271997e+01	-9.877591e+02
3.030000e-06	-4.539288e-06	-1.525187e-08	-3.309058e+01	-9.969919e+02
3.040000e-06	-4.588312e-06	-1.538258e-08	-3.344795e+01	-1.005755e+03
3.050000e-06	-4.635518e-06	-1.550764e-08	-3.379207e+01	-1.014047e+03
3.060000e-06	-4.681111e-06	-1.562805e-08	-3.412444e+01	-1.021869e+03
3.070000e-06	-4.725261e-06	-1.574435e-08	-3.444629e+01	-1.029226e+03
3.080000e-06	-4.767992e-06	-1.585437e-08	-3.475779e+01	-1.036138e+03
3.090000e-06	-4.809200e-06	-1.595779e-08	-3.505819e+01	-1.042627e+03
3.100000e-06	-4.848791e-06	-1.605300e-08	-3.534680e+01	-1.048727e+03
3.110000e-06	-4.886542e-06	-1.613902e-08	-3.562199e+01	-1.054467e+03
3.120000e-06	-4.922470e-06	-1.621835e-08	-3.588390e+01	-1.059877e+03
3.130000e-06	-4.956731e-06	-1.629307e-08	-3.613366e+01	-1.064974e+03
3.140000e-06	-4.989344e-06	-1.636546e-08	-3.637141e+01	-1.069769e+03
3.150000e-06	-5.020128e-06	-1.643369e-08	-3.659582e+01	-1.074261e+03
3.160000e-06	-5.048966e-06	-1.649846e-08	-3.680604e+01	-1.078443e+03
3.170000e-06	-5.076030e-06	-1.656158e-08	-3.700333e+01	-1.082307e+03
3.180000e-06	-5.101406e-06	-1.661999e-08	-3.718832e+01	-1.085845e+03
3.190000e-06	-5.125060e-06	-1.667071e-08	-3.736075e+01	-1.089055e+03
3.200000e-06	-5.146738e-06	-1.671481e-08	-3.751878e+01	-1.091944e+03
3.210000e-06	-5.166507e-06	-1.675430e-08	-3.766289e+01	-1.094522e+03
3.220000e-06	-5.184549e-06	-1.678905e-08	-3.779441e+01	-1.096804e+03
3.230000e-06	-5.200787e-06	-1.681891e-08	-3.791278e+01	-1.098802e+03
3.240000e-06	-5.214910e-06	-1.684631e-08	-3.801574e+01	-1.100529e+03
3.250000e-06	-5.226857e-06	-1.687159e-08	-3.810283e+01	-1.101991e+03
3.260000e-06	-5.236934e-06	-1.689198e-08	-3.817629e+01	-1.103190e+03
3.270000e-06	-5.245203e-06	-1.690597e-08	-3.823657e+01	-1.104129e+03
3.280000e-06	-5.251466e-06	-1.691598e-08	-3.828222e+01	-1.104810e+03
3.290000e-06	-5.255766e-06	-1.692418e-08	-3.831357e+01	-1.105238e+03
3.300000e-06	-5.258382e-06	-1.692849e-08	-3.833264e+01	-1.105425e+03
3.310000e-06	-5.259303e-06	-1.692675e-08	-3.833935e+01	-1.105387e+03
