# Temperatura_=_40.76
# Concentracion g/m^3_=_26700.0
# C_Vs_to_Am_M_A/Vsm_=_65563218390.804596
# pendiente_HvsI_1/m_=_3716.3
# ordenada_HvsI_A/m_=_1297.0
# frecuencia_Hz_=_302067.31306660845

Tiempo_(s)	Campo_(V.s)	Magnetizacion_(V.s)	Campo_(kA/m)	Magnetizacion_(A/m)
0.000000e+00	-6.629132e-06	-2.048187e-08	-4.744859e+01	-1.343716e+03
1.000000e-08	-6.627285e-06	-2.047852e-08	-4.743537e+01	-1.343325e+03
2.000000e-08	-6.623173e-06	-2.046933e-08	-4.740593e+01	-1.342682e+03
3.000000e-08	-6.617027e-06	-2.045642e-08	-4.736195e+01	-1.341793e+03
4.000000e-08	-6.608817e-06	-2.044150e-08	-4.730318e+01	-1.340673e+03
5.000000e-08	-6.598232e-06	-2.042013e-08	-4.722742e+01	-1.339349e+03
6.000000e-08	-6.585190e-06	-2.039425e-08	-4.713407e+01	-1.337853e+03
7.000000e-08	-6.569748e-06	-2.035975e-08	-4.702354e+01	-1.336213e+03
8.000000e-08	-6.552031e-06	-2.032897e-08	-4.689673e+01	-1.334445e+03
9.000000e-08	-6.532145e-06	-2.034927e-08	-4.675440e+01	-1.332551e+03
1.000000e-07	-6.509857e-06	-2.033668e-08	-4.659487e+01	-1.330512e+03
1.100000e-07	-6.484942e-06	-2.026124e-08	-4.641653e+01	-1.328295e+03
1.200000e-07	-6.457463e-06	-2.020786e-08	-4.621985e+01	-1.325859e+03
1.300000e-07	-6.427796e-06	-2.016332e-08	-4.600750e+01	-1.323162e+03
1.400000e-07	-6.396356e-06	-2.005674e-08	-4.578247e+01	-1.320170e+03
1.500000e-07	-6.363149e-06	-2.005321e-08	-4.554479e+01	-1.316866e+03
1.600000e-07	-6.327884e-06	-2.008454e-08	-4.529238e+01	-1.313252e+03
1.700000e-07	-6.290591e-06	-1.993432e-08	-4.502545e+01	-1.309348e+03
1.800000e-07	-6.251268e-06	-1.993258e-08	-4.474399e+01	-1.305185e+03
1.900000e-07	-6.209537e-06	-1.987264e-08	-4.444530e+01	-1.300798e+03
2.000000e-07	-6.165437e-06	-1.971578e-08	-4.412965e+01	-1.296217e+03
2.100000e-07	-6.119132e-06	-1.971206e-08	-4.379822e+01	-1.291460e+03
2.200000e-07	-6.070397e-06	-1.964385e-08	-4.344939e+01	-1.286529e+03
2.300000e-07	-6.019038e-06	-1.959054e-08	-4.308179e+01	-1.281412e+03
2.400000e-07	-5.965227e-06	-1.952181e-08	-4.269663e+01	-1.276088e+03
2.500000e-07	-5.909244e-06	-1.939075e-08	-4.229593e+01	-1.270530e+03
2.600000e-07	-5.851014e-06	-1.928111e-08	-4.187914e+01	-1.264716e+03
2.700000e-07	-5.790537e-06	-1.916721e-08	-4.144627e+01	-1.258632e+03
2.800000e-07	-5.727959e-06	-1.909631e-08	-4.099836e+01	-1.252276e+03
2.900000e-07	-5.663272e-06	-1.900906e-08	-4.053536e+01	-1.245654e+03
3.000000e-07	-5.596403e-06	-1.890800e-08	-4.005674e+01	-1.238779e+03
3.100000e-07	-5.527371e-06	-1.879323e-08	-3.956264e+01	-1.231664e+03
3.200000e-07	-5.456285e-06	-1.865730e-08	-3.905384e+01	-1.224316e+03
3.300000e-07	-5.383212e-06	-1.856665e-08	-3.853081e+01	-1.216734e+03
3.400000e-07	-5.308044e-06	-1.844313e-08	-3.799279e+01	-1.208906e+03
3.500000e-07	-5.230723e-06	-1.831846e-08	-3.743935e+01	-1.200813e+03
3.600000e-07	-5.151263e-06	-1.820101e-08	-3.687061e+01	-1.192433e+03
3.700000e-07	-5.069794e-06	-1.806574e-08	-3.628749e+01	-1.183748e+03
3.800000e-07	-4.986624e-06	-1.793189e-08	-3.569220e+01	-1.174745e+03
3.900000e-07	-4.901891e-06	-1.777843e-08	-3.508571e+01	-1.165422e+03
4.000000e-07	-4.815618e-06	-1.762632e-08	-3.446821e+01	-1.155785e+03
4.100000e-07	-4.727708e-06	-1.746499e-08	-3.383898e+01	-1.145844e+03
4.200000e-07	-4.638090e-06	-1.731110e-08	-3.319753e+01	-1.135613e+03
4.300000e-07	-4.546799e-06	-1.716748e-08	-3.254411e+01	-1.125097e+03
4.400000e-07	-4.453890e-06	-1.701704e-08	-3.187911e+01	-1.114297e+03
4.500000e-07	-4.359472e-06	-1.685157e-08	-3.120330e+01	-1.103201e+03
4.600000e-07	-4.263455e-06	-1.665744e-08	-3.051605e+01	-1.091791e+03
4.700000e-07	-4.165887e-06	-1.646076e-08	-2.981769e+01	-1.080046e+03
4.800000e-07	-4.066818e-06	-1.627045e-08	-2.910860e+01	-1.067944e+03
4.900000e-07	-3.966262e-06	-1.609241e-08	-2.838886e+01	-1.055470e+03
5.000000e-07	-3.864330e-06	-1.590925e-08	-2.765928e+01	-1.042620e+03
5.100000e-07	-3.761018e-06	-1.570784e-08	-2.691981e+01	-1.029395e+03
5.200000e-07	-3.656313e-06	-1.548955e-08	-2.617038e+01	-1.015806e+03
5.300000e-07	-3.550240e-06	-1.526391e-08	-2.541115e+01	-1.001861e+03
5.400000e-07	-3.442849e-06	-1.504602e-08	-2.464249e+01	-9.875678e+02
5.500000e-07	-3.334198e-06	-1.482665e-08	-2.386481e+01	-9.729220e+02
5.600000e-07	-3.224347e-06	-1.460100e-08	-2.307854e+01	-9.579105e+02
5.700000e-07	-3.113287e-06	-1.436323e-08	-2.228362e+01	-9.425104e+02
5.800000e-07	-3.000953e-06	-1.411758e-08	-2.147958e+01	-9.266933e+02
5.900000e-07	-2.887424e-06	-1.386551e-08	-2.066698e+01	-9.104306e+02
6.000000e-07	-2.772717e-06	-1.361032e-08	-1.984596e+01	-8.936997e+02
6.100000e-07	-2.656812e-06	-1.334974e-08	-1.901636e+01	-8.764872e+02
6.200000e-07	-2.539833e-06	-1.307814e-08	-1.817908e+01	-8.587905e+02
6.300000e-07	-2.421876e-06	-1.280047e-08	-1.733479e+01	-8.406155e+02
6.400000e-07	-2.303051e-06	-1.251809e-08	-1.648429e+01	-8.219719e+02
6.500000e-07	-2.183431e-06	-1.223212e-08	-1.562809e+01	-8.028670e+02
6.600000e-07	-2.063069e-06	-1.193485e-08	-1.476660e+01	-7.833004e+02
6.700000e-07	-1.941999e-06	-1.162532e-08	-1.390003e+01	-7.632605e+02
6.800000e-07	-1.820188e-06	-1.130611e-08	-1.302816e+01	-7.427245e+02
6.900000e-07	-1.697595e-06	-1.098141e-08	-1.215068e+01	-7.216617e+02
7.000000e-07	-1.574320e-06	-1.065443e-08	-1.126833e+01	-7.000387e+02
7.100000e-07	-1.450493e-06	-1.032021e-08	-1.038203e+01	-6.778270e+02
7.200000e-07	-1.326205e-06	-9.973166e-09	-9.492426e+00	-6.550074e+02
7.300000e-07	-1.201580e-06	-9.612039e-09	-8.600414e+00	-6.315741e+02
7.400000e-07	-1.076607e-06	-9.244130e-09	-7.705908e+00	-6.075329e+02
7.500000e-07	-9.512951e-07	-8.869515e-09	-6.808977e+00	-5.828983e+02
7.600000e-07	-8.257296e-07	-8.484796e-09	-5.910231e+00	-5.576863e+02
7.700000e-07	-6.999244e-07	-8.088914e-09	-5.009770e+00	-5.319077e+02
7.800000e-07	-5.738652e-07	-7.685465e-09	-4.107490e+00	-5.055627e+02
7.900000e-07	-4.476075e-07	-7.275823e-09	-3.203790e+00	-4.786378e+02
8.000000e-07	-3.212764e-07	-6.855745e-09	-2.299564e+00	-4.511069e+02
8.100000e-07	-1.948300e-07	-6.426707e-09	-1.394512e+00	-4.229348e+02
8.200000e-07	-6.822632e-08	-5.988347e-09	-4.883358e-01	-3.940822e+02
8.300000e-07	5.845284e-08	-5.537987e-09	4.183813e-01	-3.645109e+02
8.400000e-07	1.851508e-07	-5.074143e-09	1.325233e+00	-3.341856e+02
8.500000e-07	3.118264e-07	-4.600904e-09	2.231925e+00	-3.030721e+02
8.600000e-07	4.383811e-07	-4.117544e-09	3.137750e+00	-2.711326e+02
8.700000e-07	5.647728e-07	-3.619725e-09	4.042410e+00	-2.383171e+02
8.800000e-07	6.910288e-07	-3.102805e-09	4.946099e+00	-2.045554e+02
8.900000e-07	8.170701e-07	-2.568994e-09	5.848250e+00	-1.697518e+02
9.000000e-07	9.428735e-07	-2.021936e-09	6.748699e+00	-1.337849e+02
9.100000e-07	1.068411e-06	-1.455847e-09	7.647245e+00	-9.651528e+01
9.200000e-07	1.193572e-06	-8.683025e-10	8.543097e+00	-5.780096e+01
9.300000e-07	1.318348e-06	-2.561401e-10	9.436192e+00	-1.751880e+01
9.400000e-07	1.442744e-06	3.815107e-10	1.032656e+01	2.441045e+01
9.500000e-07	1.566719e-06	1.047633e-09	1.121393e+01	6.799814e+01
9.600000e-07	1.690180e-06	1.739082e-09	1.209761e+01	1.131689e+02
9.700000e-07	1.812987e-06	2.449332e-09	1.297661e+01	1.597508e+02
9.800000e-07	1.935014e-06	3.176061e-09	1.385003e+01	2.074763e+02
9.900000e-07	2.056197e-06	3.915540e-09	1.471741e+01	2.559955e+02
1.000000e-06	2.176598e-06	4.661168e-09	1.557919e+01	3.048984e+02
1.010000e-06	2.296197e-06	5.403887e-09	1.643523e+01	3.537445e+02
1.020000e-06	2.414914e-06	6.140351e-09	1.728495e+01	4.020946e+02
1.030000e-06	2.532762e-06	6.863969e-09	1.812846e+01	4.495405e+02
1.040000e-06	2.649736e-06	7.567812e-09	1.896572e+01	4.957296e+02
1.050000e-06	2.765679e-06	8.245169e-09	1.979559e+01	5.403810e+02
1.060000e-06	2.880381e-06	8.896342e-09	2.061657e+01	5.832922e+02
1.070000e-06	2.993809e-06	9.521491e-09	2.142845e+01	6.243382e+02
1.080000e-06	3.106054e-06	1.011725e-08	2.223185e+01	6.634626e+02
1.090000e-06	3.217178e-06	1.068244e-08	2.302723e+01	7.006654e+02
1.100000e-06	3.327222e-06	1.121807e-08	2.381488e+01	7.359879e+02
1.110000e-06	3.436190e-06	1.172691e-08	2.459483e+01	7.694989e+02
1.120000e-06	3.544143e-06	1.221004e-08	2.536751e+01	8.012823e+02
1.130000e-06	3.650927e-06	1.266850e-08	2.613183e+01	8.314281e+02
1.140000e-06	3.756278e-06	1.310293e-08	2.688589e+01	8.600261e+02
1.150000e-06	3.860203e-06	1.351655e-08	2.762974e+01	8.871629e+02
1.160000e-06	3.962743e-06	1.391109e-08	2.836368e+01	9.129200e+02
1.170000e-06	4.063925e-06	1.428469e-08	2.908790e+01	9.373747e+02
1.180000e-06	4.163766e-06	1.463745e-08	2.980252e+01	9.606005e+02
1.190000e-06	4.262113e-06	1.497182e-08	3.050645e+01	9.826679e+02
1.200000e-06	4.358745e-06	1.529091e-08	3.119810e+01	1.003645e+03
1.210000e-06	4.453723e-06	1.559509e-08	3.187791e+01	1.023599e+03
1.220000e-06	4.547234e-06	1.588442e-08	3.254722e+01	1.042593e+03
1.230000e-06	4.639340e-06	1.616281e-08	3.320647e+01	1.060687e+03
1.240000e-06	4.729789e-06	1.642766e-08	3.385388e+01	1.077938e+03
1.250000e-06	4.818360e-06	1.667657e-08	3.448783e+01	1.094395e+03
1.260000e-06	4.905160e-06	1.691196e-08	3.510911e+01	1.110102e+03
1.270000e-06	4.990292e-06	1.713829e-08	3.571845e+01	1.125095e+03
1.280000e-06	5.073840e-06	1.735603e-08	3.631645e+01	1.139404e+03
1.290000e-06	5.155594e-06	1.756182e-08	3.690161e+01	1.153053e+03
1.300000e-06	5.235370e-06	1.775768e-08	3.747261e+01	1.166064e+03
1.310000e-06	5.313270e-06	1.794706e-08	3.803019e+01	1.178459e+03
1.320000e-06	5.389145e-06	1.812763e-08	3.857327e+01	1.190260e+03
1.330000e-06	5.462811e-06	1.829775e-08	3.910054e+01	1.201494e+03
1.340000e-06	5.534363e-06	1.846065e-08	3.961268e+01	1.212191e+03
1.350000e-06	5.603956e-06	1.861768e-08	4.011080e+01	1.222380e+03
1.360000e-06	5.671688e-06	1.876718e-08	4.059560e+01	1.232091e+03
1.370000e-06	5.737355e-06	1.890949e-08	4.106561e+01	1.241348e+03
1.380000e-06	5.800846e-06	1.904613e-08	4.152006e+01	1.250171e+03
1.390000e-06	5.862374e-06	1.917655e-08	4.196045e+01	1.258567e+03
1.400000e-06	5.921991e-06	1.929908e-08	4.238716e+01	1.266537e+03
1.410000e-06	5.979482e-06	1.941344e-08	4.279866e+01	1.274077e+03
1.420000e-06	6.034794e-06	1.952120e-08	4.319456e+01	1.281181e+03
1.430000e-06	6.087901e-06	1.962363e-08	4.357468e+01	1.287845e+03
1.440000e-06	6.138495e-06	1.972126e-08	4.393681e+01	1.294075e+03
1.450000e-06	6.186564e-06	1.981387e-08	4.428087e+01	1.299887e+03
1.460000e-06	6.232435e-06	1.990067e-08	4.460919e+01	1.305306e+03
1.470000e-06	6.276297e-06	1.997974e-08	4.492314e+01	1.310367e+03
1.480000e-06	6.317867e-06	2.005069e-08	4.522068e+01	1.315107e+03
1.490000e-06	6.357066e-06	2.011705e-08	4.550125e+01	1.319559e+03
1.500000e-06	6.394151e-06	2.018081e-08	4.576669e+01	1.323746e+03
1.510000e-06	6.429095e-06	2.024267e-08	4.601680e+01	1.327677e+03
1.520000e-06	6.461724e-06	2.030211e-08	4.625035e+01	1.331346e+03
1.530000e-06	6.492065e-06	2.035593e-08	4.646752e+01	1.334737e+03
1.540000e-06	6.520254e-06	2.040357e-08	4.666928e+01	1.337825e+03
1.550000e-06	6.546051e-06	2.044607e-08	4.685392e+01	1.340587e+03
1.560000e-06	6.569288e-06	2.048227e-08	4.702025e+01	1.343005e+03
1.570000e-06	6.590273e-06	2.051246e-08	4.717045e+01	1.345076e+03
1.580000e-06	6.609083e-06	2.053792e-08	4.730508e+01	1.346809e+03
1.590000e-06	6.625448e-06	2.056115e-08	4.742222e+01	1.348227e+03
1.600000e-06	6.639346e-06	2.058116e-08	4.752169e+01	1.349359e+03
1.610000e-06	6.650763e-06	2.059536e-08	4.760342e+01	1.350234e+03
1.620000e-06	6.659500e-06	2.060605e-08	4.766595e+01	1.350877e+03
1.630000e-06	6.665721e-06	2.061458e-08	4.771047e+01	1.351300e+03
1.640000e-06	6.669720e-06	2.061962e-08	4.773910e+01	1.351505e+03
1.650000e-06	6.671348e-06	2.062095e-08	4.775075e+01	1.351483e+03
1.660000e-06	6.670578e-06	2.061792e-08	4.774524e+01	1.351223e+03
1.670000e-06	6.667665e-06	2.060808e-08	4.772439e+01	1.350714e+03
1.680000e-06	6.662640e-06	2.059794e-08	4.768842e+01	1.349954e+03
1.690000e-06	6.655270e-06	2.058509e-08	4.763567e+01	1.348953e+03
1.700000e-06	6.645664e-06	2.056793e-08	4.756691e+01	1.347733e+03
1.710000e-06	6.633993e-06	2.054944e-08	4.748338e+01	1.346324e+03
1.720000e-06	6.619982e-06	2.053461e-08	4.738309e+01	1.344757e+03
1.730000e-06	6.603763e-06	2.051602e-08	4.726701e+01	1.343055e+03
1.740000e-06	6.585502e-06	2.042585e-08	4.713630e+01	1.341228e+03
1.750000e-06	6.564534e-06	2.038572e-08	4.698622e+01	1.339268e+03
1.760000e-06	6.540317e-06	2.039807e-08	4.681289e+01	1.337150e+03
1.770000e-06	6.513363e-06	2.035600e-08	4.661996e+01	1.334835e+03
1.780000e-06	6.484362e-06	2.035351e-08	4.641239e+01	1.332281e+03
1.790000e-06	6.453572e-06	2.035555e-08	4.619200e+01	1.329449e+03
1.800000e-06	6.421313e-06	2.020060e-08	4.596110e+01	1.326312e+03
1.810000e-06	6.387161e-06	2.021081e-08	4.571666e+01	1.322861e+03
1.820000e-06	6.350725e-06	2.016310e-08	4.545587e+01	1.319108e+03
1.830000e-06	6.312171e-06	1.997873e-08	4.517991e+01	1.315078e+03
1.840000e-06	6.271246e-06	2.004327e-08	4.488698e+01	1.310805e+03
1.850000e-06	6.228113e-06	1.992946e-08	4.457826e+01	1.306324e+03
1.860000e-06	6.182914e-06	1.983185e-08	4.425474e+01	1.301658e+03
1.870000e-06	6.135386e-06	1.979494e-08	4.391456e+01	1.296819e+03
1.880000e-06	6.085640e-06	1.960287e-08	4.355849e+01	1.291803e+03
1.890000e-06	6.033385e-06	1.960677e-08	4.318448e+01	1.286592e+03
1.900000e-06	5.978444e-06	1.954348e-08	4.279123e+01	1.281161e+03
1.910000e-06	5.921237e-06	1.946510e-08	4.238176e+01	1.275485e+03
1.920000e-06	5.861969e-06	1.941902e-08	4.195755e+01	1.269545e+03
1.930000e-06	5.800691e-06	1.923326e-08	4.151895e+01	1.263333e+03
1.940000e-06	5.737198e-06	1.916989e-08	4.106449e+01	1.256851e+03
1.950000e-06	5.671536e-06	1.903878e-08	4.059451e+01	1.250108e+03
1.960000e-06	5.603780e-06	1.896525e-08	4.010954e+01	1.243119e+03
1.970000e-06	5.533700e-06	1.888175e-08	3.960794e+01	1.235894e+03
1.980000e-06	5.461451e-06	1.873383e-08	3.909081e+01	1.228437e+03
1.990000e-06	5.387266e-06	1.865596e-08	3.855982e+01	1.220740e+03
2.000000e-06	5.311117e-06	1.847234e-08	3.801478e+01	1.212790e+03
2.010000e-06	5.232786e-06	1.836039e-08	3.745412e+01	1.204566e+03
2.020000e-06	5.152405e-06	1.823526e-08	3.687878e+01	1.196045e+03
2.030000e-06	5.070343e-06	1.810229e-08	3.629142e+01	1.187212e+03
2.040000e-06	4.986589e-06	1.798364e-08	3.569194e+01	1.178059e+03
2.050000e-06	4.901067e-06	1.782272e-08	3.507981e+01	1.168587e+03
2.060000e-06	4.813697e-06	1.769704e-08	3.445445e+01	1.158806e+03
2.070000e-06	4.724643e-06	1.751661e-08	3.381704e+01	1.148727e+03
2.080000e-06	4.634068e-06	1.735054e-08	3.316875e+01	1.138362e+03
2.090000e-06	4.541912e-06	1.717778e-08	3.250913e+01	1.127714e+03
2.100000e-06	4.448133e-06	1.702290e-08	3.183790e+01	1.116777e+03
2.110000e-06	4.352699e-06	1.687235e-08	3.115482e+01	1.105536e+03
2.120000e-06	4.255765e-06	1.670045e-08	3.046100e+01	1.093972e+03
2.130000e-06	4.157489e-06	1.652282e-08	2.975759e+01	1.082062e+03
2.140000e-06	4.057830e-06	1.631365e-08	2.904427e+01	1.069787e+03
2.150000e-06	3.956623e-06	1.610970e-08	2.831987e+01	1.057137e+03
2.160000e-06	3.853799e-06	1.590596e-08	2.758390e+01	1.044111e+03
2.170000e-06	3.749473e-06	1.572369e-08	2.683718e+01	1.030714e+03
2.180000e-06	3.643849e-06	1.553290e-08	2.608116e+01	1.016957e+03
2.190000e-06	3.537018e-06	1.532284e-08	2.531651e+01	1.002849e+03
2.200000e-06	3.428949e-06	1.509090e-08	2.454300e+01	9.883915e+02
2.210000e-06	3.319707e-06	1.485283e-08	2.376109e+01	9.735768e+02
2.220000e-06	3.209203e-06	1.461984e-08	2.297015e+01	9.583867e+02
2.230000e-06	3.097374e-06	1.438931e-08	2.216972e+01	9.427952e+02
2.240000e-06	2.984390e-06	1.415530e-08	2.136103e+01	9.267730e+02
2.250000e-06	2.870336e-06	1.390640e-08	2.054468e+01	9.102938e+02
2.260000e-06	2.755129e-06	1.364939e-08	1.972007e+01	8.933389e+02
2.270000e-06	2.638733e-06	1.337839e-08	1.888696e+01	8.758999e+02
2.280000e-06	2.521229e-06	1.310285e-08	1.804591e+01	8.579786e+02
2.290000e-06	2.402687e-06	1.281944e-08	1.719744e+01	8.395834e+02
2.300000e-06	2.283193e-06	1.253058e-08	1.634215e+01	8.207236e+02
2.310000e-06	2.162860e-06	1.223713e-08	1.548086e+01	8.014036e+02
2.320000e-06	2.041827e-06	1.194165e-08	1.461455e+01	7.816180e+02
2.330000e-06	1.920205e-06	1.163929e-08	1.374404e+01	7.613497e+02
2.340000e-06	1.797975e-06	1.132302e-08	1.286916e+01	7.405718e+02
2.350000e-06	1.675131e-06	1.099072e-08	1.198990e+01	7.192515e+02
2.360000e-06	1.551762e-06	1.064910e-08	1.110687e+01	6.973568e+02
2.370000e-06	1.427899e-06	1.030581e-08	1.022031e+01	6.748630e+02
2.380000e-06	1.303539e-06	9.958432e-09	9.330192e+00	6.517570e+02
2.390000e-06	1.178737e-06	9.603834e-09	8.436911e+00	6.280386e+02
2.400000e-06	1.053585e-06	9.235048e-09	7.541125e+00	6.037185e+02
2.410000e-06	9.281151e-07	8.853449e-09	6.643065e+00	5.788125e+02
2.420000e-06	8.022973e-07	8.460329e-09	5.742513e+00	5.533352e+02
2.430000e-06	6.761990e-07	8.063614e-09	4.839953e+00	5.272930e+02
2.440000e-06	5.499365e-07	7.664730e-09	3.936218e+00	5.006798e+02
2.450000e-06	4.235206e-07	7.254062e-09	3.031385e+00	4.734760e+02
2.460000e-06	2.968678e-07	6.826639e-09	2.124857e+00	4.456507e+02
2.470000e-06	1.699854e-07	6.385320e-09	1.216685e+00	4.171661e+02
2.480000e-06	4.296839e-08	5.936785e-09	3.075499e-01	3.879830e+02
2.490000e-06	-8.411506e-08	5.480006e-09	-6.020608e-01	3.580644e+02
2.500000e-06	-2.111955e-07	5.012503e-09	-1.511650e+00	3.273759e+02
2.510000e-06	-3.382240e-07	4.533549e-09	-2.420868e+00	2.958828e+02
2.520000e-06	-4.650977e-07	4.041068e-09	-3.328977e+00	2.635424e+02
2.530000e-06	-5.917311e-07	3.535498e-09	-4.235366e+00	2.302963e+02
2.540000e-06	-7.181218e-07	3.014437e-09	-5.140019e+00	1.960630e+02
2.550000e-06	-8.442476e-07	2.474160e-09	-6.042775e+00	1.607343e+02
2.560000e-06	-9.700218e-07	1.911860e-09	-6.943015e+00	1.241791e+02
2.570000e-06	-1.095424e-06	1.326283e-09	-7.840590e+00	8.625433e+01
2.580000e-06	-1.220449e-06	7.216578e-10	-8.735468e+00	4.682388e+01
2.590000e-06	-1.345074e-06	9.818744e-11	-9.627485e+00	5.781812e+00
2.600000e-06	-1.469232e-06	-5.496745e-10	-1.051615e+01	-3.692237e+01
2.610000e-06	-1.592817e-06	-1.224799e-09	-1.140073e+01	-8.126164e+01
2.620000e-06	-1.715764e-06	-1.923047e-09	-1.228073e+01	-1.271164e+02
2.630000e-06	-1.838021e-06	-2.641294e-09	-1.315580e+01	-1.742693e+02
2.640000e-06	-1.959597e-06	-3.377715e-09	-1.402599e+01	-2.224126e+02
2.650000e-06	-2.080510e-06	-4.125262e-09	-1.489143e+01	-2.711649e+02
2.660000e-06	-2.200711e-06	-4.875697e-09	-1.575178e+01	-3.200984e+02
2.670000e-06	-2.320047e-06	-5.621803e-09	-1.660594e+01	-3.687690e+02
2.680000e-06	-2.438359e-06	-6.355695e-09	-1.745276e+01	-4.167486e+02
2.690000e-06	-2.555607e-06	-7.071338e-09	-1.829198e+01	-4.636522e+02
2.700000e-06	-2.671810e-06	-7.764841e-09	-1.912371e+01	-5.091591e+02
2.710000e-06	-2.786923e-06	-8.433156e-09	-1.994764e+01	-5.530243e+02
2.720000e-06	-2.900814e-06	-9.075443e-09	-2.076283e+01	-5.950821e+02
2.730000e-06	-3.013452e-06	-9.691355e-09	-2.156904e+01	-6.352406e+02
2.740000e-06	-3.124917e-06	-1.028006e-08	-2.236687e+01	-6.734714e+02
2.750000e-06	-3.235172e-06	-1.084016e-08	-2.315602e+01	-7.097955e+02
2.760000e-06	-3.344285e-06	-1.136913e-08	-2.393701e+01	-7.442687e+02
2.770000e-06	-3.452384e-06	-1.186840e-08	-2.471074e+01	-7.769681e+02
2.780000e-06	-3.559418e-06	-1.234191e-08	-2.547684e+01	-8.079813e+02
2.790000e-06	-3.665293e-06	-1.279237e-08	-2.623465e+01	-8.373990e+02
2.800000e-06	-3.769909e-06	-1.321911e-08	-2.698345e+01	-8.653095e+02
2.810000e-06	-3.873055e-06	-1.362228e-08	-2.772173e+01	-8.917973e+02
2.820000e-06	-3.974651e-06	-1.400650e-08	-2.844891e+01	-9.169418e+02
2.830000e-06	-4.074850e-06	-1.437256e-08	-2.916609e+01	-9.408185e+02
2.840000e-06	-4.173703e-06	-1.471918e-08	-2.987364e+01	-9.634993e+02
2.850000e-06	-4.271147e-06	-1.504783e-08	-3.057111e+01	-9.850537e+02
2.860000e-06	-4.367160e-06	-1.536151e-08	-3.125832e+01	-1.005549e+03
2.870000e-06	-4.461574e-06	-1.566086e-08	-3.193410e+01	-1.025051e+03
2.880000e-06	-4.554335e-06	-1.594435e-08	-3.259805e+01	-1.043621e+03
2.890000e-06	-4.645509e-06	-1.621357e-08	-3.325063e+01	-1.061319e+03
2.900000e-06	-4.735013e-06	-1.647016e-08	-3.389127e+01	-1.078197e+03
2.910000e-06	-4.822783e-06	-1.671602e-08	-3.451948e+01	-1.094302e+03
2.920000e-06	-4.908721e-06	-1.695208e-08	-3.513460e+01	-1.109675e+03
2.930000e-06	-4.992846e-06	-1.717821e-08	-3.573673e+01	-1.124349e+03
2.940000e-06	-5.075244e-06	-1.739442e-08	-3.632650e+01	-1.138349e+03
2.950000e-06	-5.155901e-06	-1.759963e-08	-3.690381e+01	-1.151701e+03
2.960000e-06	-5.234572e-06	-1.779443e-08	-3.746690e+01	-1.164425e+03
2.970000e-06	-5.311060e-06	-1.798158e-08	-3.801437e+01	-1.176542e+03
2.980000e-06	-5.385506e-06	-1.815921e-08	-3.854723e+01	-1.188078e+03
2.990000e-06	-5.458001e-06	-1.832541e-08	-3.906612e+01	-1.199061e+03
3.000000e-06	-5.528445e-06	-1.848330e-08	-3.957032e+01	-1.209519e+03
3.010000e-06	-5.596860e-06	-1.863381e-08	-4.006001e+01	-1.219484e+03
3.020000e-06	-5.663339e-06	-1.877677e-08	-4.053584e+01	-1.228983e+03
3.030000e-06	-5.727930e-06	-1.891168e-08	-4.099815e+01	-1.238039e+03
3.040000e-06	-5.790477e-06	-1.904074e-08	-4.144584e+01	-1.246664e+03
3.050000e-06	-5.850824e-06	-1.916671e-08	-4.187778e+01	-1.254864e+03
3.060000e-06	-5.909075e-06	-1.928714e-08	-4.229472e+01	-1.262637e+03
3.070000e-06	-5.965395e-06	-1.939873e-08	-4.269783e+01	-1.269977e+03
3.080000e-06	-6.019546e-06	-1.950134e-08	-4.308543e+01	-1.276878e+03
3.090000e-06	-6.071153e-06	-1.959581e-08	-4.345480e+01	-1.283340e+03
3.100000e-06	-6.120192e-06	-1.968383e-08	-4.380580e+01	-1.289375e+03
3.110000e-06	-6.166903e-06	-1.976810e-08	-4.414014e+01	-1.295002e+03
3.120000e-06	-6.211609e-06	-1.984800e-08	-4.446013e+01	-1.300252e+03
3.130000e-06	-6.254285e-06	-1.992380e-08	-4.476558e+01	-1.305161e+03
3.140000e-06	-6.294905e-06	-1.999398e-08	-4.505633e+01	-1.309765e+03
3.150000e-06	-6.333298e-06	-2.005690e-08	-4.533113e+01	-1.314093e+03
3.160000e-06	-6.369377e-06	-2.011625e-08	-4.558937e+01	-1.318162e+03
3.170000e-06	-6.403278e-06	-2.017290e-08	-4.583202e+01	-1.321975e+03
3.180000e-06	-6.434899e-06	-2.022818e-08	-4.605835e+01	-1.325519e+03
3.190000e-06	-6.464122e-06	-2.027769e-08	-4.626752e+01	-1.328774e+03
3.200000e-06	-6.491016e-06	-2.032149e-08	-4.646001e+01	-1.331715e+03
3.210000e-06	-6.515648e-06	-2.035873e-08	-4.663631e+01	-1.334319e+03
3.220000e-06	-6.537905e-06	-2.039094e-08	-4.679562e+01	-1.336577e+03
3.230000e-06	-6.557810e-06	-2.042020e-08	-4.693810e+01	-1.338491e+03
3.240000e-06	-6.575467e-06	-2.044460e-08	-4.706448e+01	-1.340076e+03
3.250000e-06	-6.590653e-06	-2.046523e-08	-4.717317e+01	-1.341359e+03
3.260000e-06	-6.603164e-06	-2.048088e-08	-4.726272e+01	-1.342370e+03
3.270000e-06	-6.613190e-06	-2.049172e-08	-4.733448e+01	-1.343136e+03
3.280000e-06	-6.620862e-06	-2.049816e-08	-4.738939e+01	-1.343677e+03
3.290000e-06	-6.626079e-06	-2.049968e-08	-4.742673e+01	-1.344001e+03
3.300000e-06	-6.628968e-06	-2.049728e-08	-4.744741e+01	-1.344103e+03
3.310000e-06	-6.629662e-06	-2.049115e-08	-4.745238e+01	-1.343974e+03
