4.499156e+02
4.458916e+02
4.411319e+02
4.416438e+02
4.387310e+02
4.407904e+02
4.431983e+02
4.413775e+02
4.410520e+02
4.394348e+02
4.360575e+02
4.400420e+02
4.406024e+02
4.374729e+02
4.380242e+02
4.377559e+02
4.383505e+02
4.374081e+02
4.357921e+02
4.367913e+02
4.345360e+02
4.359621e+02
4.366940e+02
4.306461e+02
4.305485e+02
4.343614e+02
4.326243e+02
4.327711e+02
4.313236e+02
4.339696e+02
4.263962e+02
4.308780e+02
4.317232e+02
4.326907e+02
4.285708e+02
4.310193e+02
4.296888e+02
4.290885e+02
4.270447e+02
4.308597e+02
4.258867e+02
4.281695e+02
4.292036e+02
4.271865e+02
4.265469e+02
4.262967e+02
4.269622e+02
4.270827e+02
4.262794e+02
4.244504e+02
4.230078e+02
4.266152e+02
4.233927e+02
4.243146e+02
4.253726e+02
4.322062e+02
4.338765e+02
4.362495e+02
4.345705e+02
4.336674e+02
4.360468e+02
4.410759e+02
4.437484e+02
4.416250e+02
4.420821e+02
4.423262e+02
4.444378e+02
4.398069e+02
4.469598e+02
4.450339e+02
4.501590e+02
4.392027e+02
4.443264e+02
4.460453e+02
4.430714e+02
4.455121e+02
4.445060e+02
4.426241e+02
4.415319e+02
4.409950e+02
4.439384e+02
4.390273e+02
4.352101e+02
4.386882e+02
4.412083e+02
4.430358e+02
4.382110e+02
4.428624e+02
4.427786e+02
4.444850e+02
