# Temperatura_=_72.25
# Concentracion g/m^3_=_24000.0
# C_Vs_to_Am_M_A/Vsm_=_65563218390.804596
# pendiente_HvsI_1/m_=_3716.3
# ordenada_HvsI_A/m_=_1297.0
# frecuencia_Hz_=_302454.4084197717

Tiempo_(s)	Campo_(V.s)	Magnetizacion_(V.s)	Campo_(kA/m)	Magnetizacion_(A/m)
0.000000e+00	-7.950479e-06	-3.792878e-08	-5.688082e+01	-2.483458e+03
1.000000e-08	-7.947759e-06	-3.792421e-08	-5.686136e+01	-2.482863e+03
2.000000e-08	-7.942451e-06	-3.790601e-08	-5.682338e+01	-2.481946e+03
3.000000e-08	-7.934629e-06	-3.788192e-08	-5.676742e+01	-2.480677e+03
4.000000e-08	-7.924012e-06	-3.785594e-08	-5.669146e+01	-2.479042e+03
5.000000e-08	-7.910537e-06	-3.782621e-08	-5.659506e+01	-2.477042e+03
6.000000e-08	-7.894202e-06	-3.778788e-08	-5.647819e+01	-2.474699e+03
7.000000e-08	-7.875365e-06	-3.773706e-08	-5.634342e+01	-2.472042e+03
8.000000e-08	-7.854258e-06	-3.769834e-08	-5.619241e+01	-2.469110e+03
9.000000e-08	-7.830328e-06	-3.773939e-08	-5.602121e+01	-2.465939e+03
1.000000e-07	-7.803148e-06	-3.768643e-08	-5.582676e+01	-2.462566e+03
1.100000e-07	-7.772934e-06	-3.755912e-08	-5.561059e+01	-2.459022e+03
1.200000e-07	-7.739922e-06	-3.748043e-08	-5.537442e+01	-2.455332e+03
1.300000e-07	-7.704228e-06	-3.741170e-08	-5.511905e+01	-2.451515e+03
1.400000e-07	-7.666260e-06	-3.730370e-08	-5.484741e+01	-2.447579e+03
1.500000e-07	-7.626169e-06	-3.721945e-08	-5.456058e+01	-2.443517e+03
1.600000e-07	-7.583546e-06	-3.729910e-08	-5.425564e+01	-2.439297e+03
1.700000e-07	-7.538229e-06	-3.712661e-08	-5.393142e+01	-2.434867e+03
1.800000e-07	-7.490289e-06	-3.703433e-08	-5.358844e+01	-2.430145e+03
1.900000e-07	-7.439316e-06	-3.702883e-08	-5.322376e+01	-2.425038e+03
2.000000e-07	-7.385323e-06	-3.679626e-08	-5.283747e+01	-2.419446e+03
2.100000e-07	-7.328662e-06	-3.672181e-08	-5.243210e+01	-2.413283e+03
2.200000e-07	-7.269395e-06	-3.660619e-08	-5.200808e+01	-2.406495e+03
2.300000e-07	-7.207542e-06	-3.649396e-08	-5.156556e+01	-2.399068e+03
2.400000e-07	-7.142927e-06	-3.641234e-08	-5.110328e+01	-2.391037e+03
2.500000e-07	-7.075581e-06	-3.627448e-08	-5.062146e+01	-2.382473e+03
2.600000e-07	-7.005590e-06	-3.615917e-08	-5.012072e+01	-2.373471e+03
2.700000e-07	-6.932783e-06	-3.599044e-08	-4.959983e+01	-2.364123e+03
2.800000e-07	-6.857191e-06	-3.584618e-08	-4.905901e+01	-2.354500e+03
2.900000e-07	-6.778872e-06	-3.568220e-08	-4.849869e+01	-2.344628e+03
3.000000e-07	-6.697847e-06	-3.555711e-08	-4.791900e+01	-2.334485e+03
3.100000e-07	-6.614458e-06	-3.541889e-08	-4.732241e+01	-2.324005e+03
3.200000e-07	-6.528888e-06	-3.519156e-08	-4.671020e+01	-2.313097e+03
3.300000e-07	-6.441004e-06	-3.502908e-08	-4.608145e+01	-2.301670e+03
3.400000e-07	-6.350780e-06	-3.483794e-08	-4.543595e+01	-2.289653e+03
3.500000e-07	-6.258277e-06	-3.464276e-08	-4.477415e+01	-2.277019e+03
3.600000e-07	-6.163509e-06	-3.444435e-08	-4.409614e+01	-2.263785e+03
3.700000e-07	-6.066436e-06	-3.425790e-08	-4.340164e+01	-2.250006e+03
3.800000e-07	-5.967183e-06	-3.405897e-08	-4.269155e+01	-2.235754e+03
3.900000e-07	-5.865864e-06	-3.380998e-08	-4.196668e+01	-2.221097e+03
4.000000e-07	-5.762459e-06	-3.357569e-08	-4.122687e+01	-2.206067e+03
4.100000e-07	-5.656946e-06	-3.333766e-08	-4.047199e+01	-2.190652e+03
4.200000e-07	-5.549430e-06	-3.310375e-08	-3.970278e+01	-2.174794e+03
4.300000e-07	-5.440010e-06	-3.283303e-08	-3.891995e+01	-2.158401e+03
4.400000e-07	-5.328653e-06	-3.257869e-08	-3.812326e+01	-2.141369e+03
4.500000e-07	-5.215289e-06	-3.232310e-08	-3.731220e+01	-2.123612e+03
4.600000e-07	-5.099846e-06	-3.203344e-08	-3.648628e+01	-2.105083e+03
4.700000e-07	-4.982455e-06	-3.172723e-08	-3.564642e+01	-2.085783e+03
4.800000e-07	-4.863274e-06	-3.142812e-08	-3.479376e+01	-2.065759e+03
4.900000e-07	-4.742340e-06	-3.112958e-08	-3.392855e+01	-2.045083e+03
5.000000e-07	-4.619683e-06	-3.080074e-08	-3.305101e+01	-2.023822e+03
5.100000e-07	-4.495289e-06	-3.047249e-08	-3.216104e+01	-2.002016e+03
5.200000e-07	-4.369241e-06	-3.013456e-08	-3.125925e+01	-1.979651e+03
5.300000e-07	-4.241639e-06	-2.977708e-08	-3.034633e+01	-1.956660e+03
5.400000e-07	-4.112470e-06	-2.939800e-08	-2.942221e+01	-1.932931e+03
5.500000e-07	-3.981778e-06	-2.902379e-08	-2.848719e+01	-1.908335e+03
5.600000e-07	-3.849589e-06	-2.864333e-08	-2.754146e+01	-1.882756e+03
5.700000e-07	-3.715896e-06	-2.823733e-08	-2.658497e+01	-1.856121e+03
5.800000e-07	-3.580795e-06	-2.781378e-08	-2.561840e+01	-1.828413e+03
5.900000e-07	-3.444346e-06	-2.737676e-08	-2.464219e+01	-1.799671e+03
6.000000e-07	-3.306511e-06	-2.692791e-08	-2.365607e+01	-1.769967e+03
6.100000e-07	-3.167306e-06	-2.645794e-08	-2.266014e+01	-1.739376e+03
6.200000e-07	-3.026796e-06	-2.598251e-08	-2.165488e+01	-1.707937e+03
6.300000e-07	-2.885060e-06	-2.549385e-08	-2.064084e+01	-1.675629e+03
6.400000e-07	-2.742116e-06	-2.498460e-08	-1.961816e+01	-1.642360e+03
6.500000e-07	-2.598176e-06	-2.445727e-08	-1.858836e+01	-1.607978e+03
6.600000e-07	-2.453382e-06	-2.391229e-08	-1.755245e+01	-1.572304e+03
6.700000e-07	-2.307745e-06	-2.334232e-08	-1.651050e+01	-1.535166e+03
6.800000e-07	-2.161317e-06	-2.274529e-08	-1.546290e+01	-1.496441e+03
6.900000e-07	-2.014173e-06	-2.213367e-08	-1.441017e+01	-1.456078e+03
7.000000e-07	-1.866421e-06	-2.149995e-08	-1.335310e+01	-1.414094e+03
7.100000e-07	-1.718074e-06	-2.084232e-08	-1.229177e+01	-1.370554e+03
7.200000e-07	-1.569211e-06	-2.015993e-08	-1.122675e+01	-1.325524e+03
7.300000e-07	-1.419872e-06	-1.945612e-08	-1.015832e+01	-1.279027e+03
7.400000e-07	-1.269987e-06	-1.872496e-08	-9.085983e+00	-1.231003e+03
7.500000e-07	-1.119584e-06	-1.796037e-08	-8.009937e+00	-1.181296e+03
7.600000e-07	-9.687568e-07	-1.716536e-08	-6.930863e+00	-1.129674e+03
7.700000e-07	-8.176443e-07	-1.633608e-08	-5.849745e+00	-1.075874e+03
7.800000e-07	-6.663475e-07	-1.547261e-08	-4.767309e+00	-1.019665e+03
7.900000e-07	-5.148095e-07	-1.457764e-08	-3.683148e+00	-9.609110e+02
8.000000e-07	-3.630090e-07	-1.365442e-08	-2.597107e+00	-8.996097e+02
8.100000e-07	-2.110686e-07	-1.269688e-08	-1.510067e+00	-8.358880e+02
8.200000e-07	-5.901531e-08	-1.170355e-08	-4.222185e-01	-7.699510e+02
8.300000e-07	9.312387e-08	-1.067345e-08	6.662444e-01	-7.019887e+02
8.400000e-07	2.452455e-07	-9.607504e-09	1.754582e+00	-6.320596e+02
8.500000e-07	3.973162e-07	-8.499480e-09	2.842555e+00	-5.599812e+02
8.600000e-07	5.492288e-07	-7.344634e-09	3.929396e+00	-4.852606e+02
8.700000e-07	7.009354e-07	-6.140985e-09	5.014765e+00	-4.070922e+02
8.800000e-07	8.524481e-07	-4.871768e-09	6.098746e+00	-3.244371e+02
8.900000e-07	1.003693e-06	-3.526028e-09	7.180809e+00	-2.361800e+02
9.000000e-07	1.154636e-06	-2.089908e-09	8.260717e+00	-1.413423e+02
9.100000e-07	1.305215e-06	-5.530203e-10	9.338015e+00	-3.931061e+01
9.200000e-07	1.455253e-06	1.095222e-09	1.041145e+01	6.996301e+01
9.300000e-07	1.604676e-06	2.855019e-09	1.148048e+01	1.858347e+02
9.400000e-07	1.753501e-06	4.707413e-09	1.254523e+01	3.069467e+02
9.500000e-07	1.901757e-06	6.622746e-09	1.360591e+01	4.313213e+02
9.600000e-07	2.049376e-06	8.552321e-09	1.466204e+01	5.565584e+02
9.700000e-07	2.196262e-06	1.044434e-08	1.571291e+01	6.801050e+02
9.800000e-07	2.342363e-06	1.225614e-08	1.675818e+01	7.995471e+02
9.900000e-07	2.487520e-06	1.396262e-08	1.779669e+01	9.128736e+02
1.000000e-06	2.631758e-06	1.554854e-08	1.882862e+01	1.018667e+03
1.010000e-06	2.775046e-06	1.701112e-08	1.985376e+01	1.116193e+03
1.020000e-06	2.917189e-06	1.835547e-08	2.087070e+01	1.205374e+03
1.030000e-06	3.058134e-06	1.959170e-08	2.187908e+01	1.286677e+03
1.040000e-06	3.197815e-06	2.072694e-08	2.287841e+01	1.360926e+03
1.050000e-06	3.336269e-06	2.177249e-08	2.386897e+01	1.429103e+03
1.060000e-06	3.473492e-06	2.274229e-08	2.485072e+01	1.492163e+03
1.070000e-06	3.609393e-06	2.364132e-08	2.582300e+01	1.550898e+03
1.080000e-06	3.743913e-06	2.447519e-08	2.678541e+01	1.605878e+03
1.090000e-06	3.877035e-06	2.525005e-08	2.773782e+01	1.657451e+03
1.100000e-06	4.008777e-06	2.597430e-08	2.868035e+01	1.705802e+03
1.110000e-06	4.139092e-06	2.665178e-08	2.961267e+01	1.751031e+03
1.120000e-06	4.267967e-06	2.728369e-08	3.053470e+01	1.793243e+03
1.130000e-06	4.395345e-06	2.787594e-08	3.144601e+01	1.832600e+03
1.140000e-06	4.521192e-06	2.843732e-08	3.234637e+01	1.869343e+03
1.150000e-06	4.645510e-06	2.896860e-08	3.323579e+01	1.903785e+03
1.160000e-06	4.768220e-06	2.946731e-08	3.411370e+01	1.936261e+03
1.170000e-06	4.889319e-06	2.994047e-08	3.498009e+01	1.967081e+03
1.180000e-06	5.008666e-06	3.038900e-08	3.583394e+01	1.996483e+03
1.190000e-06	5.126078e-06	3.081274e-08	3.667396e+01	2.024611e+03
1.200000e-06	5.241562e-06	3.121643e-08	3.750017e+01	2.051513e+03
1.210000e-06	5.355021e-06	3.160187e-08	3.831191e+01	2.077173e+03
1.220000e-06	5.466395e-06	3.196723e-08	3.910871e+01	2.101548e+03
1.230000e-06	5.575799e-06	3.231302e-08	3.989143e+01	2.124612e+03
1.240000e-06	5.683281e-06	3.264332e-08	4.066040e+01	2.146387e+03
1.250000e-06	5.788752e-06	3.295862e-08	4.141498e+01	2.166955e+03
1.260000e-06	5.892064e-06	3.326191e-08	4.215412e+01	2.186450e+03
1.270000e-06	5.993176e-06	3.355233e-08	4.287751e+01	2.205029e+03
1.280000e-06	6.092113e-06	3.382656e-08	4.358535e+01	2.222837e+03
1.290000e-06	6.188741e-06	3.408627e-08	4.427666e+01	2.239981e+03
1.300000e-06	6.283076e-06	3.433639e-08	4.495157e+01	2.256510e+03
1.310000e-06	6.375231e-06	3.457603e-08	4.561088e+01	2.272412e+03
1.320000e-06	6.465175e-06	3.480139e-08	4.625438e+01	2.287637e+03
1.330000e-06	6.552815e-06	3.501559e-08	4.688139e+01	2.302120e+03
1.340000e-06	6.638103e-06	3.522237e-08	4.749157e+01	2.315814e+03
1.350000e-06	6.721021e-06	3.541980e-08	4.808480e+01	2.328709e+03
1.360000e-06	6.801443e-06	3.560642e-08	4.866017e+01	2.340846e+03
1.370000e-06	6.879380e-06	3.578331e-08	4.921776e+01	2.352309e+03
1.380000e-06	6.954794e-06	3.595494e-08	4.975730e+01	2.363199e+03
1.390000e-06	7.027604e-06	3.611929e-08	5.027821e+01	2.373617e+03
1.400000e-06	7.097903e-06	3.627387e-08	5.078116e+01	2.383630e+03
1.410000e-06	7.165704e-06	3.642154e-08	5.126624e+01	2.393263e+03
1.420000e-06	7.230939e-06	3.656187e-08	5.173295e+01	2.402491e+03
1.430000e-06	7.293554e-06	3.669415e-08	5.218092e+01	2.411256e+03
1.440000e-06	7.353688e-06	3.681812e-08	5.261114e+01	2.419485e+03
1.450000e-06	7.411324e-06	3.693565e-08	5.302349e+01	2.427119e+03
1.460000e-06	7.466276e-06	3.704601e-08	5.341665e+01	2.434129e+03
1.470000e-06	7.518376e-06	3.714765e-08	5.378939e+01	2.440532e+03
1.480000e-06	7.567374e-06	3.724160e-08	5.413994e+01	2.446386e+03
1.490000e-06	7.613450e-06	3.732718e-08	5.446959e+01	2.451772e+03
1.500000e-06	7.656915e-06	3.740535e-08	5.478055e+01	2.456779e+03
1.510000e-06	7.697593e-06	3.747834e-08	5.507158e+01	2.461476e+03
1.520000e-06	7.735501e-06	3.754686e-08	5.534279e+01	2.465899e+03
1.530000e-06	7.770826e-06	3.760974e-08	5.559552e+01	2.470044e+03
1.540000e-06	7.803384e-06	3.766505e-08	5.582844e+01	2.473870e+03
1.550000e-06	7.833127e-06	3.771430e-08	5.604124e+01	2.477319e+03
1.560000e-06	7.860178e-06	3.775893e-08	5.623477e+01	2.480332e+03
1.570000e-06	7.884274e-06	3.779808e-08	5.640716e+01	2.482866e+03
1.580000e-06	7.905473e-06	3.783227e-08	5.655883e+01	2.484911e+03
1.590000e-06	7.924002e-06	3.786180e-08	5.669139e+01	2.486489e+03
1.600000e-06	7.939602e-06	3.788435e-08	5.680300e+01	2.487651e+03
1.610000e-06	7.952188e-06	3.789853e-08	5.689305e+01	2.488457e+03
1.620000e-06	7.961703e-06	3.790631e-08	5.696112e+01	2.488967e+03
1.630000e-06	7.968234e-06	3.790989e-08	5.700785e+01	2.489223e+03
1.640000e-06	7.971999e-06	3.790983e-08	5.703478e+01	2.489242e+03
1.650000e-06	7.972938e-06	3.790894e-08	5.704150e+01	2.489016e+03
1.660000e-06	7.971107e-06	3.789485e-08	5.702840e+01	2.488515e+03
1.670000e-06	7.966677e-06	3.787592e-08	5.699670e+01	2.487705e+03
1.680000e-06	7.959571e-06	3.785921e-08	5.694587e+01	2.486551e+03
1.690000e-06	7.949785e-06	3.783787e-08	5.687586e+01	2.485033e+03
1.700000e-06	7.937235e-06	3.781232e-08	5.678606e+01	2.483148e+03
1.710000e-06	7.921855e-06	3.779105e-08	5.667603e+01	2.480912e+03
1.720000e-06	7.903999e-06	3.778027e-08	5.654828e+01	2.478351e+03
1.730000e-06	7.883902e-06	3.771942e-08	5.640450e+01	2.475502e+03
1.740000e-06	7.861031e-06	3.757200e-08	5.624088e+01	2.472404e+03
1.750000e-06	7.834558e-06	3.755381e-08	5.605148e+01	2.469091e+03
1.760000e-06	7.804383e-06	3.755052e-08	5.583559e+01	2.465598e+03
1.770000e-06	7.771246e-06	3.748204e-08	5.559852e+01	2.461951e+03
1.780000e-06	7.735908e-06	3.745838e-08	5.534570e+01	2.458173e+03
1.790000e-06	7.698455e-06	3.747284e-08	5.507774e+01	2.454275e+03
1.800000e-06	7.658905e-06	3.727017e-08	5.479479e+01	2.450255e+03
1.810000e-06	7.617042e-06	3.722336e-08	5.449528e+01	2.446090e+03
1.820000e-06	7.572539e-06	3.727672e-08	5.417689e+01	2.441734e+03
1.830000e-06	7.525484e-06	3.710909e-08	5.384024e+01	2.437115e+03
1.840000e-06	7.475615e-06	3.721423e-08	5.348346e+01	2.432142e+03
1.850000e-06	7.422858e-06	3.708562e-08	5.310601e+01	2.426715e+03
1.860000e-06	7.367202e-06	3.699249e-08	5.270783e+01	2.420742e+03
1.870000e-06	7.308748e-06	3.694013e-08	5.228962e+01	2.414158e+03
1.880000e-06	7.247798e-06	3.669339e-08	5.185356e+01	2.406935e+03
1.890000e-06	7.183980e-06	3.667773e-08	5.139699e+01	2.399091e+03
1.900000e-06	7.117337e-06	3.649041e-08	5.092020e+01	2.390688e+03
1.910000e-06	7.048011e-06	3.638957e-08	5.042421e+01	2.381815e+03
1.920000e-06	6.975884e-06	3.628041e-08	4.990819e+01	2.372568e+03
1.930000e-06	6.901133e-06	3.611581e-08	4.937339e+01	2.363028e+03
1.940000e-06	6.823611e-06	3.601341e-08	4.881877e+01	2.353235e+03
1.950000e-06	6.743385e-06	3.575381e-08	4.824480e+01	2.343184e+03
1.960000e-06	6.660712e-06	3.565900e-08	4.765333e+01	2.332820e+03
1.970000e-06	6.575607e-06	3.546890e-08	4.704445e+01	2.322060e+03
1.980000e-06	6.488046e-06	3.530903e-08	4.641800e+01	2.310808e+03
1.990000e-06	6.398134e-06	3.516332e-08	4.577474e+01	2.298985e+03
2.000000e-06	6.306102e-06	3.494883e-08	4.511630e+01	2.286549e+03
2.010000e-06	6.211802e-06	3.475530e-08	4.444165e+01	2.273502e+03
2.020000e-06	6.115189e-06	3.449666e-08	4.375044e+01	2.259890e+03
2.030000e-06	6.016413e-06	3.432521e-08	4.304376e+01	2.245782e+03
2.040000e-06	5.915523e-06	3.411770e-08	4.232195e+01	2.231248e+03
2.050000e-06	5.812497e-06	3.391151e-08	4.158486e+01	2.216336e+03
2.060000e-06	5.707426e-06	3.365775e-08	4.083315e+01	2.201049e+03
2.070000e-06	5.600465e-06	3.341045e-08	4.006790e+01	2.185342e+03
2.080000e-06	5.491558e-06	3.315611e-08	3.928874e+01	2.169131e+03
2.090000e-06	5.380663e-06	3.288242e-08	3.849536e+01	2.152314e+03
2.100000e-06	5.267762e-06	3.262847e-08	3.768762e+01	2.134797e+03
2.110000e-06	5.152921e-06	3.235637e-08	3.686600e+01	2.116517e+03
2.120000e-06	5.036087e-06	3.207103e-08	3.603012e+01	2.097461e+03
2.130000e-06	4.917270e-06	3.175725e-08	3.518006e+01	2.077662e+03
2.140000e-06	4.796617e-06	3.146458e-08	3.431686e+01	2.057186e+03
2.150000e-06	4.674236e-06	3.114384e-08	3.344131e+01	2.036107e+03
2.160000e-06	4.550156e-06	3.080517e-08	3.255359e+01	2.014474e+03
2.170000e-06	4.424396e-06	3.045304e-08	3.165385e+01	1.992293e+03
2.180000e-06	4.297026e-06	3.011700e-08	3.074259e+01	1.969512e+03
2.190000e-06	4.168078e-06	2.976347e-08	2.982005e+01	1.946034e+03
2.200000e-06	4.037620e-06	2.938770e-08	2.888670e+01	1.921729e+03
2.210000e-06	3.905640e-06	2.899276e-08	2.794247e+01	1.896476e+03
2.220000e-06	3.772198e-06	2.858442e-08	2.698777e+01	1.870184e+03
2.230000e-06	3.637413e-06	2.816571e-08	2.602347e+01	1.842819e+03
2.240000e-06	3.501312e-06	2.773857e-08	2.504975e+01	1.814402e+03
2.250000e-06	3.363815e-06	2.730960e-08	2.406604e+01	1.784997e+03
2.260000e-06	3.224943e-06	2.685230e-08	2.307250e+01	1.754684e+03
2.270000e-06	3.084767e-06	2.637219e-08	2.206962e+01	1.723515e+03
2.280000e-06	2.943378e-06	2.587496e-08	2.105807e+01	1.691493e+03
2.290000e-06	2.800915e-06	2.537213e-08	2.003883e+01	1.658546e+03
2.300000e-06	2.657471e-06	2.484502e-08	1.901258e+01	1.624541e+03
2.310000e-06	2.513072e-06	2.429694e-08	1.797949e+01	1.589301e+03
2.320000e-06	2.367804e-06	2.373176e-08	1.694019e+01	1.552649e+03
2.330000e-06	2.221734e-06	2.314820e-08	1.589515e+01	1.514443e+03
2.340000e-06	2.074872e-06	2.254388e-08	1.484444e+01	1.474607e+03
2.350000e-06	1.927300e-06	2.191912e-08	1.378866e+01	1.433138e+03
2.360000e-06	1.779149e-06	2.127412e-08	1.272872e+01	1.390089e+03
2.370000e-06	1.630459e-06	2.059944e-08	1.166494e+01	1.345531e+03
2.380000e-06	1.481124e-06	1.989549e-08	1.059654e+01	1.299507e+03
2.390000e-06	1.331218e-06	1.916856e-08	9.524052e+00	1.251985e+03
2.400000e-06	1.180908e-06	1.841441e-08	8.448676e+00	1.202841e+03
2.410000e-06	1.030257e-06	1.762635e-08	7.370857e+00	1.151863e+03
2.420000e-06	8.793477e-07	1.680437e-08	6.291196e+00	1.098790e+03
2.430000e-06	7.282052e-07	1.595226e-08	5.209864e+00	1.043375e+03
2.440000e-06	5.767956e-07	1.507110e-08	4.126620e+00	9.854449e+02
2.450000e-06	4.251493e-07	1.415699e-08	3.041684e+00	9.249535e+02
2.460000e-06	2.732820e-07	1.320851e-08	1.955166e+00	8.619888e+02
2.470000e-06	1.212475e-07	1.222346e-08	8.674518e-01	7.967394e+02
2.480000e-06	-3.083580e-08	1.120121e-08	-2.206113e-01	7.294123e+02
2.490000e-06	-1.828556e-07	1.014253e-08	-1.308220e+00	6.601210e+02
2.500000e-06	-3.347667e-07	9.046562e-09	-2.395051e+00	5.887707e+02
2.510000e-06	-4.865888e-07	7.907471e-09	-3.481246e+00	5.149723e+02
2.520000e-06	-6.383072e-07	6.716653e-09	-4.566698e+00	4.380160e+02
2.530000e-06	-7.897906e-07	5.467576e-09	-5.650469e+00	3.569241e+02
2.540000e-06	-9.409783e-07	4.148569e-09	-6.732125e+00	2.705849e+02
2.550000e-06	-1.091925e-06	2.744355e-09	-7.812056e+00	1.779505e+02
2.560000e-06	-1.242500e-06	1.244592e-09	-8.889328e+00	7.826621e+01
2.570000e-06	-1.392650e-06	-3.610943e-10	-9.963559e+00	-2.871586e+01
2.580000e-06	-1.542380e-06	-2.080539e-09	-1.103478e+01	-1.425821e+02
2.590000e-06	-1.691530e-06	-3.908063e-09	-1.210187e+01	-2.621995e+02
2.600000e-06	-1.840008e-06	-5.815291e-09	-1.316414e+01	-3.857725e+02
2.610000e-06	-1.987799e-06	-7.755162e-09	-1.422149e+01	-5.110101e+02
2.620000e-06	-2.134832e-06	-9.677887e-09	-1.527342e+01	-6.353767e+02
2.630000e-06	-2.281012e-06	-1.153529e-08	-1.631925e+01	-7.563821e+02
2.640000e-06	-2.426375e-06	-1.329262e-08	-1.735923e+01	-8.718610e+02
2.650000e-06	-2.570803e-06	-1.493432e-08	-1.839253e+01	-9.801904e+02
2.660000e-06	-2.714156e-06	-1.645399e-08	-1.941813e+01	-1.080413e+03
2.670000e-06	-2.856444e-06	-1.785235e-08	-2.043611e+01	-1.172249e+03
2.680000e-06	-2.997586e-06	-1.913721e-08	-2.144590e+01	-1.256008e+03
2.690000e-06	-3.137543e-06	-2.031868e-08	-2.244720e+01	-1.332421e+03
2.700000e-06	-3.276258e-06	-2.140568e-08	-2.343963e+01	-1.402442e+03
2.710000e-06	-3.413674e-06	-2.240761e-08	-2.442275e+01	-1.467051e+03
2.720000e-06	-3.549801e-06	-2.333597e-08	-2.539666e+01	-1.527104e+03
2.730000e-06	-3.684656e-06	-2.419837e-08	-2.636146e+01	-1.583244e+03
2.740000e-06	-3.818274e-06	-2.500063e-08	-2.731742e+01	-1.635887e+03
2.750000e-06	-3.950545e-06	-2.574885e-08	-2.826373e+01	-1.685260e+03
2.760000e-06	-4.081393e-06	-2.644832e-08	-2.919987e+01	-1.731484e+03
2.770000e-06	-4.210869e-06	-2.710233e-08	-3.012620e+01	-1.774653e+03
2.780000e-06	-4.338867e-06	-2.771731e-08	-3.104195e+01	-1.814905e+03
2.790000e-06	-4.465387e-06	-2.830001e-08	-3.194711e+01	-1.852458e+03
2.800000e-06	-4.590411e-06	-2.885029e-08	-3.284158e+01	-1.887604e+03
2.810000e-06	-4.713777e-06	-2.936590e-08	-3.372419e+01	-1.920677e+03
2.820000e-06	-4.835414e-06	-2.984963e-08	-3.459444e+01	-1.952000e+03
2.830000e-06	-4.955265e-06	-3.030969e-08	-3.545190e+01	-1.981838e+03
2.840000e-06	-5.073276e-06	-3.074667e-08	-3.629619e+01	-2.010366e+03
2.850000e-06	-5.189219e-06	-3.116009e-08	-3.712569e+01	-2.037662e+03
2.860000e-06	-5.303032e-06	-3.155464e-08	-3.793995e+01	-2.063727e+03
2.870000e-06	-5.414824e-06	-3.193213e-08	-3.873976e+01	-2.088520e+03
2.880000e-06	-5.524575e-06	-3.228903e-08	-3.952496e+01	-2.112007e+03
2.890000e-06	-5.632378e-06	-3.262448e-08	-4.029622e+01	-2.134190e+03
2.900000e-06	-5.738240e-06	-3.294429e-08	-4.105360e+01	-2.155135e+03
2.910000e-06	-5.841993e-06	-3.325232e-08	-4.179589e+01	-2.174959e+03
2.920000e-06	-5.943581e-06	-3.354705e-08	-4.252269e+01	-2.193816e+03
2.930000e-06	-6.043043e-06	-3.382791e-08	-4.323428e+01	-2.211858e+03
2.940000e-06	-6.140312e-06	-3.409593e-08	-4.393018e+01	-2.229209e+03
2.950000e-06	-6.235314e-06	-3.435076e-08	-4.460986e+01	-2.245935e+03
2.960000e-06	-6.328051e-06	-3.459303e-08	-4.527334e+01	-2.262043e+03
2.970000e-06	-6.418553e-06	-3.482520e-08	-4.592083e+01	-2.277494e+03
2.980000e-06	-6.506816e-06	-3.504851e-08	-4.655229e+01	-2.292222e+03
2.990000e-06	-6.592732e-06	-3.526025e-08	-4.716697e+01	-2.306173e+03
3.000000e-06	-6.676255e-06	-3.546137e-08	-4.776453e+01	-2.319324e+03
3.010000e-06	-6.757447e-06	-3.565371e-08	-4.834540e+01	-2.331699e+03
3.020000e-06	-6.836142e-06	-3.583406e-08	-4.890842e+01	-2.343368e+03
3.030000e-06	-6.912103e-06	-3.600366e-08	-4.945187e+01	-2.354431e+03
3.040000e-06	-6.985455e-06	-3.616682e-08	-4.997666e+01	-2.364992e+03
3.050000e-06	-7.056317e-06	-3.632457e-08	-5.048364e+01	-2.375131e+03
3.060000e-06	-7.124648e-06	-3.647339e-08	-5.097250e+01	-2.384888e+03
3.070000e-06	-7.190551e-06	-3.661205e-08	-5.144400e+01	-2.394252e+03
3.080000e-06	-7.253952e-06	-3.674117e-08	-5.189759e+01	-2.403174e+03
3.090000e-06	-7.314685e-06	-3.686212e-08	-5.233210e+01	-2.411584e+03
3.100000e-06	-7.372837e-06	-3.697691e-08	-5.274814e+01	-2.419414e+03
3.110000e-06	-7.428322e-06	-3.708396e-08	-5.314510e+01	-2.426626e+03
3.120000e-06	-7.480945e-06	-3.718561e-08	-5.352159e+01	-2.433221e+03
3.130000e-06	-7.530590e-06	-3.727983e-08	-5.387677e+01	-2.439244e+03
3.140000e-06	-7.577275e-06	-3.736583e-08	-5.421077e+01	-2.444771e+03
3.150000e-06	-7.621368e-06	-3.744625e-08	-5.452623e+01	-2.449892e+03
3.160000e-06	-7.663002e-06	-3.752099e-08	-5.482409e+01	-2.454684e+03
3.170000e-06	-7.701908e-06	-3.758926e-08	-5.510245e+01	-2.459194e+03
3.180000e-06	-7.738054e-06	-3.764924e-08	-5.536105e+01	-2.463432e+03
3.190000e-06	-7.771507e-06	-3.770548e-08	-5.560038e+01	-2.467367e+03
3.200000e-06	-7.802094e-06	-3.775689e-08	-5.581921e+01	-2.470945e+03
3.210000e-06	-7.829856e-06	-3.780362e-08	-5.601784e+01	-2.474105e+03
3.220000e-06	-7.854930e-06	-3.784330e-08	-5.619723e+01	-2.476796e+03
3.230000e-06	-7.877144e-06	-3.787513e-08	-5.635615e+01	-2.478998e+03
3.240000e-06	-7.896526e-06	-3.790056e-08	-5.649482e+01	-2.480723e+03
3.250000e-06	-7.913079e-06	-3.792215e-08	-5.661324e+01	-2.482013e+03
3.260000e-06	-7.926415e-06	-3.793894e-08	-5.670866e+01	-2.482927e+03
3.270000e-06	-7.936695e-06	-3.794774e-08	-5.678221e+01	-2.483527e+03
3.280000e-06	-7.944180e-06	-3.795089e-08	-5.683575e+01	-2.483862e+03
3.290000e-06	-7.948869e-06	-3.794918e-08	-5.686930e+01	-2.483958e+03
3.300000e-06	-7.950836e-06	-3.794063e-08	-5.688337e+01	-2.483814e+03
