# Temperatura_=_94.49
# Concentracion g/m^3_=_24000.0
# C_Vs_to_Am_M_A/Vsm_=_65563218390.804596
# pendiente_HvsI_1/m_=_3716.3
# ordenada_HvsI_A/m_=_1297.0
# frecuencia_Hz_=_302456.69538214203

Tiempo_(s)	Campo_(V.s)	Magnetizacion_(V.s)	Campo_(kA/m)	Magnetizacion_(A/m)
0.000000e+00	-7.970211e-06	-3.807033e-08	-5.687618e+01	-2.491796e+03
1.000000e-08	-7.968160e-06	-3.806368e-08	-5.686154e+01	-2.491266e+03
2.000000e-08	-7.963383e-06	-3.804670e-08	-5.682745e+01	-2.490402e+03
3.000000e-08	-7.956098e-06	-3.802098e-08	-5.677546e+01	-2.489188e+03
4.000000e-08	-7.946074e-06	-3.799670e-08	-5.670393e+01	-2.487629e+03
5.000000e-08	-7.933110e-06	-3.796959e-08	-5.661142e+01	-2.485750e+03
6.000000e-08	-7.917191e-06	-3.793404e-08	-5.649782e+01	-2.483579e+03
7.000000e-08	-7.898765e-06	-3.788577e-08	-5.636633e+01	-2.481141e+03
8.000000e-08	-7.878138e-06	-3.781750e-08	-5.621914e+01	-2.478447e+03
9.000000e-08	-7.854811e-06	-3.783296e-08	-5.605267e+01	-2.475499e+03
1.000000e-07	-7.828320e-06	-3.782780e-08	-5.586363e+01	-2.472288e+03
1.100000e-07	-7.798690e-06	-3.771809e-08	-5.565218e+01	-2.468815e+03
1.200000e-07	-7.766118e-06	-3.762365e-08	-5.541975e+01	-2.465094e+03
1.300000e-07	-7.730781e-06	-3.756976e-08	-5.516758e+01	-2.461161e+03
1.400000e-07	-7.693044e-06	-3.750369e-08	-5.489829e+01	-2.457068e+03
1.500000e-07	-7.653179e-06	-3.738117e-08	-5.461381e+01	-2.452870e+03
1.600000e-07	-7.610917e-06	-3.740864e-08	-5.431222e+01	-2.448607e+03
1.700000e-07	-7.565951e-06	-3.732719e-08	-5.399134e+01	-2.444281e+03
1.800000e-07	-7.518369e-06	-3.716138e-08	-5.365179e+01	-2.439842e+03
1.900000e-07	-7.467833e-06	-3.718700e-08	-5.329116e+01	-2.435192e+03
2.000000e-07	-7.414264e-06	-3.699117e-08	-5.290889e+01	-2.430192e+03
2.100000e-07	-7.357943e-06	-3.687300e-08	-5.250698e+01	-2.424691e+03
2.200000e-07	-7.298915e-06	-3.684898e-08	-5.208574e+01	-2.418562e+03
2.300000e-07	-7.237303e-06	-3.672482e-08	-5.164608e+01	-2.411723e+03
2.400000e-07	-7.173058e-06	-3.664459e-08	-5.118762e+01	-2.404169e+03
2.500000e-07	-7.106103e-06	-3.648314e-08	-5.070982e+01	-2.395964e+03
2.600000e-07	-7.036462e-06	-3.637178e-08	-5.021286e+01	-2.387230e+03
2.700000e-07	-6.964018e-06	-3.619677e-08	-4.969589e+01	-2.378115e+03
2.800000e-07	-6.888789e-06	-3.604433e-08	-4.915905e+01	-2.368750e+03
2.900000e-07	-6.810804e-06	-3.591826e-08	-4.860254e+01	-2.359220e+03
3.000000e-07	-6.730077e-06	-3.578047e-08	-4.802646e+01	-2.349538e+03
3.100000e-07	-6.646966e-06	-3.567387e-08	-4.743337e+01	-2.339642e+03
3.200000e-07	-6.561680e-06	-3.546503e-08	-4.682477e+01	-2.329417e+03
3.300000e-07	-6.474048e-06	-3.529625e-08	-4.619942e+01	-2.318722e+03
3.400000e-07	-6.384001e-06	-3.512196e-08	-4.555683e+01	-2.307435e+03
3.500000e-07	-6.291722e-06	-3.493503e-08	-4.489832e+01	-2.295482e+03
3.600000e-07	-6.197259e-06	-3.473666e-08	-4.422422e+01	-2.282857e+03
3.700000e-07	-6.100458e-06	-3.454165e-08	-4.353344e+01	-2.269618e+03
3.800000e-07	-6.001374e-06	-3.436445e-08	-4.282637e+01	-2.255866e+03
3.900000e-07	-5.900169e-06	-3.413268e-08	-4.210416e+01	-2.241708e+03
4.000000e-07	-5.796868e-06	-3.389065e-08	-4.136700e+01	-2.227224e+03
4.100000e-07	-5.691482e-06	-3.365200e-08	-4.061495e+01	-2.212433e+03
4.200000e-07	-5.584082e-06	-3.344550e-08	-3.984854e+01	-2.197287e+03
4.300000e-07	-5.474789e-06	-3.320351e-08	-3.906861e+01	-2.181679e+03
4.400000e-07	-5.363518e-06	-3.294624e-08	-3.827457e+01	-2.165473e+03
4.500000e-07	-5.250173e-06	-3.269690e-08	-3.746573e+01	-2.148538e+03
4.600000e-07	-5.134834e-06	-3.243325e-08	-3.664266e+01	-2.130790e+03
4.700000e-07	-5.017580e-06	-3.213075e-08	-3.580592e+01	-2.112207e+03
4.800000e-07	-4.898424e-06	-3.182531e-08	-3.495562e+01	-2.092833e+03
4.900000e-07	-4.777467e-06	-3.154682e-08	-3.409245e+01	-2.072759e+03
5.000000e-07	-4.654829e-06	-3.124366e-08	-3.321730e+01	-2.052089e+03
5.100000e-07	-4.530501e-06	-3.091337e-08	-3.233009e+01	-2.030899e+03
5.200000e-07	-4.404588e-06	-3.057413e-08	-3.143155e+01	-2.009205e+03
5.300000e-07	-4.277050e-06	-3.023997e-08	-3.052143e+01	-1.986950e+03
5.400000e-07	-4.147924e-06	-2.987608e-08	-2.959998e+01	-1.964014e+03
5.500000e-07	-4.017224e-06	-2.949849e-08	-2.866729e+01	-1.940243e+03
5.600000e-07	-3.884938e-06	-2.912587e-08	-2.772328e+01	-1.915486e+03
5.700000e-07	-3.751278e-06	-2.874776e-08	-2.676947e+01	-1.889639e+03
5.800000e-07	-3.616182e-06	-2.834088e-08	-2.580541e+01	-1.862665e+03
5.900000e-07	-3.479630e-06	-2.791247e-08	-2.483097e+01	-1.834604e+03
6.000000e-07	-3.341758e-06	-2.747806e-08	-2.384710e+01	-1.805545e+03
6.100000e-07	-3.202569e-06	-2.701945e-08	-2.285383e+01	-1.775590e+03
6.200000e-07	-3.061959e-06	-2.654341e-08	-2.185043e+01	-1.744804e+03
6.300000e-07	-2.920017e-06	-2.605858e-08	-2.083751e+01	-1.713183e+03
6.400000e-07	-2.776962e-06	-2.556716e-08	-1.981666e+01	-1.680631e+03
6.500000e-07	-2.632815e-06	-2.504852e-08	-1.878802e+01	-1.646974e+03
6.600000e-07	-2.487720e-06	-2.450704e-08	-1.775260e+01	-1.611993e+03
6.700000e-07	-2.341888e-06	-2.394585e-08	-1.671193e+01	-1.575474e+03
6.800000e-07	-2.195306e-06	-2.336164e-08	-1.566591e+01	-1.537262e+03
6.900000e-07	-2.047932e-06	-2.275624e-08	-1.461424e+01	-1.497285e+03
7.000000e-07	-1.899894e-06	-2.212944e-08	-1.355782e+01	-1.455567e+03
7.100000e-07	-1.751335e-06	-2.148063e-08	-1.249769e+01	-1.412192e+03
7.200000e-07	-1.602285e-06	-2.080088e-08	-1.143406e+01	-1.367255e+03
7.300000e-07	-1.452750e-06	-2.009433e-08	-1.036696e+01	-1.320800e+03
7.400000e-07	-1.302741e-06	-1.935692e-08	-9.296481e+00	-1.272764e+03
7.500000e-07	-1.152221e-06	-1.858415e-08	-8.222357e+00	-1.222962e+03
7.600000e-07	-1.001218e-06	-1.777599e-08	-7.144788e+00	-1.171105e+03
7.700000e-07	-8.498506e-07	-1.693753e-08	-6.064614e+00	-1.116853e+03
7.800000e-07	-6.981803e-07	-1.606740e-08	-4.982280e+00	-1.059906e+03
7.900000e-07	-5.462032e-07	-1.516155e-08	-3.897758e+00	-1.000076e+03
8.000000e-07	-3.939269e-07	-1.422167e-08	-2.811100e+00	-9.373487e+02
8.100000e-07	-2.414884e-07	-1.324200e-08	-1.723284e+00	-8.718817e+02
8.200000e-07	-8.899652e-08	-1.221779e-08	-6.350875e-01	-8.039451e+02
8.300000e-07	6.355672e-08	-1.115114e-08	4.535467e-01	-7.338069e+02
8.400000e-07	2.161349e-07	-1.004930e-08	1.542359e+00	-6.615863e+02
8.500000e-07	3.686555e-07	-8.903748e-09	2.630760e+00	-5.871138e+02
8.600000e-07	5.210395e-07	-7.704908e-09	3.718187e+00	-5.098394e+02
8.700000e-07	6.732678e-07	-6.449455e-09	4.804503e+00	-4.288247e+02
8.800000e-07	8.253197e-07	-5.126251e-09	5.889559e+00	-3.428370e+02
8.900000e-07	9.770957e-07	-3.719099e-09	6.972647e+00	-2.505429e+02
9.000000e-07	1.128489e-06	-2.211117e-09	8.053004e+00	-1.507702e+02
9.100000e-07	1.279388e-06	-5.918436e-10	9.129837e+00	-4.279128e+01
9.200000e-07	1.429745e-06	1.154416e-09	1.020279e+01	7.343245e+01
9.300000e-07	1.579583e-06	3.030025e-09	1.127205e+01	1.970984e+02
9.400000e-07	1.728922e-06	5.015798e-09	1.233775e+01	3.265432e+02
9.500000e-07	1.877767e-06	7.070117e-09	1.339992e+01	4.593685e+02
9.600000e-07	2.025919e-06	9.132160e-09	1.445715e+01	5.926947e+02
9.700000e-07	2.173235e-06	1.113884e-08	1.550841e+01	7.234992e+02
9.800000e-07	2.319745e-06	1.304013e-08	1.655392e+01	8.489790e+02
9.900000e-07	2.465408e-06	1.480692e-08	1.759339e+01	9.668694e+02
1.000000e-06	2.610173e-06	1.642672e-08	1.862644e+01	1.075665e+03
1.010000e-06	2.753941e-06	1.790418e-08	1.965238e+01	1.174709e+03
1.020000e-06	2.896634e-06	1.925197e-08	2.067066e+01	1.264138e+03
1.030000e-06	3.038222e-06	2.048410e-08	2.168104e+01	1.344721e+03
1.040000e-06	3.178594e-06	2.160582e-08	2.268275e+01	1.417609e+03
1.050000e-06	3.317703e-06	2.263068e-08	2.367544e+01	1.484082e+03
1.060000e-06	3.455585e-06	2.357310e-08	2.465938e+01	1.545322e+03
1.070000e-06	3.592164e-06	2.444252e-08	2.563402e+01	1.602258e+03
1.080000e-06	3.727298e-06	2.524600e-08	2.659835e+01	1.655507e+03
1.090000e-06	3.860982e-06	2.598978e-08	2.755233e+01	1.705397e+03
1.100000e-06	3.993321e-06	2.668367e-08	2.849672e+01	1.752062e+03
1.110000e-06	4.124259e-06	2.733244e-08	2.943110e+01	1.795549e+03
1.120000e-06	4.253720e-06	2.793850e-08	3.035495e+01	1.835936e+03
1.130000e-06	4.381682e-06	2.850506e-08	3.126809e+01	1.873394e+03
1.140000e-06	4.508070e-06	2.903799e-08	3.217001e+01	1.908212e+03
1.150000e-06	4.632937e-06	2.954047e-08	3.306107e+01	1.940768e+03
1.160000e-06	4.756277e-06	3.001329e-08	3.394124e+01	1.971466e+03
1.170000e-06	4.877961e-06	3.046008e-08	3.480959e+01	2.000665e+03
1.180000e-06	4.997892e-06	3.088292e-08	3.566543e+01	2.028621e+03
1.190000e-06	5.116021e-06	3.128727e-08	3.650841e+01	2.055461e+03
1.200000e-06	5.232245e-06	3.167538e-08	3.733780e+01	2.081191e+03
1.210000e-06	5.346436e-06	3.204277e-08	3.815267e+01	2.105738e+03
1.220000e-06	5.458561e-06	3.238959e-08	3.895280e+01	2.129009e+03
1.230000e-06	5.568695e-06	3.271936e-08	3.973873e+01	2.150946e+03
1.240000e-06	5.676913e-06	3.303443e-08	4.051098e+01	2.171566e+03
1.250000e-06	5.783094e-06	3.333199e-08	4.126870e+01	2.190971e+03
1.260000e-06	5.887071e-06	3.361496e-08	4.201069e+01	2.209330e+03
1.270000e-06	5.988903e-06	3.388740e-08	4.273738e+01	2.226839e+03
1.280000e-06	6.088569e-06	3.414605e-08	4.344860e+01	2.243674e+03
1.290000e-06	6.185939e-06	3.439095e-08	4.414344e+01	2.259954e+03
1.300000e-06	6.281018e-06	3.462697e-08	4.482193e+01	2.275714e+03
1.310000e-06	6.373860e-06	3.485562e-08	4.548447e+01	2.290918e+03
1.320000e-06	6.464400e-06	3.507225e-08	4.613057e+01	2.305479e+03
1.330000e-06	6.552567e-06	3.527562e-08	4.675973e+01	2.319303e+03
1.340000e-06	6.638461e-06	3.547121e-08	4.737268e+01	2.332324e+03
1.350000e-06	6.722051e-06	3.565810e-08	4.796919e+01	2.344534e+03
1.360000e-06	6.803187e-06	3.583612e-08	4.854818e+01	2.355992e+03
1.370000e-06	6.881834e-06	3.600453e-08	4.910942e+01	2.366805e+03
1.380000e-06	6.957985e-06	3.616670e-08	4.965284e+01	2.377104e+03
1.390000e-06	7.031523e-06	3.632327e-08	5.017761e+01	2.387006e+03
1.400000e-06	7.102452e-06	3.647113e-08	5.068377e+01	2.396582e+03
1.410000e-06	7.170910e-06	3.661378e-08	5.117229e+01	2.405838e+03
1.420000e-06	7.236803e-06	3.674839e-08	5.164251e+01	2.414725e+03
1.430000e-06	7.300050e-06	3.687380e-08	5.209385e+01	2.423153e+03
1.440000e-06	7.360846e-06	3.699137e-08	5.252769e+01	2.431024e+03
1.450000e-06	7.419166e-06	3.710198e-08	5.294387e+01	2.438268e+03
1.460000e-06	7.474825e-06	3.720516e-08	5.334106e+01	2.444864e+03
1.470000e-06	7.527602e-06	3.729965e-08	5.371767e+01	2.450849e+03
1.480000e-06	7.577277e-06	3.738849e-08	5.407216e+01	2.456310e+03
1.490000e-06	7.623985e-06	3.747074e-08	5.440547e+01	2.461359e+03
1.500000e-06	7.668024e-06	3.754618e-08	5.471974e+01	2.466102e+03
1.510000e-06	7.709366e-06	3.761647e-08	5.501476e+01	2.470613e+03
1.520000e-06	7.747929e-06	3.768169e-08	5.528995e+01	2.474914e+03
1.530000e-06	7.783907e-06	3.774010e-08	5.554669e+01	2.478976e+03
1.540000e-06	7.817143e-06	3.778971e-08	5.578387e+01	2.482730e+03
1.550000e-06	7.847486e-06	3.783457e-08	5.600040e+01	2.486091e+03
1.560000e-06	7.875110e-06	3.787752e-08	5.619752e+01	2.488988e+03
1.570000e-06	7.899865e-06	3.791703e-08	5.637418e+01	2.491381e+03
1.580000e-06	7.921694e-06	3.795105e-08	5.652995e+01	2.493276e+03
1.590000e-06	7.940841e-06	3.797943e-08	5.666659e+01	2.494718e+03
1.600000e-06	7.957152e-06	3.800131e-08	5.678298e+01	2.495782e+03
1.610000e-06	7.970427e-06	3.801525e-08	5.687771e+01	2.496544e+03
1.620000e-06	7.980535e-06	3.802196e-08	5.694985e+01	2.497065e+03
1.630000e-06	7.987549e-06	3.802359e-08	5.699990e+01	2.497377e+03
1.640000e-06	7.991870e-06	3.802402e-08	5.703074e+01	2.497476e+03
1.650000e-06	7.993378e-06	3.802401e-08	5.704150e+01	2.497332e+03
1.660000e-06	7.992031e-06	3.801793e-08	5.703189e+01	2.496903e+03
1.670000e-06	7.988134e-06	3.799866e-08	5.700408e+01	2.496149e+03
1.680000e-06	7.981532e-06	3.798263e-08	5.695697e+01	2.495047e+03
1.690000e-06	7.972214e-06	3.796664e-08	5.689047e+01	2.493596e+03
1.700000e-06	7.960200e-06	3.794620e-08	5.680473e+01	2.491816e+03
1.710000e-06	7.945357e-06	3.792689e-08	5.669881e+01	2.489735e+03
1.720000e-06	7.927970e-06	3.791652e-08	5.657474e+01	2.487380e+03
1.730000e-06	7.908287e-06	3.791154e-08	5.643428e+01	2.484768e+03
1.740000e-06	7.885851e-06	3.777234e-08	5.627418e+01	2.481901e+03
1.750000e-06	7.859964e-06	3.770042e-08	5.608944e+01	2.478775e+03
1.760000e-06	7.830430e-06	3.770010e-08	5.587868e+01	2.475385e+03
1.770000e-06	7.797783e-06	3.764722e-08	5.564572e+01	2.471740e+03
1.780000e-06	7.762814e-06	3.757733e-08	5.539617e+01	2.467870e+03
1.790000e-06	7.725714e-06	3.760109e-08	5.513142e+01	2.463821e+03
1.800000e-06	7.686523e-06	3.746546e-08	5.485175e+01	2.459651e+03
1.810000e-06	7.645129e-06	3.730811e-08	5.455636e+01	2.455406e+03
1.820000e-06	7.601081e-06	3.743130e-08	5.424203e+01	2.451102e+03
1.830000e-06	7.554411e-06	3.725280e-08	5.390899e+01	2.446708e+03
1.840000e-06	7.505006e-06	3.730699e-08	5.355643e+01	2.442138e+03
1.850000e-06	7.452592e-06	3.730555e-08	5.318240e+01	2.437267e+03
1.860000e-06	7.397198e-06	3.710420e-08	5.278710e+01	2.431942e+03
1.870000e-06	7.339049e-06	3.709914e-08	5.237214e+01	2.426026e+03
1.880000e-06	7.278415e-06	3.684028e-08	5.193945e+01	2.419419e+03
1.890000e-06	7.214970e-06	3.680417e-08	5.148671e+01	2.412091e+03
1.900000e-06	7.148660e-06	3.670680e-08	5.101351e+01	2.404083e+03
1.910000e-06	7.079594e-06	3.657251e-08	5.052065e+01	2.395503e+03
1.920000e-06	7.007714e-06	3.652868e-08	5.000771e+01	2.386494e+03
1.930000e-06	6.933215e-06	3.630798e-08	4.947607e+01	2.377196e+03
1.940000e-06	6.855971e-06	3.621849e-08	4.892486e+01	2.367714e+03
1.950000e-06	6.776052e-06	3.598325e-08	4.835455e+01	2.358083e+03
1.960000e-06	6.693647e-06	3.584853e-08	4.776650e+01	2.348266e+03
1.970000e-06	6.608716e-06	3.571994e-08	4.716042e+01	2.338161e+03
1.980000e-06	6.521295e-06	3.553673e-08	4.653658e+01	2.327632e+03
1.990000e-06	6.431549e-06	3.542312e-08	4.589614e+01	2.316545e+03
2.000000e-06	6.339714e-06	3.519981e-08	4.524080e+01	2.304810e+03
2.010000e-06	6.245617e-06	3.503620e-08	4.456931e+01	2.292397e+03
2.020000e-06	6.149191e-06	3.478659e-08	4.388120e+01	2.279345e+03
2.030000e-06	6.050639e-06	3.459913e-08	4.317793e+01	2.265745e+03
2.040000e-06	5.949957e-06	3.442058e-08	4.245945e+01	2.251707e+03
2.050000e-06	5.847060e-06	3.423349e-08	4.172517e+01	2.237321e+03
2.060000e-06	5.742082e-06	3.400450e-08	4.097603e+01	2.222631e+03
2.070000e-06	5.635233e-06	3.373593e-08	4.021355e+01	2.207607e+03
2.080000e-06	5.526485e-06	3.350276e-08	3.943752e+01	2.192161e+03
2.090000e-06	5.415739e-06	3.323215e-08	3.864722e+01	2.176162e+03
2.100000e-06	5.302970e-06	3.298322e-08	3.784249e+01	2.159473e+03
2.110000e-06	5.188232e-06	3.272474e-08	3.702371e+01	2.141991e+03
2.120000e-06	5.071441e-06	3.247626e-08	3.619028e+01	2.123674e+03
2.130000e-06	4.952628e-06	3.216723e-08	3.534242e+01	2.104545e+03
2.140000e-06	4.831956e-06	3.186025e-08	3.448129e+01	2.084684e+03
2.150000e-06	4.709559e-06	3.155920e-08	3.360786e+01	2.064195e+03
2.160000e-06	4.585447e-06	3.124637e-08	3.272218e+01	2.043166e+03
2.170000e-06	4.459620e-06	3.090538e-08	3.182427e+01	2.021636e+03
2.180000e-06	4.332195e-06	3.056798e-08	3.091495e+01	1.999571e+03
2.190000e-06	4.203180e-06	3.024046e-08	2.999429e+01	1.976870e+03
2.200000e-06	4.072653e-06	2.987685e-08	2.906284e+01	1.953384e+03
2.210000e-06	3.940600e-06	2.948456e-08	2.812049e+01	1.928958e+03
2.220000e-06	3.807032e-06	2.908094e-08	2.716734e+01	1.903468e+03
2.230000e-06	3.672063e-06	2.868032e-08	2.620418e+01	1.876855e+03
2.240000e-06	3.535763e-06	2.825630e-08	2.523154e+01	1.849135e+03
2.250000e-06	3.398158e-06	2.783159e-08	2.424958e+01	1.820385e+03
2.260000e-06	3.259227e-06	2.739665e-08	2.325815e+01	1.790707e+03
2.270000e-06	3.118988e-06	2.694052e-08	2.225739e+01	1.760184e+03
2.280000e-06	2.977532e-06	2.645163e-08	2.124795e+01	1.728837e+03
2.290000e-06	2.834915e-06	2.595115e-08	2.023022e+01	1.696600e+03
2.300000e-06	2.691219e-06	2.543803e-08	1.920479e+01	1.663320e+03
2.310000e-06	2.546596e-06	2.490200e-08	1.817275e+01	1.628788e+03
2.320000e-06	2.401107e-06	2.434695e-08	1.713453e+01	1.592784e+03
2.330000e-06	2.254867e-06	2.377207e-08	1.609094e+01	1.555127e+03
2.340000e-06	2.107963e-06	2.317341e-08	1.504262e+01	1.515719e+03
2.350000e-06	1.960281e-06	2.254869e-08	1.398875e+01	1.474552e+03
2.360000e-06	1.811806e-06	2.190648e-08	1.292922e+01	1.431698e+03
2.370000e-06	1.662720e-06	2.124070e-08	1.186533e+01	1.387255e+03
2.380000e-06	1.513135e-06	2.054166e-08	1.079787e+01	1.341288e+03
2.390000e-06	1.363085e-06	1.981533e-08	9.727102e+00	1.293773e+03
2.400000e-06	1.212599e-06	1.906273e-08	8.653218e+00	1.244566e+03
2.410000e-06	1.061683e-06	1.827263e-08	7.576268e+00	1.193405e+03
2.420000e-06	9.104045e-07	1.744301e-08	6.496732e+00	1.139959e+03
2.430000e-06	7.588516e-07	1.657795e-08	5.415237e+00	1.083905e+03
2.440000e-06	6.070691e-07	1.567996e-08	4.332102e+00	1.025011e+03
2.450000e-06	4.550688e-07	1.474362e-08	3.247414e+00	9.632054e+02
2.460000e-06	3.028964e-07	1.377182e-08	2.161497e+00	8.985925e+02
2.470000e-06	1.505686e-07	1.276447e-08	1.074472e+00	8.314170e+02
2.480000e-06	-1.873319e-09	1.171463e-08	-1.336818e-02	7.619627e+02
2.490000e-06	-1.543430e-07	1.062196e-08	-1.101406e+00	6.904129e+02
2.500000e-06	-3.067462e-07	9.487862e-09	-2.188970e+00	6.167043e+02
2.510000e-06	-4.590143e-07	8.306215e-09	-3.275570e+00	5.404146e+02
2.520000e-06	-6.111428e-07	7.068261e-09	-4.361173e+00	4.607248e+02
2.530000e-06	-7.630699e-07	5.770043e-09	-5.445339e+00	3.764804e+02
2.540000e-06	-9.147483e-07	4.397526e-09	-6.527730e+00	2.863541e+02
2.550000e-06	-1.066159e-06	2.928781e-09	-7.608213e+00	1.890909e+02
2.560000e-06	-1.217245e-06	1.348832e-09	-8.686375e+00	8.379058e+01
2.570000e-06	-1.367886e-06	-3.536585e-10	-9.761362e+00	-2.982901e+01
2.580000e-06	-1.517944e-06	-2.186809e-09	-1.083219e+01	-1.512446e+02
2.590000e-06	-1.667395e-06	-4.141371e-09	-1.189869e+01	-2.790629e+02
2.600000e-06	-1.816314e-06	-6.184173e-09	-1.296139e+01	-4.110994e+02
2.610000e-06	-1.964614e-06	-8.258288e-09	-1.401967e+01	-5.445952e+02
2.620000e-06	-2.112082e-06	-1.030133e-08	-1.507201e+01	-6.765342e+02
2.630000e-06	-2.258708e-06	-1.225926e-08	-1.611835e+01	-8.040045e+02
2.640000e-06	-2.404551e-06	-1.409165e-08	-1.715910e+01	-9.245387e+02
2.650000e-06	-2.549518e-06	-1.578243e-08	-1.819360e+01	-1.036371e+03
2.660000e-06	-2.693527e-06	-1.732948e-08	-1.922126e+01	-1.138571e+03
2.670000e-06	-2.836471e-06	-1.873681e-08	-2.024132e+01	-1.231033e+03
2.680000e-06	-2.978218e-06	-2.001579e-08	-2.125284e+01	-1.314347e+03
2.690000e-06	-3.118772e-06	-2.118117e-08	-2.225585e+01	-1.389570e+03
2.700000e-06	-3.258064e-06	-2.224828e-08	-2.324985e+01	-1.457969e+03
2.710000e-06	-3.396106e-06	-2.322835e-08	-2.423493e+01	-1.520776e+03
2.720000e-06	-3.532945e-06	-2.413175e-08	-2.521143e+01	-1.579014e+03
2.730000e-06	-3.668437e-06	-2.496684e-08	-2.617831e+01	-1.633400e+03
2.740000e-06	-3.802587e-06	-2.574018e-08	-2.713562e+01	-1.684349e+03
2.750000e-06	-3.935446e-06	-2.645961e-08	-2.808371e+01	-1.732044e+03
2.760000e-06	-4.066858e-06	-2.712946e-08	-2.902148e+01	-1.776548e+03
2.770000e-06	-4.196851e-06	-2.775449e-08	-2.994912e+01	-1.817918e+03
2.780000e-06	-4.325473e-06	-2.834250e-08	-3.086698e+01	-1.856292e+03
2.790000e-06	-4.452543e-06	-2.889796e-08	-3.177377e+01	-1.891921e+03
2.800000e-06	-4.578067e-06	-2.942035e-08	-3.266952e+01	-1.925161e+03
2.810000e-06	-4.702038e-06	-2.990913e-08	-3.355418e+01	-1.956414e+03
2.820000e-06	-4.824331e-06	-3.036882e-08	-3.442688e+01	-1.986062e+03
2.830000e-06	-4.944860e-06	-3.080625e-08	-3.528699e+01	-2.014398e+03
2.840000e-06	-5.063521e-06	-3.122240e-08	-3.613376e+01	-2.041592e+03
2.850000e-06	-5.180193e-06	-3.161861e-08	-3.696635e+01	-2.067684e+03
2.860000e-06	-5.294788e-06	-3.199620e-08	-3.778411e+01	-2.092622e+03
2.870000e-06	-5.407221e-06	-3.235185e-08	-3.858644e+01	-2.116313e+03
2.880000e-06	-5.517538e-06	-3.268599e-08	-3.937367e+01	-2.138681e+03
2.890000e-06	-5.625920e-06	-3.300290e-08	-4.014709e+01	-2.159718e+03
2.900000e-06	-5.732407e-06	-3.330849e-08	-4.090700e+01	-2.179498e+03
2.910000e-06	-5.836860e-06	-3.360323e-08	-4.165238e+01	-2.198173e+03
2.920000e-06	-5.939077e-06	-3.388501e-08	-4.238181e+01	-2.215935e+03
2.930000e-06	-6.039059e-06	-3.415366e-08	-4.309530e+01	-2.232971e+03
2.940000e-06	-6.136954e-06	-3.440898e-08	-4.379388e+01	-2.249422e+03
2.950000e-06	-6.232672e-06	-3.465142e-08	-4.447693e+01	-2.265350e+03
2.960000e-06	-6.326102e-06	-3.488298e-08	-4.514366e+01	-2.280741e+03
2.970000e-06	-6.417303e-06	-3.510503e-08	-4.579448e+01	-2.295521e+03
2.980000e-06	-6.506221e-06	-3.531655e-08	-4.642900e+01	-2.309592e+03
2.990000e-06	-6.592700e-06	-3.551546e-08	-4.704613e+01	-2.322875e+03
3.000000e-06	-6.676729e-06	-3.570426e-08	-4.764576e+01	-2.335343e+03
3.010000e-06	-6.758457e-06	-3.588651e-08	-4.822898e+01	-2.347033e+03
3.020000e-06	-6.837722e-06	-3.605897e-08	-4.879463e+01	-2.358040e+03
3.030000e-06	-6.914284e-06	-3.622152e-08	-4.934098e+01	-2.368491e+03
3.040000e-06	-6.988325e-06	-3.637783e-08	-4.986935e+01	-2.378511e+03
3.050000e-06	-7.059915e-06	-3.652804e-08	-5.038022e+01	-2.388188e+03
3.060000e-06	-7.128907e-06	-3.666908e-08	-5.087255e+01	-2.397551e+03
3.070000e-06	-7.195342e-06	-3.680018e-08	-5.134664e+01	-2.406566e+03
3.080000e-06	-7.259324e-06	-3.692378e-08	-5.180322e+01	-2.415153e+03
3.090000e-06	-7.320737e-06	-3.704080e-08	-5.224147e+01	-2.423213e+03
3.100000e-06	-7.379510e-06	-3.715149e-08	-5.266088e+01	-2.430664e+03
3.110000e-06	-7.435635e-06	-3.725231e-08	-5.306139e+01	-2.437467e+03
3.120000e-06	-7.488933e-06	-3.734642e-08	-5.344173e+01	-2.443642e+03
3.130000e-06	-7.539194e-06	-3.743515e-08	-5.380039e+01	-2.449261e+03
3.140000e-06	-7.586480e-06	-3.751815e-08	-5.413783e+01	-2.454430e+03
3.150000e-06	-7.631217e-06	-3.759615e-08	-5.445709e+01	-2.459262e+03
3.160000e-06	-7.673558e-06	-3.766924e-08	-5.475923e+01	-2.463843e+03
3.170000e-06	-7.713200e-06	-3.773658e-08	-5.504212e+01	-2.468213e+03
3.180000e-06	-7.750075e-06	-3.779491e-08	-5.530527e+01	-2.472359e+03
3.190000e-06	-7.784231e-06	-3.784909e-08	-5.554900e+01	-2.476221e+03
3.200000e-06	-7.815470e-06	-3.789944e-08	-5.577193e+01	-2.479718e+03
3.210000e-06	-7.843806e-06	-3.794463e-08	-5.597414e+01	-2.482771e+03
3.220000e-06	-7.869424e-06	-3.798272e-08	-5.615695e+01	-2.485328e+03
3.230000e-06	-7.892225e-06	-3.801440e-08	-5.631966e+01	-2.487380e+03
3.240000e-06	-7.912161e-06	-3.804002e-08	-5.646193e+01	-2.488961e+03
3.250000e-06	-7.929301e-06	-3.806071e-08	-5.658424e+01	-2.490139e+03
3.260000e-06	-7.943358e-06	-3.807700e-08	-5.668455e+01	-2.490990e+03
3.270000e-06	-7.954291e-06	-3.808712e-08	-5.676257e+01	-2.491584e+03
3.280000e-06	-7.962349e-06	-3.809109e-08	-5.682007e+01	-2.491963e+03
3.290000e-06	-7.967538e-06	-3.809014e-08	-5.685710e+01	-2.492133e+03
3.300000e-06	-7.969959e-06	-3.808363e-08	-5.687438e+01	-2.492073e+03
