# Temperatura_=_69.76
# Concentracion g/m^3_=_20000.0
# C_Vs_to_Am_M_A/Vsm_=_65563218390.804596
# pendiente_HvsI_1/m_=_3716.3
# ordenada_HvsI_A/m_=_1297.0
# frecuencia_Hz_=_301598.8627780964

Tiempo_(s)	Campo_(V.s)	Magnetizacion_(V.s)	Campo_(kA/m)	Magnetizacion_(A/m)
0.000000e+00	-5.260165e-06	-1.878103e-08	-3.833825e+01	-1.228629e+03
1.000000e-08	-5.257972e-06	-1.877385e-08	-3.832226e+01	-1.228188e+03
2.000000e-08	-5.254024e-06	-1.876290e-08	-3.829349e+01	-1.227540e+03
3.000000e-08	-5.248451e-06	-1.874703e-08	-3.825287e+01	-1.226677e+03
4.000000e-08	-5.241325e-06	-1.872824e-08	-3.820093e+01	-1.225585e+03
5.000000e-08	-5.232504e-06	-1.870794e-08	-3.813664e+01	-1.224244e+03
6.000000e-08	-5.221682e-06	-1.868515e-08	-3.805777e+01	-1.222635e+03
7.000000e-08	-5.208977e-06	-1.865932e-08	-3.796516e+01	-1.220752e+03
8.000000e-08	-5.194340e-06	-1.862830e-08	-3.785849e+01	-1.218597e+03
9.000000e-08	-5.177494e-06	-1.860720e-08	-3.773570e+01	-1.216193e+03
1.000000e-07	-5.158575e-06	-1.857835e-08	-3.759782e+01	-1.213575e+03
1.100000e-07	-5.137769e-06	-1.851500e-08	-3.744617e+01	-1.210794e+03
1.200000e-07	-5.115266e-06	-1.845023e-08	-3.728216e+01	-1.207898e+03
1.300000e-07	-5.091354e-06	-1.839615e-08	-3.710788e+01	-1.204936e+03
1.400000e-07	-5.065929e-06	-1.834611e-08	-3.692257e+01	-1.201937e+03
1.500000e-07	-5.038780e-06	-1.834033e-08	-3.672470e+01	-1.198910e+03
1.600000e-07	-5.010115e-06	-1.827468e-08	-3.651578e+01	-1.195834e+03
1.700000e-07	-4.979995e-06	-1.818646e-08	-3.629625e+01	-1.192664e+03
1.800000e-07	-4.948014e-06	-1.816063e-08	-3.606316e+01	-1.189337e+03
1.900000e-07	-4.914025e-06	-1.807642e-08	-3.581543e+01	-1.185776e+03
2.000000e-07	-4.878456e-06	-1.802965e-08	-3.555619e+01	-1.181905e+03
2.100000e-07	-4.841346e-06	-1.802847e-08	-3.528572e+01	-1.177663e+03
2.200000e-07	-4.802463e-06	-1.793452e-08	-3.500232e+01	-1.173008e+03
2.300000e-07	-4.761728e-06	-1.784793e-08	-3.470543e+01	-1.167925e+03
2.400000e-07	-4.719049e-06	-1.774081e-08	-3.439437e+01	-1.162424e+03
2.500000e-07	-4.674618e-06	-1.758261e-08	-3.407054e+01	-1.156541e+03
2.600000e-07	-4.628460e-06	-1.751971e-08	-3.373412e+01	-1.150320e+03
2.700000e-07	-4.580485e-06	-1.745754e-08	-3.338446e+01	-1.143814e+03
2.800000e-07	-4.530553e-06	-1.734851e-08	-3.302054e+01	-1.137066e+03
2.900000e-07	-4.478493e-06	-1.723459e-08	-3.264110e+01	-1.130108e+03
3.000000e-07	-4.424653e-06	-1.710695e-08	-3.224869e+01	-1.122953e+03
3.100000e-07	-4.369328e-06	-1.700368e-08	-3.184546e+01	-1.115597e+03
3.200000e-07	-4.312314e-06	-1.691050e-08	-3.142992e+01	-1.108025e+03
3.300000e-07	-4.253560e-06	-1.679037e-08	-3.100169e+01	-1.100212e+03
3.400000e-07	-4.193333e-06	-1.665301e-08	-3.056273e+01	-1.092134e+03
3.500000e-07	-4.131736e-06	-1.652431e-08	-3.011379e+01	-1.083770e+03
3.600000e-07	-4.068810e-06	-1.639840e-08	-2.965516e+01	-1.075112e+03
3.700000e-07	-4.004526e-06	-1.626283e-08	-2.918663e+01	-1.066159e+03
3.800000e-07	-3.938592e-06	-1.612774e-08	-2.870607e+01	-1.056919e+03
3.900000e-07	-3.871018e-06	-1.596529e-08	-2.821357e+01	-1.047406e+03
4.000000e-07	-3.802122e-06	-1.579771e-08	-2.771143e+01	-1.037633e+03
4.100000e-07	-3.732056e-06	-1.566933e-08	-2.720076e+01	-1.027608e+03
4.200000e-07	-3.660890e-06	-1.553334e-08	-2.668207e+01	-1.017336e+03
4.300000e-07	-3.588461e-06	-1.538204e-08	-2.615418e+01	-1.006812e+03
4.400000e-07	-3.514463e-06	-1.521036e-08	-2.561485e+01	-9.960264e+02
4.500000e-07	-3.438917e-06	-1.501222e-08	-2.506424e+01	-9.849653e+02
4.600000e-07	-3.362076e-06	-1.481608e-08	-2.450419e+01	-9.736159e+02
4.700000e-07	-3.284021e-06	-1.465126e-08	-2.393530e+01	-9.619680e+02
4.800000e-07	-3.204664e-06	-1.450062e-08	-2.335691e+01	-9.500164e+02
4.900000e-07	-3.123975e-06	-1.431545e-08	-2.276882e+01	-9.377607e+02
5.000000e-07	-3.042074e-06	-1.410946e-08	-2.217189e+01	-9.252046e+02
5.100000e-07	-2.959160e-06	-1.390293e-08	-2.156758e+01	-9.123532e+02
5.200000e-07	-2.875381e-06	-1.369691e-08	-2.095696e+01	-8.992106e+02
5.300000e-07	-2.790718e-06	-1.348732e-08	-2.033990e+01	-8.857774e+02
5.400000e-07	-2.705146e-06	-1.328223e-08	-1.971621e+01	-8.720500e+02
5.500000e-07	-2.618717e-06	-1.307479e-08	-1.908629e+01	-8.580203e+02
5.600000e-07	-2.531443e-06	-1.284606e-08	-1.845019e+01	-8.436768e+02
5.700000e-07	-2.443246e-06	-1.261894e-08	-1.780738e+01	-8.290074e+02
5.800000e-07	-2.354007e-06	-1.240743e-08	-1.715697e+01	-8.140011e+02
5.900000e-07	-2.263678e-06	-1.217986e-08	-1.649862e+01	-7.986500e+02
6.000000e-07	-2.172444e-06	-1.192069e-08	-1.583367e+01	-7.829509e+02
6.100000e-07	-2.080485e-06	-1.166325e-08	-1.516343e+01	-7.669041e+02
6.200000e-07	-1.987838e-06	-1.142005e-08	-1.448818e+01	-7.505134e+02
6.300000e-07	-1.894522e-06	-1.116928e-08	-1.380806e+01	-7.337832e+02
6.400000e-07	-1.800547e-06	-1.090839e-08	-1.312313e+01	-7.167168e+02
6.500000e-07	-1.706013e-06	-1.064530e-08	-1.243412e+01	-6.993147e+02
6.600000e-07	-1.610949e-06	-1.036996e-08	-1.174126e+01	-6.815733e+02
6.700000e-07	-1.515311e-06	-1.008159e-08	-1.104421e+01	-6.634852e+02
6.800000e-07	-1.419121e-06	-9.801002e-09	-1.034314e+01	-6.450395e+02
6.900000e-07	-1.322331e-06	-9.528174e-09	-9.637693e+00	-6.262238e+02
7.000000e-07	-1.224907e-06	-9.240346e-09	-8.927629e+00	-6.070256e+02
7.100000e-07	-1.126953e-06	-8.933803e-09	-8.213697e+00	-5.874337e+02
7.200000e-07	-1.028593e-06	-8.623686e-09	-7.496808e+00	-5.674394e+02
7.300000e-07	-9.298655e-07	-8.308827e-09	-6.777242e+00	-5.470364e+02
7.400000e-07	-8.307737e-07	-7.985108e-09	-6.055020e+00	-5.262202e+02
7.500000e-07	-7.314384e-07	-7.659597e-09	-5.331024e+00	-5.049877e+02
7.600000e-07	-6.319329e-07	-7.332312e-09	-4.605787e+00	-4.833359e+02
7.700000e-07	-5.322540e-07	-6.993774e-09	-3.879286e+00	-4.612608e+02
7.800000e-07	-4.324297e-07	-6.647719e-09	-3.151725e+00	-4.387573e+02
7.900000e-07	-3.324583e-07	-6.303503e-09	-2.423092e+00	-4.158190e+02
8.000000e-07	-2.323851e-07	-5.951640e-09	-1.693718e+00	-3.924388e+02
8.100000e-07	-1.322463e-07	-5.583989e-09	-9.638655e-01	-3.686092e+02
8.200000e-07	-3.202788e-08	-5.207480e-09	-2.334324e-01	-3.443230e+02
8.300000e-07	6.822586e-08	-4.830660e-09	4.972581e-01	-3.195725e+02
8.400000e-07	1.684328e-07	-4.447174e-09	1.227607e+00	-2.943486e+02
8.500000e-07	2.685654e-07	-4.053477e-09	1.957415e+00	-2.686394e+02
8.600000e-07	3.686523e-07	-3.653850e-09	2.686889e+00	-2.424269e+02
8.700000e-07	4.686475e-07	-3.246158e-09	3.415696e+00	-2.156850e+02
8.800000e-07	5.684940e-07	-2.827910e-09	4.143418e+00	-1.883763e+02
8.900000e-07	6.682254e-07	-2.400304e-09	4.870302e+00	-1.604510e+02
9.000000e-07	7.678405e-07	-1.965386e-09	5.596337e+00	-1.318464e+02
9.100000e-07	8.672596e-07	-1.520174e-09	6.320945e+00	-1.024889e+02
9.200000e-07	9.663786e-07	-1.060036e-09	7.043364e+00	-7.229795e+01
9.300000e-07	1.065154e-06	-5.836499e-10	7.763281e+00	-4.119241e+01
9.400000e-07	1.163528e-06	-9.280338e-11	8.480272e+00	-9.098241e+00
9.500000e-07	1.261331e-06	4.115761e-10	9.193101e+00	2.404220e+01
9.600000e-07	1.358445e-06	9.307766e-10	9.900905e+00	5.826082e+01
9.700000e-07	1.454870e-06	1.466522e-09	1.060369e+01	9.355532e+01
9.800000e-07	1.550684e-06	2.018124e-09	1.130202e+01	1.298825e+02
9.900000e-07	1.645920e-06	2.583924e-09	1.199614e+01	1.671542e+02
1.000000e-06	1.740560e-06	3.166188e-09	1.268592e+01	2.052373e+02
1.010000e-06	1.834644e-06	3.759966e-09	1.337164e+01	2.439565e+02
1.020000e-06	1.928125e-06	4.356742e-09	1.405297e+01	2.831016e+02
1.030000e-06	2.020934e-06	4.952003e-09	1.472939e+01	3.224372e+02
1.040000e-06	2.113114e-06	5.545223e-09	1.540125e+01	3.617146e+02
1.050000e-06	2.204609e-06	6.134058e-09	1.606809e+01	4.006851e+02
1.060000e-06	2.295376e-06	6.715533e-09	1.672964e+01	4.391117e+02
1.070000e-06	2.385335e-06	7.288069e-09	1.738530e+01	4.767805e+02
1.080000e-06	2.474220e-06	7.847436e-09	1.803313e+01	5.135088e+02
1.090000e-06	2.562006e-06	8.390345e-09	1.867295e+01	5.491503e+02
1.100000e-06	2.648910e-06	8.917227e-09	1.930634e+01	5.835969e+02
1.110000e-06	2.734991e-06	9.425334e-09	1.993374e+01	6.167775e+02
1.120000e-06	2.820146e-06	9.910257e-09	2.055438e+01	6.486545e+02
1.130000e-06	2.904371e-06	1.037301e-08	2.116825e+01	6.792186e+02
1.140000e-06	2.987779e-06	1.081541e-08	2.177616e+01	7.084820e+02
1.150000e-06	3.070271e-06	1.123957e-08	2.237740e+01	7.364732e+02
1.160000e-06	3.151562e-06	1.164400e-08	2.296988e+01	7.632305e+02
1.170000e-06	3.231587e-06	1.203141e-08	2.355313e+01	7.887981e+02
1.180000e-06	3.310497e-06	1.240513e-08	2.412826e+01	8.132222e+02
1.190000e-06	3.388260e-06	1.276258e-08	2.469503e+01	8.365492e+02
1.200000e-06	3.464841e-06	1.310252e-08	2.525318e+01	8.588238e+02
1.210000e-06	3.540244e-06	1.342573e-08	2.580275e+01	8.800894e+02
1.220000e-06	3.614227e-06	1.373514e-08	2.634197e+01	9.003871e+02
1.230000e-06	3.686631e-06	1.403067e-08	2.686968e+01	9.197569e+02
1.240000e-06	3.757615e-06	1.431009e-08	2.738704e+01	9.382375e+02
1.250000e-06	3.827323e-06	1.457677e-08	2.789510e+01	9.558671e+02
1.260000e-06	3.895781e-06	1.483189e-08	2.839405e+01	9.726835e+02
1.270000e-06	3.962958e-06	1.507391e-08	2.888367e+01	9.887242e+02
1.280000e-06	4.028598e-06	1.530234e-08	2.936208e+01	1.004026e+03
1.290000e-06	4.092565e-06	1.552125e-08	2.982830e+01	1.018626e+03
1.300000e-06	4.155058e-06	1.573306e-08	3.028377e+01	1.032559e+03
1.310000e-06	4.216182e-06	1.593650e-08	3.072927e+01	1.045858e+03
1.320000e-06	4.275947e-06	1.612982e-08	3.116486e+01	1.058553e+03
1.330000e-06	4.334293e-06	1.631263e-08	3.159011e+01	1.070669e+03
1.340000e-06	4.390908e-06	1.648894e-08	3.200274e+01	1.082229e+03
1.350000e-06	4.445802e-06	1.665667e-08	3.240283e+01	1.093251e+03
1.360000e-06	4.499119e-06	1.681477e-08	3.279143e+01	1.103751e+03
1.370000e-06	4.550722e-06	1.696610e-08	3.316753e+01	1.113741e+03
1.380000e-06	4.600359e-06	1.711248e-08	3.352931e+01	1.123231e+03
1.390000e-06	4.648077e-06	1.725261e-08	3.387710e+01	1.132232e+03
1.400000e-06	4.694175e-06	1.738372e-08	3.421308e+01	1.140754e+03
1.410000e-06	4.738736e-06	1.750658e-08	3.453785e+01	1.148809e+03
1.420000e-06	4.781728e-06	1.762186e-08	3.485120e+01	1.156411e+03
1.430000e-06	4.822852e-06	1.773029e-08	3.515093e+01	1.163574e+03
1.440000e-06	4.862153e-06	1.783300e-08	3.543737e+01	1.170312e+03
1.450000e-06	4.899911e-06	1.793074e-08	3.571257e+01	1.176640e+03
1.460000e-06	4.936070e-06	1.802217e-08	3.597611e+01	1.182572e+03
1.470000e-06	4.970561e-06	1.810452e-08	3.622749e+01	1.188121e+03
1.480000e-06	5.003184e-06	1.817939e-08	3.646526e+01	1.193301e+03
1.490000e-06	5.033986e-06	1.825028e-08	3.668976e+01	1.198124e+03
1.500000e-06	5.063161e-06	1.831844e-08	3.690240e+01	1.202600e+03
1.510000e-06	5.090663e-06	1.838355e-08	3.710284e+01	1.206740e+03
1.520000e-06	5.116279e-06	1.844290e-08	3.728954e+01	1.210555e+03
1.530000e-06	5.139893e-06	1.849681e-08	3.746165e+01	1.214053e+03
1.540000e-06	5.161661e-06	1.854386e-08	3.762031e+01	1.217238e+03
1.550000e-06	5.181711e-06	1.858350e-08	3.776644e+01	1.220114e+03
1.560000e-06	5.199983e-06	1.861943e-08	3.789961e+01	1.222681e+03
1.570000e-06	5.216312e-06	1.865141e-08	3.801862e+01	1.224937e+03
1.580000e-06	5.230729e-06	1.867968e-08	3.812371e+01	1.226878e+03
1.590000e-06	5.243270e-06	1.870518e-08	3.821511e+01	1.228503e+03
1.600000e-06	5.253728e-06	1.872700e-08	3.829133e+01	1.229814e+03
1.610000e-06	5.262041e-06	1.874305e-08	3.835192e+01	1.230816e+03
1.620000e-06	5.268428e-06	1.875257e-08	3.839847e+01	1.231523e+03
1.630000e-06	5.273075e-06	1.875777e-08	3.843234e+01	1.231953e+03
1.640000e-06	5.275958e-06	1.875902e-08	3.845335e+01	1.232127e+03
1.650000e-06	5.276870e-06	1.875807e-08	3.846000e+01	1.232066e+03
1.660000e-06	5.275902e-06	1.875492e-08	3.845294e+01	1.231788e+03
1.670000e-06	5.273279e-06	1.874680e-08	3.843382e+01	1.231301e+03
1.680000e-06	5.269091e-06	1.873736e-08	3.840330e+01	1.230608e+03
1.690000e-06	5.263146e-06	1.872544e-08	3.835997e+01	1.229697e+03
1.700000e-06	5.255294e-06	1.870848e-08	3.830274e+01	1.228552e+03
1.710000e-06	5.245800e-06	1.868900e-08	3.823354e+01	1.227154e+03
1.720000e-06	5.234767e-06	1.866463e-08	3.815313e+01	1.225487e+03
1.730000e-06	5.221992e-06	1.863581e-08	3.806003e+01	1.223543e+03
1.740000e-06	5.207195e-06	1.858708e-08	3.795218e+01	1.221332e+03
1.750000e-06	5.190088e-06	1.852555e-08	3.782749e+01	1.218878e+03
1.760000e-06	5.170489e-06	1.850790e-08	3.768465e+01	1.216220e+03
1.770000e-06	5.148466e-06	1.848360e-08	3.752413e+01	1.213409e+03
1.780000e-06	5.124745e-06	1.845110e-08	3.735125e+01	1.210495e+03
1.790000e-06	5.100233e-06	1.839685e-08	3.717259e+01	1.207523e+03
1.800000e-06	5.074603e-06	1.828683e-08	3.698579e+01	1.204517e+03
1.810000e-06	5.047193e-06	1.830703e-08	3.678602e+01	1.201481e+03
1.820000e-06	5.018232e-06	1.830850e-08	3.657494e+01	1.198389e+03
1.830000e-06	4.987488e-06	1.820483e-08	3.635087e+01	1.195191e+03
1.840000e-06	4.954583e-06	1.819349e-08	3.611103e+01	1.191819e+03
1.850000e-06	4.919976e-06	1.809879e-08	3.585880e+01	1.188197e+03
1.860000e-06	4.883780e-06	1.796462e-08	3.559500e+01	1.184251e+03
1.870000e-06	4.845667e-06	1.795477e-08	3.531721e+01	1.179922e+03
1.880000e-06	4.805730e-06	1.786994e-08	3.502613e+01	1.175175e+03
1.890000e-06	4.764007e-06	1.784464e-08	3.472204e+01	1.170000e+03
1.900000e-06	4.720598e-06	1.783829e-08	3.440566e+01	1.164413e+03
1.910000e-06	4.675640e-06	1.765966e-08	3.407798e+01	1.158452e+03
1.920000e-06	4.628885e-06	1.756863e-08	3.373722e+01	1.152166e+03
1.930000e-06	4.580505e-06	1.746958e-08	3.338460e+01	1.145604e+03
1.940000e-06	4.530534e-06	1.734419e-08	3.302039e+01	1.138808e+03
1.950000e-06	4.478716e-06	1.729331e-08	3.264272e+01	1.131806e+03
1.960000e-06	4.424934e-06	1.716775e-08	3.225074e+01	1.124608e+03
1.970000e-06	4.369245e-06	1.705962e-08	3.184485e+01	1.117207e+03
1.980000e-06	4.311950e-06	1.692802e-08	3.142726e+01	1.109585e+03
1.990000e-06	4.253175e-06	1.678067e-08	3.099889e+01	1.101716e+03
2.000000e-06	4.193063e-06	1.668502e-08	3.056076e+01	1.093578e+03
2.010000e-06	4.131564e-06	1.654170e-08	3.011254e+01	1.085151e+03
2.020000e-06	4.068363e-06	1.642853e-08	2.965190e+01	1.076428e+03
2.030000e-06	4.003535e-06	1.629067e-08	2.917941e+01	1.067412e+03
2.040000e-06	3.937227e-06	1.614802e-08	2.869613e+01	1.058112e+03
2.050000e-06	3.869633e-06	1.601264e-08	2.820348e+01	1.048541e+03
2.060000e-06	3.800832e-06	1.583118e-08	2.770203e+01	1.038713e+03
2.070000e-06	3.730478e-06	1.569359e-08	2.718926e+01	1.028634e+03
2.080000e-06	3.658577e-06	1.550991e-08	2.666521e+01	1.018308e+03
2.090000e-06	3.585411e-06	1.533851e-08	2.613195e+01	1.007729e+03
2.100000e-06	3.511083e-06	1.522044e-08	2.559022e+01	9.968841e+02
2.110000e-06	3.435518e-06	1.507360e-08	2.503947e+01	9.857615e+02
2.120000e-06	3.358537e-06	1.488857e-08	2.447840e+01	9.743481e+02
2.130000e-06	3.280109e-06	1.466640e-08	2.390678e+01	9.626347e+02
2.140000e-06	3.200346e-06	1.448313e-08	2.332544e+01	9.506170e+02
2.150000e-06	3.119448e-06	1.429533e-08	2.273582e+01	9.382959e+02
2.160000e-06	3.037481e-06	1.410795e-08	2.213841e+01	9.256754e+02
2.170000e-06	2.954491e-06	1.394783e-08	2.153354e+01	9.127605e+02
2.180000e-06	2.870584e-06	1.376310e-08	2.092199e+01	8.995550e+02
2.190000e-06	2.785712e-06	1.353397e-08	2.030342e+01	8.860585e+02
2.200000e-06	2.699646e-06	1.329622e-08	1.967613e+01	8.722665e+02
2.210000e-06	2.612349e-06	1.310487e-08	1.903987e+01	8.581698e+02
2.220000e-06	2.524087e-06	1.289556e-08	1.839658e+01	8.437568e+02
2.230000e-06	2.434977e-06	1.264611e-08	1.774711e+01	8.290153e+02
2.240000e-06	2.345062e-06	1.240968e-08	1.709178e+01	8.139349e+02
2.250000e-06	2.254373e-06	1.219360e-08	1.643080e+01	7.985087e+02
2.260000e-06	2.162969e-06	1.195756e-08	1.576461e+01	7.827341e+02
2.270000e-06	2.070913e-06	1.170408e-08	1.509367e+01	7.666126e+02
2.280000e-06	1.978196e-06	1.146495e-08	1.441790e+01	7.501480e+02
2.290000e-06	1.884710e-06	1.120952e-08	1.373654e+01	7.333448e+02
2.300000e-06	1.790416e-06	1.093145e-08	1.304929e+01	7.162059e+02
2.310000e-06	1.695323e-06	1.066873e-08	1.235621e+01	6.987308e+02
2.320000e-06	1.599561e-06	1.042365e-08	1.165826e+01	6.809152e+02
2.330000e-06	1.503342e-06	1.014930e-08	1.095698e+01	6.627507e+02
2.340000e-06	1.406679e-06	9.842183e-09	1.025245e+01	6.442261e+02
2.350000e-06	1.309583e-06	9.541267e-09	9.544781e+00	6.253287e+02
2.360000e-06	1.212090e-06	9.251667e-09	8.834209e+00	6.060463e+02
2.370000e-06	1.114179e-06	8.959090e-09	8.120598e+00	5.863681e+02
2.380000e-06	1.015882e-06	8.665389e-09	7.404168e+00	5.662860e+02
2.390000e-06	9.172977e-07	8.368176e-09	6.685642e+00	5.457939e+02
2.400000e-06	8.184940e-07	8.046081e-09	5.965521e+00	5.248881e+02
2.410000e-06	7.194653e-07	7.707499e-09	5.243759e+00	5.035653e+02
2.420000e-06	6.201974e-07	7.376825e-09	4.520253e+00	4.818225e+02
2.430000e-06	5.207605e-07	7.047512e-09	3.795517e+00	4.596553e+02
2.440000e-06	4.211791e-07	6.699834e-09	3.069727e+00	4.370584e+02
2.450000e-06	3.214481e-07	6.340352e-09	2.342846e+00	4.140253e+02
2.460000e-06	2.215955e-07	5.984946e-09	1.615079e+00	3.905488e+02
2.470000e-06	1.216540e-07	5.627646e-09	8.866640e-01	3.666213e+02
2.480000e-06	2.167441e-08	5.258797e-09	1.579720e-01	3.422355e+02
2.490000e-06	-7.830354e-08	4.879366e-09	-5.707084e-01	3.173836e+02
2.500000e-06	-1.782651e-07	4.490199e-09	-1.299270e+00	2.920562e+02
2.510000e-06	-2.781881e-07	4.092235e-09	-2.027549e+00	2.662402e+02
2.520000e-06	-3.780439e-07	3.692648e-09	-2.755339e+00	2.399161e+02
2.530000e-06	-4.778007e-07	3.291228e-09	-3.482408e+00	2.130555e+02
2.540000e-06	-5.774419e-07	2.878264e-09	-4.208634e+00	1.856186e+02
2.550000e-06	-6.769149e-07	2.446604e-09	-4.933634e+00	1.575527e+02
2.560000e-06	-7.761400e-07	2.001070e-09	-5.656827e+00	1.287925e+02
2.570000e-06	-8.750986e-07	1.548018e-09	-6.378078e+00	9.926265e+01
2.580000e-06	-9.737109e-07	1.085497e-09	-7.096805e+00	6.888175e+01
2.590000e-06	-1.071975e-06	6.123385e-10	-7.812995e+00	3.756946e+01
2.600000e-06	-1.169874e-06	1.225909e-10	-8.526521e+00	5.254479e+00
2.610000e-06	-1.267303e-06	-3.882853e-10	-9.236627e+00	-2.811608e+01
2.620000e-06	-1.364280e-06	-9.167511e-10	-9.943432e+00	-6.256748e+01
2.630000e-06	-1.460886e-06	-1.461007e-09	-1.064754e+01	-9.808911e+01
2.640000e-06	-1.557083e-06	-2.019376e-09	-1.134866e+01	-1.346284e+02
2.650000e-06	-1.652781e-06	-2.589992e-09	-1.204615e+01	-1.720874e+02
2.660000e-06	-1.747853e-06	-3.172978e-09	-1.273907e+01	-2.103236e+02
2.670000e-06	-1.842105e-06	-3.768399e-09	-1.342602e+01	-2.491535e+02
2.680000e-06	-1.935426e-06	-4.369538e-09	-1.410618e+01	-2.883606e+02
2.690000e-06	-2.027935e-06	-4.969626e-09	-1.478042e+01	-3.277056e+02
2.700000e-06	-2.119748e-06	-5.569980e-09	-1.544960e+01	-3.669387e+02
2.710000e-06	-2.210833e-06	-6.167943e-09	-1.611346e+01	-4.058127e+02
2.720000e-06	-2.301150e-06	-6.755836e-09	-1.677173e+01	-4.440946e+02
2.730000e-06	-2.390639e-06	-7.328589e-09	-1.742396e+01	-4.815768e+02
2.740000e-06	-2.479305e-06	-7.886398e-09	-1.807020e+01	-5.180840e+02
2.750000e-06	-2.567248e-06	-8.429267e-09	-1.871116e+01	-5.534779e+02
2.760000e-06	-2.654449e-06	-8.953039e-09	-1.934672e+01	-5.876587e+02
2.770000e-06	-2.740545e-06	-9.456218e-09	-1.997422e+01	-6.205629e+02
2.780000e-06	-2.825396e-06	-9.940673e-09	-2.059264e+01	-6.521592e+02
2.790000e-06	-2.909318e-06	-1.040371e-08	-2.120430e+01	-6.824436e+02
2.800000e-06	-2.992376e-06	-1.084558e-08	-2.180967e+01	-7.114324e+02
2.810000e-06	-3.074445e-06	-1.126968e-08	-2.240782e+01	-7.391564e+02
2.820000e-06	-3.155453e-06	-1.167605e-08	-2.299824e+01	-7.656556e+02
2.830000e-06	-3.235370e-06	-1.206644e-08	-2.358071e+01	-7.909750e+02
2.840000e-06	-3.314104e-06	-1.244087e-08	-2.415455e+01	-8.151609e+02
2.850000e-06	-3.391415e-06	-1.279551e-08	-2.471802e+01	-8.382593e+02
2.860000e-06	-3.467326e-06	-1.313037e-08	-2.527130e+01	-8.603149e+02
2.870000e-06	-3.541972e-06	-1.344829e-08	-2.581534e+01	-8.813703e+02
2.880000e-06	-3.615369e-06	-1.375430e-08	-2.635030e+01	-9.014666e+02
2.890000e-06	-3.687513e-06	-1.404900e-08	-2.687611e+01	-9.206434e+02
2.900000e-06	-3.758254e-06	-1.433148e-08	-2.739170e+01	-9.389392e+02
2.910000e-06	-3.827458e-06	-1.460349e-08	-2.789608e+01	-9.563920e+02
2.920000e-06	-3.895288e-06	-1.486092e-08	-2.839046e+01	-9.730398e+02
2.930000e-06	-3.961821e-06	-1.510344e-08	-2.887538e+01	-9.889198e+02
2.940000e-06	-4.026979e-06	-1.533515e-08	-2.935028e+01	-1.004069e+03
2.950000e-06	-4.090770e-06	-1.555836e-08	-2.981521e+01	-1.018524e+03
2.960000e-06	-4.152950e-06	-1.577190e-08	-3.026841e+01	-1.032319e+03
2.970000e-06	-4.213437e-06	-1.597390e-08	-3.070926e+01	-1.045487e+03
2.980000e-06	-4.272489e-06	-1.616588e-08	-3.113966e+01	-1.058056e+03
2.990000e-06	-4.330152e-06	-1.635080e-08	-3.155993e+01	-1.070052e+03
3.000000e-06	-4.386336e-06	-1.652787e-08	-3.196942e+01	-1.081496e+03
3.010000e-06	-4.440794e-06	-1.669438e-08	-3.236633e+01	-1.092406e+03
3.020000e-06	-4.493306e-06	-1.685114e-08	-3.274906e+01	-1.102797e+03
3.030000e-06	-4.544024e-06	-1.700068e-08	-3.311871e+01	-1.112679e+03
3.040000e-06	-4.592952e-06	-1.714335e-08	-3.347532e+01	-1.122064e+03
3.050000e-06	-4.640047e-06	-1.727895e-08	-3.381857e+01	-1.130962e+03
3.060000e-06	-4.685540e-06	-1.740618e-08	-3.415014e+01	-1.139384e+03
3.070000e-06	-4.729620e-06	-1.752474e-08	-3.447141e+01	-1.147342e+03
3.080000e-06	-4.772273e-06	-1.763976e-08	-3.478229e+01	-1.154849e+03
3.090000e-06	-4.813357e-06	-1.775145e-08	-3.508172e+01	-1.161920e+03
3.100000e-06	-4.852798e-06	-1.785651e-08	-3.536918e+01	-1.168570e+03
3.110000e-06	-4.890420e-06	-1.795167e-08	-3.564339e+01	-1.174812e+03
3.120000e-06	-4.926251e-06	-1.803956e-08	-3.590454e+01	-1.180662e+03
3.130000e-06	-4.960446e-06	-1.812228e-08	-3.615377e+01	-1.186132e+03
3.140000e-06	-4.992975e-06	-1.819933e-08	-3.639085e+01	-1.191235e+03
3.150000e-06	-5.023633e-06	-1.827369e-08	-3.661430e+01	-1.195983e+03
3.160000e-06	-5.052386e-06	-1.834362e-08	-3.682387e+01	-1.200387e+03
3.170000e-06	-5.079418e-06	-1.840778e-08	-3.702089e+01	-1.204458e+03
3.180000e-06	-5.104694e-06	-1.846408e-08	-3.720510e+01	-1.208205e+03
3.190000e-06	-5.128166e-06	-1.851552e-08	-3.737618e+01	-1.211636e+03
3.200000e-06	-5.149689e-06	-1.856438e-08	-3.753305e+01	-1.214755e+03
3.210000e-06	-5.169334e-06	-1.860927e-08	-3.767623e+01	-1.217566e+03
3.220000e-06	-5.187269e-06	-1.864941e-08	-3.780695e+01	-1.220068e+03
3.230000e-06	-5.203362e-06	-1.868281e-08	-3.792424e+01	-1.222257e+03
3.240000e-06	-5.217326e-06	-1.871084e-08	-3.802602e+01	-1.224131e+03
3.250000e-06	-5.229170e-06	-1.873580e-08	-3.811234e+01	-1.225689e+03
3.260000e-06	-5.239131e-06	-1.875575e-08	-3.818494e+01	-1.226933e+03
3.270000e-06	-5.247248e-06	-1.876937e-08	-3.824410e+01	-1.227872e+03
3.280000e-06	-5.253404e-06	-1.877953e-08	-3.828897e+01	-1.228519e+03
3.290000e-06	-5.257654e-06	-1.878639e-08	-3.831994e+01	-1.228893e+03
3.300000e-06	-5.260145e-06	-1.878923e-08	-3.833810e+01	-1.229015e+03
3.310000e-06	-5.260872e-06	-1.878700e-08	-3.834340e+01	-1.228907e+03
