# Temperatura_=_51.67
# Concentracion g/m^3_=_20000.0
# C_Vs_to_Am_M_A/Vsm_=_65563218390.804596
# pendiente_HvsI_1/m_=_3716.3
# ordenada_HvsI_A/m_=_1297.0
# frecuencia_Hz_=_301605.13110591716

Tiempo_(s)	Campo_(V.s)	Magnetizacion_(V.s)	Campo_(kA/m)	Magnetizacion_(A/m)
0.000000e+00	-5.277769e-06	-1.788287e-08	-3.833611e+01	-1.169432e+03
1.000000e-08	-5.275518e-06	-1.787647e-08	-3.831975e+01	-1.169013e+03
2.000000e-08	-5.271486e-06	-1.786769e-08	-3.829047e+01	-1.168396e+03
3.000000e-08	-5.265835e-06	-1.785508e-08	-3.824942e+01	-1.167570e+03
4.000000e-08	-5.258576e-06	-1.783718e-08	-3.819669e+01	-1.166513e+03
5.000000e-08	-5.249526e-06	-1.781545e-08	-3.813096e+01	-1.165205e+03
6.000000e-08	-5.238488e-06	-1.779033e-08	-3.805078e+01	-1.163635e+03
7.000000e-08	-5.225632e-06	-1.776114e-08	-3.795740e+01	-1.161799e+03
8.000000e-08	-5.210734e-06	-1.774085e-08	-3.784919e+01	-1.159712e+03
9.000000e-08	-5.193546e-06	-1.772750e-08	-3.772434e+01	-1.157404e+03
1.000000e-07	-5.174350e-06	-1.768520e-08	-3.758490e+01	-1.154917e+03
1.100000e-07	-5.153351e-06	-1.762899e-08	-3.743237e+01	-1.152299e+03
1.200000e-07	-5.130682e-06	-1.757052e-08	-3.726771e+01	-1.149595e+03
1.300000e-07	-5.106564e-06	-1.749316e-08	-3.709253e+01	-1.146837e+03
1.400000e-07	-5.080833e-06	-1.748468e-08	-3.690563e+01	-1.144042e+03
1.500000e-07	-5.053386e-06	-1.746490e-08	-3.670625e+01	-1.141201e+03
1.600000e-07	-5.024512e-06	-1.738165e-08	-3.649653e+01	-1.138286e+03
1.700000e-07	-4.994159e-06	-1.737411e-08	-3.627605e+01	-1.135248e+03
1.800000e-07	-4.961819e-06	-1.731209e-08	-3.604114e+01	-1.132032e+03
1.900000e-07	-4.927516e-06	-1.719505e-08	-3.579198e+01	-1.128576e+03
2.000000e-07	-4.891744e-06	-1.716334e-08	-3.553214e+01	-1.124830e+03
2.100000e-07	-4.854335e-06	-1.709369e-08	-3.526041e+01	-1.120754e+03
2.200000e-07	-4.815168e-06	-1.702356e-08	-3.497591e+01	-1.116328e+03
2.300000e-07	-4.774193e-06	-1.699129e-08	-3.467828e+01	-1.111548e+03
2.400000e-07	-4.731299e-06	-1.688259e-08	-3.436671e+01	-1.106426e+03
2.500000e-07	-4.686606e-06	-1.676752e-08	-3.404208e+01	-1.100984e+03
2.600000e-07	-4.640178e-06	-1.667726e-08	-3.370484e+01	-1.095249e+03
2.700000e-07	-4.591963e-06	-1.658859e-08	-3.335462e+01	-1.089244e+03
2.800000e-07	-4.541612e-06	-1.651072e-08	-3.298888e+01	-1.082990e+03
2.900000e-07	-4.489159e-06	-1.642056e-08	-3.260788e+01	-1.076500e+03
3.000000e-07	-4.435053e-06	-1.631370e-08	-3.221487e+01	-1.069779e+03
3.100000e-07	-4.379445e-06	-1.620232e-08	-3.181095e+01	-1.062826e+03
3.200000e-07	-4.322097e-06	-1.609654e-08	-3.139439e+01	-1.055638e+03
3.300000e-07	-4.263034e-06	-1.597443e-08	-3.096538e+01	-1.048209e+03
3.400000e-07	-4.202525e-06	-1.584838e-08	-3.052586e+01	-1.040537e+03
3.500000e-07	-4.140603e-06	-1.574767e-08	-3.007608e+01	-1.032617e+03
3.600000e-07	-4.077325e-06	-1.562716e-08	-2.961644e+01	-1.024449e+03
3.700000e-07	-4.012629e-06	-1.549678e-08	-2.914652e+01	-1.016032e+03
3.800000e-07	-3.946315e-06	-1.537120e-08	-2.866483e+01	-1.007366e+03
3.900000e-07	-3.878432e-06	-1.522362e-08	-2.817175e+01	-9.984515e+02
4.000000e-07	-3.809240e-06	-1.507143e-08	-2.766916e+01	-9.892856e+02
4.100000e-07	-3.738889e-06	-1.492617e-08	-2.715815e+01	-9.798666e+02
4.200000e-07	-3.667428e-06	-1.479339e-08	-2.663908e+01	-9.701917e+02
4.300000e-07	-3.594608e-06	-1.465671e-08	-2.611014e+01	-9.602584e+02
4.400000e-07	-3.520144e-06	-1.450249e-08	-2.556925e+01	-9.500641e+02
4.500000e-07	-3.444191e-06	-1.433047e-08	-2.501756e+01	-9.396063e+02
4.600000e-07	-3.366923e-06	-1.415202e-08	-2.445630e+01	-9.288825e+02
4.700000e-07	-3.288311e-06	-1.398205e-08	-2.388529e+01	-9.178892e+02
4.800000e-07	-3.208398e-06	-1.381600e-08	-2.330483e+01	-9.066220e+02
4.900000e-07	-3.127263e-06	-1.365051e-08	-2.271549e+01	-8.950756e+02
5.000000e-07	-3.044979e-06	-1.347497e-08	-2.211780e+01	-8.832438e+02
5.100000e-07	-2.961752e-06	-1.328403e-08	-2.151326e+01	-8.711206e+02
5.200000e-07	-2.877745e-06	-1.308301e-08	-2.090306e+01	-8.587010e+02
5.300000e-07	-2.792800e-06	-1.288220e-08	-2.028604e+01	-8.459814e+02
5.400000e-07	-2.706834e-06	-1.268476e-08	-1.966162e+01	-8.329598e+02
5.500000e-07	-2.620040e-06	-1.248418e-08	-1.903117e+01	-8.196357e+02
5.600000e-07	-2.532411e-06	-1.227547e-08	-1.839467e+01	-8.060089e+02
5.700000e-07	-2.443765e-06	-1.206420e-08	-1.775076e+01	-7.920785e+02
5.800000e-07	-2.353988e-06	-1.185242e-08	-1.709865e+01	-7.778418e+02
5.900000e-07	-2.263204e-06	-1.163043e-08	-1.643922e+01	-7.632936e+02
6.000000e-07	-2.171595e-06	-1.139725e-08	-1.577380e+01	-7.484261e+02
6.100000e-07	-2.079315e-06	-1.116052e-08	-1.510351e+01	-7.332300e+02
6.200000e-07	-1.986346e-06	-1.092281e-08	-1.442821e+01	-7.176960e+02
6.300000e-07	-1.892615e-06	-1.068025e-08	-1.374738e+01	-7.018160e+02
6.400000e-07	-1.798220e-06	-1.043594e-08	-1.306172e+01	-6.855849e+02
6.500000e-07	-1.703312e-06	-1.018527e-08	-1.237234e+01	-6.690012e+02
6.600000e-07	-1.607928e-06	-9.922483e-09	-1.167950e+01	-6.520664e+02
6.700000e-07	-1.511966e-06	-9.650151e-09	-1.098246e+01	-6.347840e+02
6.800000e-07	-1.415358e-06	-9.376580e-09	-1.028073e+01	-6.171576e+02
6.900000e-07	-1.318066e-06	-9.107255e-09	-9.574031e+00	-5.991887e+02
7.000000e-07	-1.220159e-06	-8.833532e-09	-8.862865e+00	-5.808755e+02
7.100000e-07	-1.121793e-06	-8.550741e-09	-8.148364e+00	-5.622115e+02
7.200000e-07	-1.023032e-06	-8.258850e-09	-7.430992e+00	-5.431870e+02
7.300000e-07	-9.239268e-07	-7.957800e-09	-6.711123e+00	-5.237896e+02
7.400000e-07	-8.245870e-07	-7.649874e-09	-5.989549e+00	-5.040069e+02
7.500000e-07	-7.250146e-07	-7.339802e-09	-5.266286e+00	-4.838283e+02
7.600000e-07	-6.252156e-07	-7.027175e-09	-4.541376e+00	-4.632470e+02
7.700000e-07	-5.252343e-07	-6.707089e-09	-3.815142e+00	-4.422596e+02
7.800000e-07	-4.251429e-07	-6.379658e-09	-3.088108e+00	-4.208660e+02
7.900000e-07	-3.249208e-07	-6.048066e-09	-2.360126e+00	-3.990675e+02
8.000000e-07	-2.245295e-07	-5.711469e-09	-1.630914e+00	-3.768642e+02
8.100000e-07	-1.240624e-07	-5.365755e-09	-9.011513e-01	-3.542529e+02
8.200000e-07	-2.353002e-08	-5.011200e-09	-1.709149e-01	-3.312260e+02
8.300000e-07	7.705513e-08	-4.650286e-09	5.597050e-01	-3.077702e+02
8.400000e-07	1.776314e-07	-4.285735e-09	1.290260e+00	-2.838681e+02
8.500000e-07	2.781569e-07	-3.916293e-09	2.020447e+00	-2.594988e+02
8.600000e-07	3.785765e-07	-3.538271e-09	2.749864e+00	-2.346390e+02
8.700000e-07	4.789021e-07	-3.149936e-09	3.478599e+00	-2.092642e+02
8.800000e-07	5.791280e-07	-2.751697e-09	4.206609e+00	-1.833472e+02
8.900000e-07	6.791927e-07	-2.346163e-09	4.933449e+00	-1.568571e+02
9.000000e-07	7.790547e-07	-1.931790e-09	5.658816e+00	-1.297562e+02
9.100000e-07	8.786685e-07	-1.509492e-09	6.382380e+00	-1.019977e+02
9.200000e-07	9.779779e-07	-1.078185e-09	7.103733e+00	-7.352439e+01
9.300000e-07	1.077019e-06	-6.334949e-10	7.823140e+00	-4.427049e+01
9.400000e-07	1.175753e-06	-1.733078e-10	8.540314e+00	-1.416570e+01
9.500000e-07	1.273945e-06	3.021031e-10	9.253550e+00	1.685662e+01
9.600000e-07	1.371455e-06	7.898887e-10	9.961833e+00	4.884898e+01
9.700000e-07	1.468299e-06	1.291785e-09	1.066528e+01	8.183791e+01
9.800000e-07	1.564425e-06	1.807874e-09	1.136351e+01	1.158128e+02
9.900000e-07	1.659867e-06	2.336454e-09	1.205677e+01	1.507176e+02
1.000000e-06	1.754800e-06	2.879223e-09	1.274633e+01	1.864464e+02
1.010000e-06	1.849194e-06	3.435509e-09	1.343198e+01	2.228453e+02
1.020000e-06	1.942897e-06	3.997760e-09	1.411261e+01	2.597187e+02
1.030000e-06	2.035928e-06	4.561916e-09	1.478836e+01	2.968415e+02
1.040000e-06	2.128291e-06	5.125720e-09	1.545925e+01	3.339731e+02
1.050000e-06	2.219958e-06	5.685120e-09	1.612510e+01	3.708733e+02
1.060000e-06	2.310988e-06	6.237415e-09	1.678631e+01	4.073163e+02
1.070000e-06	2.401235e-06	6.780554e-09	1.744184e+01	4.431018e+02
1.080000e-06	2.490369e-06	7.313755e-09	1.808928e+01	4.780623e+02
1.090000e-06	2.578344e-06	7.830957e-09	1.872831e+01	5.120662e+02
1.100000e-06	2.665432e-06	8.333272e-09	1.936088e+01	5.450162e+02
1.110000e-06	2.751677e-06	8.819808e-09	1.998734e+01	5.768462e+02
1.120000e-06	2.837012e-06	9.285939e-09	2.060719e+01	6.075161e+02
1.130000e-06	2.921497e-06	9.732121e-09	2.122086e+01	6.370060e+02
1.140000e-06	3.005117e-06	1.015979e-08	2.182826e+01	6.653122e+02
1.150000e-06	3.087786e-06	1.057184e-08	2.242874e+01	6.924432e+02
1.160000e-06	3.169297e-06	1.096591e-08	2.302081e+01	7.184172e+02
1.170000e-06	3.249557e-06	1.134261e-08	2.360379e+01	7.432605e+02
1.180000e-06	3.328672e-06	1.170454e-08	2.417846e+01	7.670058e+02
1.190000e-06	3.406635e-06	1.205111e-08	2.474476e+01	7.896907e+02
1.200000e-06	3.483403e-06	1.238021e-08	2.530238e+01	8.113560e+02
1.210000e-06	3.558964e-06	1.269323e-08	2.585123e+01	8.320437e+02
1.220000e-06	3.633048e-06	1.299295e-08	2.638935e+01	8.517955e+02
1.230000e-06	3.705495e-06	1.327848e-08	2.691558e+01	8.706512e+02
1.240000e-06	3.776569e-06	1.354847e-08	2.743185e+01	8.886483e+02
1.250000e-06	3.846354e-06	1.380703e-08	2.793875e+01	9.058222e+02
1.260000e-06	3.914830e-06	1.405671e-08	2.843613e+01	9.222073e+02
1.270000e-06	3.982059e-06	1.429427e-08	2.892446e+01	9.378373e+02
1.280000e-06	4.047758e-06	1.451961e-08	2.940168e+01	9.527465e+02
1.290000e-06	4.111763e-06	1.473530e-08	2.986660e+01	9.669697e+02
1.300000e-06	4.174337e-06	1.494188e-08	3.032111e+01	9.805413e+02
1.310000e-06	4.235589e-06	1.513602e-08	3.076603e+01	9.934943e+02
1.320000e-06	4.295499e-06	1.531985e-08	3.120119e+01	1.005858e+03
1.330000e-06	4.353873e-06	1.549833e-08	3.162521e+01	1.017658e+03
1.340000e-06	4.410450e-06	1.567056e-08	3.203617e+01	1.028912e+03
1.350000e-06	4.465376e-06	1.583271e-08	3.243513e+01	1.039634e+03
1.360000e-06	4.518781e-06	1.598667e-08	3.282305e+01	1.049832e+03
1.370000e-06	4.570453e-06	1.613622e-08	3.319838e+01	1.059515e+03
1.380000e-06	4.620164e-06	1.627882e-08	3.355947e+01	1.068689e+03
1.390000e-06	4.667941e-06	1.641186e-08	3.390650e+01	1.077364e+03
1.400000e-06	4.713986e-06	1.653471e-08	3.424096e+01	1.085553e+03
1.410000e-06	4.758504e-06	1.665058e-08	3.456433e+01	1.093275e+03
1.420000e-06	4.801492e-06	1.676046e-08	3.487657e+01	1.100549e+03
1.430000e-06	4.842601e-06	1.686416e-08	3.517518e+01	1.107398e+03
1.440000e-06	4.881848e-06	1.696057e-08	3.546026e+01	1.113845e+03
1.450000e-06	4.919474e-06	1.705014e-08	3.573356e+01	1.119906e+03
1.460000e-06	4.955612e-06	1.713506e-08	3.599606e+01	1.125599e+03
1.470000e-06	4.990103e-06	1.721484e-08	3.624659e+01	1.130935e+03
1.480000e-06	5.022646e-06	1.729042e-08	3.648297e+01	1.135923e+03
1.490000e-06	5.053421e-06	1.736118e-08	3.670651e+01	1.140569e+03
1.500000e-06	5.082531e-06	1.742755e-08	3.691796e+01	1.144880e+03
1.510000e-06	5.109999e-06	1.748882e-08	3.711747e+01	1.148862e+03
1.520000e-06	5.135577e-06	1.754481e-08	3.730326e+01	1.152524e+03
1.530000e-06	5.159130e-06	1.759563e-08	3.747435e+01	1.155872e+03
1.540000e-06	5.180869e-06	1.763774e-08	3.763225e+01	1.158912e+03
1.550000e-06	5.200911e-06	1.767389e-08	3.777783e+01	1.161646e+03
1.560000e-06	5.219174e-06	1.770765e-08	3.791049e+01	1.164077e+03
1.570000e-06	5.235435e-06	1.773779e-08	3.802860e+01	1.166200e+03
1.580000e-06	5.249760e-06	1.776416e-08	3.813265e+01	1.168016e+03
1.590000e-06	5.262180e-06	1.778766e-08	3.822287e+01	1.169523e+03
1.600000e-06	5.272447e-06	1.780658e-08	3.829745e+01	1.170725e+03
1.610000e-06	5.280589e-06	1.782133e-08	3.835659e+01	1.171633e+03
1.620000e-06	5.286859e-06	1.783245e-08	3.840213e+01	1.172264e+03
1.630000e-06	5.291381e-06	1.783826e-08	3.843498e+01	1.172637e+03
1.640000e-06	5.294096e-06	1.783763e-08	3.845470e+01	1.172778e+03
1.650000e-06	5.294826e-06	1.783400e-08	3.846000e+01	1.172707e+03
1.660000e-06	5.293730e-06	1.782827e-08	3.845204e+01	1.172439e+03
1.670000e-06	5.290993e-06	1.782134e-08	3.843216e+01	1.171977e+03
1.680000e-06	5.286659e-06	1.781375e-08	3.840068e+01	1.171317e+03
1.690000e-06	5.280534e-06	1.780378e-08	3.835619e+01	1.170442e+03
1.700000e-06	5.272539e-06	1.778890e-08	3.829811e+01	1.169332e+03
1.710000e-06	5.262916e-06	1.776813e-08	3.822822e+01	1.167969e+03
1.720000e-06	5.251711e-06	1.774585e-08	3.814683e+01	1.166340e+03
1.730000e-06	5.238743e-06	1.771403e-08	3.805263e+01	1.164448e+03
1.740000e-06	5.223679e-06	1.765173e-08	3.794321e+01	1.162310e+03
1.750000e-06	5.206260e-06	1.761168e-08	3.781669e+01	1.159959e+03
1.760000e-06	5.186317e-06	1.759038e-08	3.767183e+01	1.157439e+03
1.770000e-06	5.163911e-06	1.757205e-08	3.750908e+01	1.154799e+03
1.780000e-06	5.139970e-06	1.756647e-08	3.733518e+01	1.152080e+03
1.790000e-06	5.115383e-06	1.746816e-08	3.715659e+01	1.149313e+03
1.800000e-06	5.089598e-06	1.740851e-08	3.696929e+01	1.146509e+03
1.810000e-06	5.061942e-06	1.740988e-08	3.676841e+01	1.143654e+03
1.820000e-06	5.032690e-06	1.733088e-08	3.655593e+01	1.140717e+03
1.830000e-06	5.001627e-06	1.732807e-08	3.633029e+01	1.137645e+03
1.840000e-06	4.968451e-06	1.732748e-08	3.608931e+01	1.134381e+03
1.850000e-06	4.933641e-06	1.722095e-08	3.583646e+01	1.130867e+03
1.860000e-06	4.897190e-06	1.718003e-08	3.557170e+01	1.127052e+03
1.870000e-06	4.858791e-06	1.710508e-08	3.529277e+01	1.122901e+03
1.880000e-06	4.818579e-06	1.701522e-08	3.500069e+01	1.118398e+03
1.890000e-06	4.776521e-06	1.700592e-08	3.469519e+01	1.113543e+03
1.900000e-06	4.732835e-06	1.691787e-08	3.437787e+01	1.108350e+03
1.910000e-06	4.687576e-06	1.684984e-08	3.404913e+01	1.102842e+03
1.920000e-06	4.640398e-06	1.677437e-08	3.370643e+01	1.097046e+03
1.930000e-06	4.591646e-06	1.663004e-08	3.335232e+01	1.090986e+03
1.940000e-06	4.541303e-06	1.655562e-08	3.298664e+01	1.084681e+03
1.950000e-06	4.489107e-06	1.645033e-08	3.260750e+01	1.078140e+03
1.960000e-06	4.434947e-06	1.633330e-08	3.221410e+01	1.071368e+03
1.970000e-06	4.378883e-06	1.624557e-08	3.180687e+01	1.064365e+03
1.980000e-06	4.321310e-06	1.614466e-08	3.138868e+01	1.057125e+03
1.990000e-06	4.262262e-06	1.604296e-08	3.095977e+01	1.049644e+03
2.000000e-06	4.201804e-06	1.589273e-08	3.052063e+01	1.041917e+03
2.010000e-06	4.139807e-06	1.577048e-08	3.007030e+01	1.033944e+03
2.020000e-06	4.076097e-06	1.564492e-08	2.960753e+01	1.025722e+03
2.030000e-06	4.010890e-06	1.550323e-08	2.913388e+01	1.017251e+03
2.040000e-06	3.944271e-06	1.539600e-08	2.864998e+01	1.008531e+03
2.050000e-06	3.876411e-06	1.525953e-08	2.815707e+01	9.995622e+02
2.060000e-06	3.807177e-06	1.512537e-08	2.765417e+01	9.903416e+02
2.070000e-06	3.736314e-06	1.496625e-08	2.713945e+01	9.808673e+02
2.080000e-06	3.664067e-06	1.479796e-08	2.661467e+01	9.711365e+02
2.090000e-06	3.590596e-06	1.465548e-08	2.608100e+01	9.611468e+02
2.100000e-06	3.515931e-06	1.450248e-08	2.553865e+01	9.508955e+02
2.110000e-06	3.439956e-06	1.435363e-08	2.498679e+01	9.403803e+02
2.120000e-06	3.362499e-06	1.418983e-08	2.442417e+01	9.295983e+02
2.130000e-06	3.283593e-06	1.402084e-08	2.385102e+01	9.185461e+02
2.140000e-06	3.203416e-06	1.383970e-08	2.326864e+01	9.072188e+02
2.150000e-06	3.122182e-06	1.364941e-08	2.267858e+01	8.956111e+02
2.160000e-06	3.039872e-06	1.347197e-08	2.208071e+01	8.837166e+02
2.170000e-06	2.956568e-06	1.329977e-08	2.147561e+01	8.715297e+02
2.180000e-06	2.872373e-06	1.312253e-08	2.086404e+01	8.590453e+02
2.190000e-06	2.787105e-06	1.292556e-08	2.024469e+01	8.462604e+02
2.200000e-06	2.700544e-06	1.272371e-08	1.961593e+01	8.331733e+02
2.210000e-06	2.612811e-06	1.251694e-08	1.897867e+01	8.197836e+02
2.220000e-06	2.524203e-06	1.230225e-08	1.833504e+01	8.060912e+02
2.230000e-06	2.434722e-06	1.208665e-08	1.768508e+01	7.920948e+02
2.240000e-06	2.344387e-06	1.187331e-08	1.702891e+01	7.777912e+02
2.250000e-06	2.253311e-06	1.165802e-08	1.636736e+01	7.631746e+02
2.260000e-06	2.161661e-06	1.143094e-08	1.570165e+01	7.482368e+02
2.270000e-06	2.069402e-06	1.119845e-08	1.503150e+01	7.329684e+02
2.280000e-06	1.976341e-06	1.096288e-08	1.435554e+01	7.173601e+02
2.290000e-06	1.882386e-06	1.071633e-08	1.367308e+01	7.014045e+02
2.300000e-06	1.787531e-06	1.046292e-08	1.298408e+01	6.850972e+02
2.310000e-06	1.691984e-06	1.021220e-08	1.229006e+01	6.684373e+02
2.320000e-06	1.595914e-06	9.962328e-09	1.159223e+01	6.514270e+02
2.330000e-06	1.499388e-06	9.703072e-09	1.089110e+01	6.340699e+02
2.340000e-06	1.402401e-06	9.430672e-09	1.018661e+01	6.163694e+02
2.350000e-06	1.304955e-06	9.149199e-09	9.478796e+00	5.983264e+02
2.360000e-06	1.207066e-06	8.863430e-09	8.767758e+00	5.799379e+02
2.370000e-06	1.108799e-06	8.576985e-09	8.053982e+00	5.611970e+02
2.380000e-06	1.010239e-06	8.292165e-09	7.338069e+00	5.420929e+02
2.390000e-06	9.113983e-07	8.004247e-09	6.620120e+00	5.226133e+02
2.400000e-06	8.122727e-07	7.703019e-09	5.900101e+00	5.027458e+02
2.410000e-06	7.128934e-07	7.390649e-09	5.178240e+00	4.824807e+02
2.420000e-06	6.133336e-07	7.074607e-09	4.455068e+00	4.618118e+02
2.430000e-06	5.136089e-07	6.754829e-09	3.730699e+00	4.407366e+02
2.440000e-06	4.137463e-07	6.429283e-09	3.005327e+00	4.192555e+02
2.450000e-06	3.137820e-07	6.096550e-09	2.279217e+00	3.973696e+02
2.460000e-06	2.136955e-07	5.757081e-09	1.552219e+00	3.750786e+02
2.470000e-06	1.134642e-07	5.410872e-09	8.241696e-01	3.523784e+02
2.480000e-06	1.320411e-08	5.059170e-09	9.591067e-02	3.292601e+02
2.490000e-06	-8.704729e-08	4.700636e-09	-6.322850e-01	3.057096e+02
2.500000e-06	-1.873065e-07	4.332835e-09	-1.360538e+00	2.817086e+02
2.510000e-06	-2.875034e-07	3.959274e-09	-2.088337e+00	2.572355e+02
2.520000e-06	-3.876224e-07	3.581909e-09	-2.815571e+00	2.322668e+02
2.530000e-06	-4.876377e-07	3.198021e-09	-3.542052e+00	2.067774e+02
2.540000e-06	-5.874972e-07	2.804550e-09	-4.267401e+00	1.807398e+02
2.550000e-06	-6.871648e-07	2.399164e-09	-4.991356e+00	1.541215e+02
2.560000e-06	-7.865841e-07	1.980098e-09	-5.713507e+00	1.268833e+02
2.570000e-06	-8.857738e-07	1.550380e-09	-6.433991e+00	9.897604e+01
2.580000e-06	-9.847252e-07	1.114271e-09	-7.152744e+00	7.034059e+01
2.590000e-06	-1.083337e-06	6.687936e-10	-7.869027e+00	4.090959e+01
2.600000e-06	-1.181531e-06	2.074861e-10	-8.582279e+00	1.061280e+01
2.610000e-06	-1.279291e-06	-2.703231e-10	-9.292382e+00	-2.061437e+01
2.620000e-06	-1.376630e-06	-7.607088e-10	-9.999423e+00	-5.281984e+01
2.630000e-06	-1.473507e-06	-1.265122e-09	-1.070311e+01	-8.602309e+01
2.640000e-06	-1.569888e-06	-1.788191e-09	-1.140318e+01	-1.202044e+02
2.650000e-06	-1.665787e-06	-2.325703e-09	-1.209977e+01	-1.552970e+02
2.660000e-06	-1.761159e-06	-2.874793e-09	-1.279252e+01	-1.911846e+02
2.670000e-06	-1.855808e-06	-3.435877e-09	-1.348003e+01	-2.277035e+02
2.680000e-06	-1.949542e-06	-4.003412e-09	-1.416088e+01	-2.646508e+02
2.690000e-06	-2.042338e-06	-4.569663e-09	-1.483492e+01	-3.017966e+02
2.700000e-06	-2.134355e-06	-5.133030e-09	-1.550331e+01	-3.388993e+02
2.710000e-06	-2.225654e-06	-5.695911e-09	-1.616648e+01	-3.757205e+02
2.720000e-06	-2.316165e-06	-6.254370e-09	-1.682392e+01	-4.120391e+02
2.730000e-06	-2.405885e-06	-6.801527e-09	-1.747561e+01	-4.476614e+02
2.740000e-06	-2.494813e-06	-7.333661e-09	-1.812156e+01	-4.824275e+02
2.750000e-06	-2.583006e-06	-7.849342e-09	-1.876217e+01	-5.162133e+02
2.760000e-06	-2.670388e-06	-8.349985e-09	-1.939688e+01	-5.489286e+02
2.770000e-06	-2.756759e-06	-8.835331e-09	-2.002426e+01	-5.805133e+02
2.780000e-06	-2.841951e-06	-9.302556e-09	-2.064307e+01	-6.109321e+02
2.790000e-06	-2.926032e-06	-9.750012e-09	-2.125380e+01	-6.401689e+02
2.800000e-06	-3.009211e-06	-1.017661e-08	-2.185799e+01	-6.682229e+02
2.810000e-06	-3.091449e-06	-1.058594e-08	-2.245535e+01	-6.951048e+02
2.820000e-06	-3.172681e-06	-1.098078e-08	-2.304539e+01	-7.208348e+02
2.830000e-06	-3.252834e-06	-1.136043e-08	-2.362759e+01	-7.454406e+02
2.840000e-06	-3.331792e-06	-1.172334e-08	-2.420112e+01	-7.689560e+02
2.850000e-06	-3.409335e-06	-1.206693e-08	-2.476437e+01	-7.914196e+02
2.860000e-06	-3.485428e-06	-1.239247e-08	-2.531709e+01	-8.128726e+02
2.870000e-06	-3.560211e-06	-1.270491e-08	-2.586029e+01	-8.333570e+02
2.880000e-06	-3.633706e-06	-1.300684e-08	-2.639414e+01	-8.529142e+02
2.890000e-06	-3.706004e-06	-1.329587e-08	-2.691929e+01	-8.715835e+02
2.900000e-06	-3.776994e-06	-1.356860e-08	-2.743494e+01	-8.894019e+02
2.910000e-06	-3.846417e-06	-1.382862e-08	-2.793920e+01	-9.064047e+02
2.920000e-06	-3.914342e-06	-1.407723e-08	-2.843259e+01	-9.226258e+02
2.930000e-06	-3.980923e-06	-1.431339e-08	-2.891621e+01	-9.380991e+02
2.940000e-06	-4.046199e-06	-1.453976e-08	-2.939036e+01	-9.528591e+02
2.950000e-06	-4.110165e-06	-1.475847e-08	-2.985499e+01	-9.669404e+02
2.960000e-06	-4.172528e-06	-1.496886e-08	-3.030797e+01	-9.803776e+02
2.970000e-06	-4.233123e-06	-1.516681e-08	-3.074812e+01	-9.932027e+02
2.980000e-06	-4.292226e-06	-1.535352e-08	-3.117742e+01	-1.005444e+03
2.990000e-06	-4.349949e-06	-1.553334e-08	-3.159670e+01	-1.017126e+03
3.000000e-06	-4.406223e-06	-1.570548e-08	-3.200546e+01	-1.028266e+03
3.010000e-06	-4.460726e-06	-1.586694e-08	-3.240136e+01	-1.038876e+03
3.020000e-06	-4.513225e-06	-1.601760e-08	-3.278269e+01	-1.048964e+03
3.030000e-06	-4.563937e-06	-1.616105e-08	-3.315105e+01	-1.058538e+03
3.040000e-06	-4.612842e-06	-1.630033e-08	-3.350628e+01	-1.067605e+03
3.050000e-06	-4.659902e-06	-1.643393e-08	-3.384811e+01	-1.076175e+03
3.060000e-06	-4.705395e-06	-1.655798e-08	-3.417856e+01	-1.084263e+03
3.070000e-06	-4.749457e-06	-1.667246e-08	-3.449861e+01	-1.091888e+03
3.080000e-06	-4.792020e-06	-1.678435e-08	-3.480778e+01	-1.099070e+03
3.090000e-06	-4.833105e-06	-1.689499e-08	-3.510620e+01	-1.105832e+03
3.100000e-06	-4.872574e-06	-1.699625e-08	-3.539289e+01	-1.112195e+03
3.110000e-06	-4.910155e-06	-1.708613e-08	-3.566587e+01	-1.118177e+03
3.120000e-06	-4.945936e-06	-1.717027e-08	-3.592577e+01	-1.123793e+03
3.130000e-06	-4.980042e-06	-1.725085e-08	-3.617351e+01	-1.129054e+03
3.140000e-06	-5.012476e-06	-1.732611e-08	-3.640910e+01	-1.133969e+03
3.150000e-06	-5.043025e-06	-1.739567e-08	-3.663100e+01	-1.138543e+03
3.160000e-06	-5.071680e-06	-1.746259e-08	-3.683914e+01	-1.142784e+03
3.170000e-06	-5.098653e-06	-1.752517e-08	-3.703506e+01	-1.146698e+03
3.180000e-06	-5.123885e-06	-1.758148e-08	-3.721834e+01	-1.150293e+03
3.190000e-06	-5.147248e-06	-1.763302e-08	-3.738804e+01	-1.153575e+03
3.200000e-06	-5.168628e-06	-1.768017e-08	-3.754334e+01	-1.156550e+03
3.210000e-06	-5.188142e-06	-1.772158e-08	-3.768508e+01	-1.159220e+03
3.220000e-06	-5.205918e-06	-1.775798e-08	-3.781420e+01	-1.161585e+03
3.230000e-06	-5.221899e-06	-1.779073e-08	-3.793029e+01	-1.163644e+03
3.240000e-06	-5.235730e-06	-1.782038e-08	-3.803075e+01	-1.165394e+03
3.250000e-06	-5.247410e-06	-1.784364e-08	-3.811558e+01	-1.166836e+03
3.260000e-06	-5.257301e-06	-1.786035e-08	-3.818743e+01	-1.167975e+03
3.270000e-06	-5.265355e-06	-1.787284e-08	-3.824594e+01	-1.168822e+03
3.280000e-06	-5.271361e-06	-1.788222e-08	-3.828956e+01	-1.169396e+03
3.290000e-06	-5.275437e-06	-1.788923e-08	-3.831917e+01	-1.169719e+03
3.300000e-06	-5.277813e-06	-1.789081e-08	-3.833642e+01	-1.169814e+03
3.310000e-06	-5.278489e-06	-1.788745e-08	-3.834134e+01	-1.169700e+03
