# Temperatura_=_63.87
# Concentracion g/m^3_=_20000.0
# C_Vs_to_Am_M_A/Vsm_=_65563218390.804596
# pendiente_HvsI_1/m_=_3716.3
# ordenada_HvsI_A/m_=_1297.0
# frecuencia_Hz_=_301599.2404874096

Tiempo_(s)	Campo_(V.s)	Magnetizacion_(V.s)	Campo_(kA/m)	Magnetizacion_(A/m)
0.000000e+00	-5.247339e-06	-1.826465e-08	-3.834156e+01	-1.194576e+03
1.000000e-08	-5.245165e-06	-1.825959e-08	-3.832567e+01	-1.194144e+03
2.000000e-08	-5.241232e-06	-1.825080e-08	-3.829693e+01	-1.193505e+03
3.000000e-08	-5.235663e-06	-1.823708e-08	-3.825624e+01	-1.192646e+03
4.000000e-08	-5.228550e-06	-1.821700e-08	-3.820427e+01	-1.191551e+03
5.000000e-08	-5.219783e-06	-1.819205e-08	-3.814021e+01	-1.190199e+03
6.000000e-08	-5.208945e-06	-1.816537e-08	-3.806101e+01	-1.188579e+03
7.000000e-08	-5.196213e-06	-1.813544e-08	-3.796798e+01	-1.186686e+03
8.000000e-08	-5.181570e-06	-1.810484e-08	-3.786099e+01	-1.184536e+03
9.000000e-08	-5.164681e-06	-1.809745e-08	-3.773759e+01	-1.182158e+03
1.000000e-07	-5.145739e-06	-1.807042e-08	-3.759918e+01	-1.179595e+03
1.100000e-07	-5.124984e-06	-1.800514e-08	-3.744753e+01	-1.176899e+03
1.200000e-07	-5.102465e-06	-1.794256e-08	-3.728299e+01	-1.174120e+03
1.300000e-07	-5.078510e-06	-1.786241e-08	-3.710795e+01	-1.171295e+03
1.400000e-07	-5.053065e-06	-1.783438e-08	-3.692202e+01	-1.168444e+03
1.500000e-07	-5.025907e-06	-1.784503e-08	-3.672359e+01	-1.165561e+03
1.600000e-07	-4.997290e-06	-1.774710e-08	-3.651448e+01	-1.162615e+03
1.700000e-07	-4.967144e-06	-1.770419e-08	-3.629422e+01	-1.159551e+03
1.800000e-07	-4.935101e-06	-1.769782e-08	-3.606008e+01	-1.156300e+03
1.900000e-07	-4.901090e-06	-1.756882e-08	-3.581156e+01	-1.152791e+03
2.000000e-07	-4.865520e-06	-1.752003e-08	-3.555166e+01	-1.148958e+03
2.100000e-07	-4.828391e-06	-1.749141e-08	-3.528037e+01	-1.144752e+03
2.200000e-07	-4.789488e-06	-1.737660e-08	-3.499610e+01	-1.140147e+03
2.300000e-07	-4.748770e-06	-1.733149e-08	-3.469859e+01	-1.135140e+03
2.400000e-07	-4.706139e-06	-1.725358e-08	-3.438708e+01	-1.129752e+03
2.500000e-07	-4.661745e-06	-1.710965e-08	-3.406270e+01	-1.124016e+03
2.600000e-07	-4.615619e-06	-1.702558e-08	-3.372567e+01	-1.117973e+03
2.700000e-07	-4.567708e-06	-1.693585e-08	-3.337559e+01	-1.111663e+03
2.800000e-07	-4.517807e-06	-1.683622e-08	-3.301097e+01	-1.105116e+03
2.900000e-07	-4.465799e-06	-1.673733e-08	-3.263096e+01	-1.098351e+03
3.000000e-07	-4.412038e-06	-1.663684e-08	-3.223814e+01	-1.091371e+03
3.100000e-07	-4.356776e-06	-1.653642e-08	-3.183434e+01	-1.084172e+03
3.200000e-07	-4.299851e-06	-1.641844e-08	-3.141840e+01	-1.076739e+03
3.300000e-07	-4.241195e-06	-1.629622e-08	-3.098981e+01	-1.069060e+03
3.400000e-07	-4.181019e-06	-1.615798e-08	-3.055011e+01	-1.061121e+03
3.500000e-07	-4.119478e-06	-1.603672e-08	-3.010044e+01	-1.052916e+03
3.600000e-07	-4.056648e-06	-1.592368e-08	-2.964135e+01	-1.044445e+03
3.700000e-07	-3.992495e-06	-1.578644e-08	-2.917259e+01	-1.035712e+03
3.800000e-07	-3.926699e-06	-1.565460e-08	-2.869183e+01	-1.026724e+03
3.900000e-07	-3.859248e-06	-1.550634e-08	-2.819897e+01	-1.017487e+03
4.000000e-07	-3.790516e-06	-1.534816e-08	-2.769676e+01	-1.008004e+03
4.100000e-07	-3.720583e-06	-1.520363e-08	-2.718577e+01	-9.982738e+02
4.200000e-07	-3.649480e-06	-1.506104e-08	-2.666623e+01	-9.882927e+02
4.300000e-07	-3.577166e-06	-1.491951e-08	-2.613784e+01	-9.780532e+02
4.400000e-07	-3.503313e-06	-1.475771e-08	-2.559821e+01	-9.675474e+02
4.500000e-07	-3.427884e-06	-1.457630e-08	-2.504706e+01	-9.567686e+02
4.600000e-07	-3.351125e-06	-1.439263e-08	-2.448619e+01	-9.457125e+02
4.700000e-07	-3.273090e-06	-1.422168e-08	-2.391600e+01	-9.343773e+02
4.800000e-07	-3.193779e-06	-1.405579e-08	-2.333649e+01	-9.227635e+02
4.900000e-07	-3.113182e-06	-1.387691e-08	-2.274758e+01	-9.108721e+02
5.000000e-07	-3.031413e-06	-1.369534e-08	-2.215010e+01	-8.987033e+02
5.100000e-07	-2.948658e-06	-1.350310e-08	-2.154542e+01	-8.862549e+02
5.200000e-07	-2.865098e-06	-1.329857e-08	-2.093486e+01	-8.735221e+02
5.300000e-07	-2.780756e-06	-1.309313e-08	-2.031859e+01	-8.604974e+02
5.400000e-07	-2.695462e-06	-1.289212e-08	-1.969536e+01	-8.471716e+02
5.500000e-07	-2.609241e-06	-1.268689e-08	-1.906535e+01	-8.335354e+02
5.600000e-07	-2.522197e-06	-1.246933e-08	-1.842934e+01	-8.195807e+02
5.700000e-07	-2.434290e-06	-1.225260e-08	-1.778701e+01	-8.053015e+02
5.800000e-07	-2.345323e-06	-1.203719e-08	-1.713694e+01	-7.906944e+02
5.900000e-07	-2.255222e-06	-1.181126e-08	-1.647859e+01	-7.757583e+02
6.000000e-07	-2.164202e-06	-1.157117e-08	-1.581351e+01	-7.604934e+02
6.100000e-07	-2.072472e-06	-1.132768e-08	-1.514326e+01	-7.449005e+02
6.200000e-07	-1.980045e-06	-1.108535e-08	-1.446791e+01	-7.289793e+02
6.300000e-07	-1.886890e-06	-1.083887e-08	-1.378723e+01	-7.127284e+02
6.400000e-07	-1.793067e-06	-1.059021e-08	-1.310169e+01	-6.961451e+02
6.500000e-07	-1.698651e-06	-1.033479e-08	-1.241180e+01	-6.792253e+02
6.600000e-07	-1.603666e-06	-1.006634e-08	-1.171776e+01	-6.619644e+02
6.700000e-07	-1.508192e-06	-9.790462e-09	-1.102015e+01	-6.443573e+02
6.800000e-07	-1.412248e-06	-9.516202e-09	-1.031909e+01	-6.263991e+02
6.900000e-07	-1.315713e-06	-9.242095e-09	-9.613724e+00	-6.080849e+02
7.000000e-07	-1.218579e-06	-8.961031e-09	-8.903982e+00	-5.894091e+02
7.100000e-07	-1.120975e-06	-8.672170e-09	-8.190801e+00	-5.703654e+02
7.200000e-07	-1.022926e-06	-8.374590e-09	-7.474375e+00	-5.509459e+02
7.300000e-07	-9.244646e-07	-8.066438e-09	-6.754931e+00	-5.311418e+02
7.400000e-07	-8.256754e-07	-7.752717e-09	-6.033092e+00	-5.109430e+02
7.500000e-07	-7.265782e-07	-7.438666e-09	-5.309003e+00	-4.903394e+02
7.600000e-07	-6.272410e-07	-7.119464e-09	-4.583161e+00	-4.693220e+02
7.700000e-07	-5.277186e-07	-6.789608e-09	-3.855965e+00	-4.478832e+02
7.800000e-07	-4.280213e-07	-6.454323e-09	-3.127490e+00	-4.260179e+02
7.900000e-07	-3.282441e-07	-6.117342e-09	-2.398433e+00	-4.037227e+02
8.000000e-07	-2.284412e-07	-5.772697e-09	-1.669187e+00	-3.809961e+02
8.100000e-07	-1.285962e-07	-5.416993e-09	-9.396341e-01	-3.578361e+02
8.200000e-07	-2.867606e-08	-5.054465e-09	-2.095319e-01	-3.342398e+02
8.300000e-07	7.131785e-08	-4.687345e-09	5.211094e-01	-3.102008e+02
8.400000e-07	1.712971e-07	-4.314871e-09	1.251644e+00	-2.857089e+02
8.500000e-07	2.712290e-07	-3.937363e-09	1.981832e+00	-2.607484e+02
8.600000e-07	3.711009e-07	-3.551646e-09	2.711581e+00	-2.352980e+02
8.700000e-07	4.708914e-07	-3.154000e-09	3.440736e+00	-2.093300e+02
8.800000e-07	5.705992e-07	-2.743127e-09	4.169287e+00	-1.828100e+02
8.900000e-07	6.701901e-07	-2.325426e-09	4.896984e+00	-1.556966e+02
9.000000e-07	7.696170e-07	-1.903859e-09	5.623482e+00	-1.279404e+02
9.100000e-07	8.688518e-07	-1.475878e-09	6.348576e+00	-9.948472e+01
9.200000e-07	9.677975e-07	-1.034584e-09	7.071558e+00	-7.026639e+01
9.300000e-07	1.066283e-06	-5.753950e-10	7.791180e+00	-4.021839e+01
9.400000e-07	1.164253e-06	-1.017473e-10	8.507029e+00	-9.274774e+00
9.500000e-07	1.261640e-06	3.872942e-10	9.218621e+00	2.262236e+01
9.600000e-07	1.358372e-06	8.900674e-10	9.925429e+00	5.551409e+01
9.700000e-07	1.454515e-06	1.405036e-09	1.062793e+01	8.941488e+01
9.800000e-07	1.550102e-06	1.933376e-09	1.132638e+01	1.243033e+02
9.900000e-07	1.645127e-06	2.476750e-09	1.202071e+01	1.601148e+02
1.000000e-06	1.739586e-06	3.035916e-09	1.271091e+01	1.967375e+02
1.010000e-06	1.833447e-06	3.605059e-09	1.339673e+01	2.340136e+02
1.020000e-06	1.926651e-06	4.178542e-09	1.407776e+01	2.717445e+02
1.030000e-06	2.019149e-06	4.753234e-09	1.475363e+01	3.097013e+02
1.040000e-06	2.111047e-06	5.327183e-09	1.542512e+01	3.476385e+02
1.050000e-06	2.202409e-06	5.896647e-09	1.609269e+01	3.853092e+02
1.060000e-06	2.293003e-06	6.460625e-09	1.675464e+01	4.224797e+02
1.070000e-06	2.382466e-06	7.017929e-09	1.740834e+01	4.589421e+02
1.080000e-06	2.470826e-06	7.562126e-09	1.805398e+01	4.945224e+02
1.090000e-06	2.558370e-06	8.087592e-09	1.869365e+01	5.290852e+02
1.100000e-06	2.645109e-06	8.596785e-09	1.932743e+01	5.625329e+02
1.110000e-06	2.730956e-06	9.088588e-09	1.995471e+01	5.948021e+02
1.120000e-06	2.815854e-06	9.559445e-09	2.057505e+01	6.258577e+02
1.130000e-06	2.899881e-06	1.000954e-08	2.118901e+01	6.556863e+02
1.140000e-06	2.983149e-06	1.044222e-08	2.179744e+01	6.842900e+02
1.150000e-06	3.065418e-06	1.085911e-08	2.239857e+01	7.116821e+02
1.160000e-06	3.146446e-06	1.125710e-08	2.299063e+01	7.378840e+02
1.170000e-06	3.226291e-06	1.163795e-08	2.357405e+01	7.629241e+02
1.180000e-06	3.305002e-06	1.200262e-08	2.414918e+01	7.868368e+02
1.190000e-06	3.382562e-06	1.235012e-08	2.471590e+01	8.096626e+02
1.200000e-06	3.458994e-06	1.268047e-08	2.527437e+01	8.314469e+02
1.210000e-06	3.534221e-06	1.299732e-08	2.582405e+01	8.522388e+02
1.220000e-06	3.607913e-06	1.330040e-08	2.636250e+01	8.720887e+02
1.230000e-06	3.680036e-06	1.358653e-08	2.688949e+01	8.910457e+02
1.240000e-06	3.750771e-06	1.385671e-08	2.740635e+01	9.091553e+02
1.250000e-06	3.820161e-06	1.411747e-08	2.791337e+01	9.264580e+02
1.260000e-06	3.888346e-06	1.436944e-08	2.841159e+01	9.429884e+02
1.270000e-06	3.955266e-06	1.460909e-08	2.890056e+01	9.587764e+02
1.280000e-06	4.020599e-06	1.483709e-08	2.937795e+01	9.738484e+02
1.290000e-06	4.084309e-06	1.505548e-08	2.984346e+01	9.882294e+02
1.300000e-06	4.146591e-06	1.526546e-08	3.029855e+01	1.001945e+03
1.310000e-06	4.207477e-06	1.546357e-08	3.074344e+01	1.015021e+03
1.320000e-06	4.267103e-06	1.564955e-08	3.117911e+01	1.027486e+03
1.330000e-06	4.325235e-06	1.582663e-08	3.160388e+01	1.039369e+03
1.340000e-06	4.381576e-06	1.599712e-08	3.201555e+01	1.050697e+03
1.350000e-06	4.436299e-06	1.616127e-08	3.241540e+01	1.061494e+03
1.360000e-06	4.489445e-06	1.631921e-08	3.280374e+01	1.071781e+03
1.370000e-06	4.540825e-06	1.647065e-08	3.317916e+01	1.081574e+03
1.380000e-06	4.590208e-06	1.661372e-08	3.353999e+01	1.090884e+03
1.390000e-06	4.637692e-06	1.674925e-08	3.388695e+01	1.099719e+03
1.400000e-06	4.683555e-06	1.687772e-08	3.422207e+01	1.108086e+03
1.410000e-06	4.727927e-06	1.699771e-08	3.454629e+01	1.115992e+03
1.420000e-06	4.770706e-06	1.710975e-08	3.485887e+01	1.123446e+03
1.430000e-06	4.811643e-06	1.721463e-08	3.515799e+01	1.130462e+03
1.440000e-06	4.850803e-06	1.731233e-08	3.544413e+01	1.137053e+03
1.450000e-06	4.888381e-06	1.740457e-08	3.571870e+01	1.143237e+03
1.460000e-06	4.924455e-06	1.749186e-08	3.598229e+01	1.149033e+03
1.470000e-06	4.958812e-06	1.757368e-08	3.623333e+01	1.154461e+03
1.480000e-06	4.991235e-06	1.765010e-08	3.647024e+01	1.159537e+03
1.490000e-06	5.021911e-06	1.772220e-08	3.669439e+01	1.164276e+03
1.500000e-06	5.050966e-06	1.779144e-08	3.690669e+01	1.168693e+03
1.510000e-06	5.078404e-06	1.785585e-08	3.710717e+01	1.172795e+03
1.520000e-06	5.103952e-06	1.791343e-08	3.729385e+01	1.176589e+03
1.530000e-06	5.127435e-06	1.796478e-08	3.746544e+01	1.180078e+03
1.540000e-06	5.149091e-06	1.800979e-08	3.762367e+01	1.183261e+03
1.550000e-06	5.169116e-06	1.805047e-08	3.776999e+01	1.186137e+03
1.560000e-06	5.187411e-06	1.808699e-08	3.790368e+01	1.188700e+03
1.570000e-06	5.203702e-06	1.811922e-08	3.802271e+01	1.190944e+03
1.580000e-06	5.218026e-06	1.814805e-08	3.812737e+01	1.192866e+03
1.590000e-06	5.230493e-06	1.817438e-08	3.821847e+01	1.194465e+03
1.600000e-06	5.240842e-06	1.819677e-08	3.829408e+01	1.195746e+03
1.610000e-06	5.249054e-06	1.821317e-08	3.835409e+01	1.196719e+03
1.620000e-06	5.255370e-06	1.822374e-08	3.840024e+01	1.197401e+03
1.630000e-06	5.259967e-06	1.822890e-08	3.843383e+01	1.197813e+03
1.640000e-06	5.262778e-06	1.822912e-08	3.845436e+01	1.197979e+03
1.650000e-06	5.263549e-06	1.822617e-08	3.846000e+01	1.197918e+03
1.660000e-06	5.262469e-06	1.822058e-08	3.845211e+01	1.197647e+03
1.670000e-06	5.259751e-06	1.821213e-08	3.843225e+01	1.197171e+03
1.680000e-06	5.255480e-06	1.820463e-08	3.840104e+01	1.196485e+03
1.690000e-06	5.249438e-06	1.819517e-08	3.835690e+01	1.195576e+03
1.700000e-06	5.241501e-06	1.818003e-08	3.829890e+01	1.194427e+03
1.710000e-06	5.231994e-06	1.816021e-08	3.822943e+01	1.193018e+03
1.720000e-06	5.221008e-06	1.813819e-08	3.814916e+01	1.191338e+03
1.730000e-06	5.208337e-06	1.811570e-08	3.805657e+01	1.189388e+03
1.740000e-06	5.193549e-06	1.805066e-08	3.794853e+01	1.187185e+03
1.750000e-06	5.176332e-06	1.798899e-08	3.782272e+01	1.184763e+03
1.760000e-06	5.156665e-06	1.797618e-08	3.767901e+01	1.182166e+03
1.770000e-06	5.134596e-06	1.795493e-08	3.751776e+01	1.179448e+03
1.780000e-06	5.110822e-06	1.795312e-08	3.734405e+01	1.176655e+03
1.790000e-06	5.086358e-06	1.787363e-08	3.716530e+01	1.173823e+03
1.800000e-06	5.060818e-06	1.776811e-08	3.697868e+01	1.170966e+03
1.810000e-06	5.033405e-06	1.781553e-08	3.677837e+01	1.168073e+03
1.820000e-06	5.004470e-06	1.775825e-08	3.656695e+01	1.165106e+03
1.830000e-06	4.973882e-06	1.766307e-08	3.634344e+01	1.162007e+03
1.840000e-06	4.941075e-06	1.770626e-08	3.610373e+01	1.158706e+03
1.850000e-06	4.906520e-06	1.759842e-08	3.585124e+01	1.155132e+03
1.860000e-06	4.870437e-06	1.749414e-08	3.558759e+01	1.151222e+03
1.870000e-06	4.832468e-06	1.749856e-08	3.531016e+01	1.146931e+03
1.880000e-06	4.792635e-06	1.737473e-08	3.501910e+01	1.142238e+03
1.890000e-06	4.750924e-06	1.734141e-08	3.471432e+01	1.137147e+03
1.900000e-06	4.707530e-06	1.731193e-08	3.439725e+01	1.131680e+03
1.910000e-06	4.662579e-06	1.717139e-08	3.406880e+01	1.125874e+03
1.920000e-06	4.615851e-06	1.711578e-08	3.372736e+01	1.119770e+03
1.930000e-06	4.567626e-06	1.698095e-08	3.337499e+01	1.113407e+03
1.940000e-06	4.517785e-06	1.687389e-08	3.301081e+01	1.106811e+03
1.950000e-06	4.466049e-06	1.680283e-08	3.263279e+01	1.099999e+03
1.960000e-06	4.412441e-06	1.665959e-08	3.224107e+01	1.092973e+03
1.970000e-06	4.356921e-06	1.657956e-08	3.183540e+01	1.085724e+03
1.980000e-06	4.299793e-06	1.645006e-08	3.141798e+01	1.078239e+03
1.990000e-06	4.241145e-06	1.634114e-08	3.098944e+01	1.070504e+03
2.000000e-06	4.181093e-06	1.623037e-08	3.055065e+01	1.062507e+03
2.010000e-06	4.119614e-06	1.606448e-08	3.010143e+01	1.054245e+03
2.020000e-06	4.056410e-06	1.596950e-08	2.963961e+01	1.045717e+03
2.030000e-06	3.991641e-06	1.581078e-08	2.916635e+01	1.036928e+03
2.040000e-06	3.925426e-06	1.567688e-08	2.868253e+01	1.027885e+03
2.050000e-06	3.857936e-06	1.555924e-08	2.818939e+01	1.018594e+03
2.060000e-06	3.789264e-06	1.540411e-08	2.768761e+01	1.009058e+03
2.070000e-06	3.719085e-06	1.526881e-08	2.717482e+01	9.992739e+02
2.080000e-06	3.647323e-06	1.506809e-08	2.665047e+01	9.892373e+02
2.090000e-06	3.574274e-06	1.491998e-08	2.611671e+01	9.789407e+02
2.100000e-06	3.500063e-06	1.478670e-08	2.557446e+01	9.683763e+02
2.110000e-06	3.424602e-06	1.462593e-08	2.502308e+01	9.575376e+02
2.120000e-06	3.347849e-06	1.445968e-08	2.446226e+01	9.464210e+02
2.130000e-06	3.269624e-06	1.426942e-08	2.389067e+01	9.350254e+02
2.140000e-06	3.189997e-06	1.409844e-08	2.330885e+01	9.233513e+02
2.150000e-06	3.109267e-06	1.389259e-08	2.271897e+01	9.113998e+02
2.160000e-06	3.027492e-06	1.371007e-08	2.212145e+01	8.991707e+02
2.170000e-06	2.944712e-06	1.354820e-08	2.151659e+01	8.866612e+02
2.180000e-06	2.860980e-06	1.336046e-08	2.090477e+01	8.738658e+02
2.190000e-06	2.776330e-06	1.315172e-08	2.028625e+01	8.607767e+02
2.200000e-06	2.690579e-06	1.293778e-08	1.965968e+01	8.473844e+02
2.210000e-06	2.603562e-06	1.274126e-08	1.902386e+01	8.336799e+02
2.220000e-06	2.515457e-06	1.251768e-08	1.838009e+01	8.196553e+02
2.230000e-06	2.426478e-06	1.228854e-08	1.772993e+01	8.053053e+02
2.240000e-06	2.336699e-06	1.207082e-08	1.707393e+01	7.906271e+02
2.250000e-06	2.246113e-06	1.185558e-08	1.641203e+01	7.756198e+02
2.260000e-06	2.154864e-06	1.162395e-08	1.574529e+01	7.602839e+02
2.270000e-06	2.063052e-06	1.138218e-08	1.507443e+01	7.446199e+02
2.280000e-06	1.970626e-06	1.114367e-08	1.439909e+01	7.286276e+02
2.290000e-06	1.877460e-06	1.088556e-08	1.371833e+01	7.123051e+02
2.300000e-06	1.783454e-06	1.062170e-08	1.303145e+01	6.956493e+02
2.310000e-06	1.688656e-06	1.036960e-08	1.233877e+01	6.786561e+02
2.320000e-06	1.593188e-06	1.012195e-08	1.164120e+01	6.613207e+02
2.330000e-06	1.497149e-06	9.852684e-09	1.093946e+01	6.436381e+02
2.340000e-06	1.400634e-06	9.567444e-09	1.023423e+01	6.256034e+02
2.350000e-06	1.303775e-06	9.281400e-09	9.526496e+00	6.072114e+02
2.360000e-06	1.206539e-06	8.992280e-09	8.816012e+00	5.884567e+02
2.370000e-06	1.108899e-06	8.701140e-09	8.102568e+00	5.693324e+02
2.380000e-06	1.010878e-06	8.412292e-09	7.386339e+00	5.498307e+02
2.390000e-06	9.125274e-07	8.120863e-09	6.667707e+00	5.299421e+02
2.400000e-06	8.139002e-07	7.811168e-09	5.947052e+00	5.096567e+02
2.410000e-06	7.150548e-07	7.489496e-09	5.224803e+00	4.889645e+02
2.420000e-06	6.160336e-07	7.166640e-09	4.501270e+00	4.678566e+02
2.430000e-06	5.168540e-07	6.839077e-09	3.776579e+00	4.463261e+02
2.440000e-06	4.175501e-07	6.501903e-09	3.050979e+00	4.243681e+02
2.450000e-06	3.180802e-07	6.161384e-09	2.324167e+00	4.019800e+02
2.460000e-06	2.184561e-07	5.818351e-09	1.596227e+00	3.791599e+02
2.470000e-06	1.186875e-07	5.466150e-09	8.672329e-01	3.559061e+02
2.480000e-06	1.888949e-08	5.104004e-09	1.380228e-01	3.322149e+02
2.490000e-06	-8.083726e-08	4.734574e-09	-5.906663e-01	3.080792e+02
2.500000e-06	-1.805730e-07	4.356868e-09	-1.319421e+00	2.834876e+02
2.510000e-06	-2.802930e-07	3.971007e-09	-2.048061e+00	2.584235e+02
2.520000e-06	-3.799240e-07	3.582292e-09	-2.776051e+00	2.328640e+02
2.530000e-06	-4.794435e-07	3.190452e-09	-3.503225e+00	2.067801e+02
2.540000e-06	-5.787860e-07	2.788531e-09	-4.229107e+00	1.801361e+02
2.550000e-06	-6.779074e-07	2.370945e-09	-4.953373e+00	1.528886e+02
2.560000e-06	-7.767898e-07	1.940740e-09	-5.675893e+00	1.249868e+02
2.570000e-06	-8.754549e-07	1.500266e-09	-6.396824e+00	9.637254e+01
2.580000e-06	-9.738483e-07	1.050738e-09	-7.115771e+00	6.698141e+01
2.590000e-06	-1.071865e-06	5.933352e-10	-7.831965e+00	3.674619e+01
2.600000e-06	-1.169465e-06	1.230956e-10	-8.545114e+00	5.601995e+00
2.610000e-06	-1.266696e-06	-3.661258e-10	-9.255568e+00	-2.650627e+01
2.620000e-06	-1.363607e-06	-8.738112e-10	-9.963681e+00	-5.961480e+01
2.630000e-06	-1.460132e-06	-1.396717e-09	-1.066898e+01	-9.373112e+01
2.640000e-06	-1.556195e-06	-1.935122e-09	-1.137090e+01	-1.288251e+02
2.650000e-06	-1.651668e-06	-2.486529e-09	-1.206850e+01	-1.648221e+02
2.660000e-06	-1.746402e-06	-3.047930e-09	-1.276071e+01	-2.016004e+02
2.670000e-06	-1.840305e-06	-3.617406e-09	-1.344685e+01	-2.389926e+02
2.680000e-06	-1.933402e-06	-4.195037e-09	-1.412709e+01	-2.767926e+02
2.690000e-06	-2.025726e-06	-4.777018e-09	-1.480169e+01	-3.147668e+02
2.700000e-06	-2.117311e-06	-5.357755e-09	-1.547089e+01	-3.526682e+02
2.710000e-06	-2.208146e-06	-5.934283e-09	-1.613461e+01	-3.902514e+02
2.720000e-06	-2.298141e-06	-6.500622e-09	-1.679219e+01	-4.272873e+02
2.730000e-06	-2.387360e-06	-7.055693e-09	-1.744410e+01	-4.635747e+02
2.740000e-06	-2.475916e-06	-7.597857e-09	-1.809117e+01	-4.989478e+02
2.750000e-06	-2.563783e-06	-8.124339e-09	-1.873320e+01	-5.332793e+02
2.760000e-06	-2.650605e-06	-8.632130e-09	-1.936759e+01	-5.664795e+02
2.770000e-06	-2.736230e-06	-9.119971e-09	-1.999324e+01	-5.984914e+02
2.780000e-06	-2.820943e-06	-9.591478e-09	-2.061223e+01	-6.292853e+02
2.790000e-06	-2.904737e-06	-1.004542e-08	-2.122450e+01	-6.588514e+02
2.800000e-06	-2.987540e-06	-1.047791e-08	-2.182953e+01	-6.871948e+02
2.810000e-06	-3.069340e-06	-1.089123e-08	-2.242723e+01	-7.143305e+02
2.820000e-06	-3.150183e-06	-1.128947e-08	-2.301794e+01	-7.402816e+02
2.830000e-06	-3.230007e-06	-1.167307e-08	-2.360120e+01	-7.650777e+02
2.840000e-06	-3.308459e-06	-1.203906e-08	-2.417443e+01	-7.887546e+02
2.850000e-06	-3.385510e-06	-1.238418e-08	-2.473744e+01	-8.113539e+02
2.860000e-06	-3.461230e-06	-1.271162e-08	-2.529071e+01	-8.329220e+02
2.870000e-06	-3.535640e-06	-1.302384e-08	-2.583442e+01	-8.535085e+02
2.880000e-06	-3.608846e-06	-1.332499e-08	-2.636932e+01	-8.731638e+02
2.890000e-06	-3.680871e-06	-1.361470e-08	-2.689560e+01	-8.919362e+02
2.900000e-06	-3.751439e-06	-1.389023e-08	-2.741123e+01	-9.098704e+02
2.910000e-06	-3.820464e-06	-1.415339e-08	-2.791559e+01	-9.270056e+02
2.920000e-06	-3.888123e-06	-1.440420e-08	-2.840996e+01	-9.433752e+02
2.930000e-06	-3.954383e-06	-1.464392e-08	-2.889411e+01	-9.590083e+02
2.940000e-06	-4.019345e-06	-1.487277e-08	-2.936878e+01	-9.739309e+02
2.950000e-06	-4.082936e-06	-1.509256e-08	-2.983343e+01	-9.881678e+02
2.960000e-06	-4.144898e-06	-1.530339e-08	-3.028618e+01	-1.001745e+03
2.970000e-06	-4.205272e-06	-1.550345e-08	-3.072733e+01	-1.014688e+03
2.980000e-06	-4.264219e-06	-1.569292e-08	-3.115804e+01	-1.027027e+03
2.990000e-06	-4.321741e-06	-1.587367e-08	-3.157834e+01	-1.038790e+03
3.000000e-06	-4.377772e-06	-1.604631e-08	-3.198776e+01	-1.050002e+03
3.010000e-06	-4.432037e-06	-1.620858e-08	-3.238426e+01	-1.060690e+03
3.020000e-06	-4.484350e-06	-1.636129e-08	-3.276651e+01	-1.070870e+03
3.030000e-06	-4.534899e-06	-1.650729e-08	-3.313586e+01	-1.080559e+03
3.040000e-06	-4.583569e-06	-1.664934e-08	-3.349148e+01	-1.089768e+03
3.050000e-06	-4.630416e-06	-1.678500e-08	-3.383379e+01	-1.098502e+03
3.060000e-06	-4.675756e-06	-1.690964e-08	-3.416509e+01	-1.106771e+03
3.070000e-06	-4.719652e-06	-1.702606e-08	-3.448582e+01	-1.114580e+03
3.080000e-06	-4.762121e-06	-1.713942e-08	-3.479614e+01	-1.121940e+03
3.090000e-06	-4.803125e-06	-1.725028e-08	-3.509575e+01	-1.128863e+03
3.100000e-06	-4.842482e-06	-1.735286e-08	-3.538332e+01	-1.135366e+03
3.110000e-06	-4.879949e-06	-1.744511e-08	-3.565709e+01	-1.141467e+03
3.120000e-06	-4.915608e-06	-1.753146e-08	-3.591765e+01	-1.147183e+03
3.130000e-06	-4.949640e-06	-1.761442e-08	-3.616631e+01	-1.152534e+03
3.140000e-06	-4.981988e-06	-1.769161e-08	-3.640268e+01	-1.157538e+03
3.150000e-06	-5.012427e-06	-1.776276e-08	-3.662509e+01	-1.162208e+03
3.160000e-06	-5.040959e-06	-1.782990e-08	-3.683357e+01	-1.166557e+03
3.170000e-06	-5.067798e-06	-1.789193e-08	-3.702968e+01	-1.170593e+03
3.180000e-06	-5.092970e-06	-1.794842e-08	-3.721361e+01	-1.174322e+03
3.190000e-06	-5.116282e-06	-1.800194e-08	-3.738395e+01	-1.177747e+03
3.200000e-06	-5.137606e-06	-1.805235e-08	-3.753975e+01	-1.180866e+03
3.210000e-06	-5.157159e-06	-1.809602e-08	-3.768262e+01	-1.183675e+03
3.220000e-06	-5.175059e-06	-1.813292e-08	-3.781342e+01	-1.186171e+03
3.230000e-06	-5.191117e-06	-1.816642e-08	-3.793075e+01	-1.188347e+03
3.240000e-06	-5.204996e-06	-1.819766e-08	-3.803216e+01	-1.190200e+03
3.250000e-06	-5.216737e-06	-1.822213e-08	-3.811795e+01	-1.191732e+03
3.260000e-06	-5.226585e-06	-1.823880e-08	-3.818991e+01	-1.192946e+03
3.270000e-06	-5.234619e-06	-1.825191e-08	-3.824862e+01	-1.193856e+03
3.280000e-06	-5.240681e-06	-1.826344e-08	-3.829291e+01	-1.194479e+03
3.290000e-06	-5.244788e-06	-1.827091e-08	-3.832291e+01	-1.194837e+03
3.300000e-06	-5.247213e-06	-1.827213e-08	-3.834064e+01	-1.194953e+03
3.310000e-06	-5.247971e-06	-1.826918e-08	-3.834617e+01	-1.194847e+03
