# Temperatura_=_57.08
# Concentracion g/m^3_=_24000.0
# C_Vs_to_Am_M_A/Vsm_=_65563218390.804596
# pendiente_HvsI_1/m_=_3716.3
# ordenada_HvsI_A/m_=_1297.0
# frecuencia_Hz_=_301912.96151254757

Tiempo_(s)	Campo_(V.s)	Magnetizacion_(V.s)	Campo_(kA/m)	Magnetizacion_(A/m)
0.000000e+00	-6.648130e-06	-2.992345e-08	-4.749609e+01	-1.958625e+03
1.000000e-08	-6.645842e-06	-2.991772e-08	-4.747975e+01	-1.958059e+03
2.000000e-08	-6.641337e-06	-2.990210e-08	-4.744756e+01	-1.957290e+03
3.000000e-08	-6.634791e-06	-2.988032e-08	-4.740080e+01	-1.956285e+03
4.000000e-08	-6.626111e-06	-2.985742e-08	-4.733878e+01	-1.954988e+03
5.000000e-08	-6.615051e-06	-2.983097e-08	-4.725977e+01	-1.953340e+03
6.000000e-08	-6.601498e-06	-2.979907e-08	-4.716294e+01	-1.951292e+03
7.000000e-08	-6.585494e-06	-2.975466e-08	-4.704860e+01	-1.948829e+03
8.000000e-08	-6.567299e-06	-2.970742e-08	-4.691861e+01	-1.945976e+03
9.000000e-08	-6.546987e-06	-2.971802e-08	-4.677350e+01	-1.942802e+03
1.000000e-07	-6.524192e-06	-2.969883e-08	-4.661064e+01	-1.939408e+03
1.100000e-07	-6.498681e-06	-2.960565e-08	-4.642839e+01	-1.935904e+03
1.200000e-07	-6.470644e-06	-2.953334e-08	-4.622808e+01	-1.932391e+03
1.300000e-07	-6.440538e-06	-2.946403e-08	-4.601299e+01	-1.928932e+03
1.400000e-07	-6.408730e-06	-2.931271e-08	-4.578575e+01	-1.925538e+03
1.500000e-07	-6.375100e-06	-2.928241e-08	-4.554548e+01	-1.922162e+03
1.600000e-07	-6.339404e-06	-2.931213e-08	-4.529047e+01	-1.918702e+03
1.700000e-07	-6.301726e-06	-2.915080e-08	-4.502128e+01	-1.915022e+03
1.800000e-07	-6.261890e-06	-2.915735e-08	-4.473668e+01	-1.910972e+03
1.900000e-07	-6.219596e-06	-2.909406e-08	-4.443452e+01	-1.906415e+03
2.000000e-07	-6.175045e-06	-2.891414e-08	-4.411624e+01	-1.901253e+03
2.100000e-07	-6.128318e-06	-2.889473e-08	-4.378241e+01	-1.895435e+03
2.200000e-07	-6.079040e-06	-2.876265e-08	-4.343036e+01	-1.888966e+03
2.300000e-07	-6.027134e-06	-2.864173e-08	-4.305952e+01	-1.881897e+03
2.400000e-07	-5.972821e-06	-2.854557e-08	-4.267150e+01	-1.874311e+03
2.500000e-07	-5.916265e-06	-2.839687e-08	-4.226744e+01	-1.866302e+03
2.600000e-07	-5.857445e-06	-2.829537e-08	-4.184722e+01	-1.857955e+03
2.700000e-07	-5.796412e-06	-2.816996e-08	-4.141118e+01	-1.849332e+03
2.800000e-07	-5.733311e-06	-2.803271e-08	-4.096037e+01	-1.840461e+03
2.900000e-07	-5.668103e-06	-2.787260e-08	-4.049450e+01	-1.831341e+03
3.000000e-07	-5.600780e-06	-2.773157e-08	-4.001353e+01	-1.821941e+03
3.100000e-07	-5.531353e-06	-2.759804e-08	-3.951753e+01	-1.812219e+03
3.200000e-07	-5.459887e-06	-2.743539e-08	-3.900695e+01	-1.802129e+03
3.300000e-07	-5.386327e-06	-2.730391e-08	-3.848142e+01	-1.791636e+03
3.400000e-07	-5.310570e-06	-2.711317e-08	-3.794019e+01	-1.780719e+03
3.500000e-07	-5.232690e-06	-2.692268e-08	-3.738380e+01	-1.769375e+03
3.600000e-07	-5.152727e-06	-2.675310e-08	-3.681251e+01	-1.757615e+03
3.700000e-07	-5.070893e-06	-2.656839e-08	-3.622787e+01	-1.745454e+03
3.800000e-07	-4.987389e-06	-2.639308e-08	-3.563129e+01	-1.732910e+03
3.900000e-07	-4.902283e-06	-2.619192e-08	-3.502327e+01	-1.719991e+03
4.000000e-07	-4.815661e-06	-2.598069e-08	-3.440442e+01	-1.706695e+03
4.100000e-07	-4.727399e-06	-2.576355e-08	-3.377385e+01	-1.693007e+03
4.200000e-07	-4.637428e-06	-2.555622e-08	-3.313107e+01	-1.678905e+03
4.300000e-07	-4.545802e-06	-2.533661e-08	-3.247648e+01	-1.664360e+03
4.400000e-07	-4.452559e-06	-2.510478e-08	-3.181032e+01	-1.649346e+03
4.500000e-07	-4.357808e-06	-2.487534e-08	-3.113340e+01	-1.633843e+03
4.600000e-07	-4.261498e-06	-2.461962e-08	-3.044533e+01	-1.617839e+03
4.700000e-07	-4.163611e-06	-2.435803e-08	-2.974600e+01	-1.601331e+03
4.800000e-07	-4.064206e-06	-2.410064e-08	-2.903582e+01	-1.584325e+03
4.900000e-07	-3.963309e-06	-2.384558e-08	-2.831499e+01	-1.566827e+03
5.000000e-07	-3.860959e-06	-2.356974e-08	-2.758377e+01	-1.548843e+03
5.100000e-07	-3.757171e-06	-2.328034e-08	-2.684227e+01	-1.530372e+03
5.200000e-07	-3.652034e-06	-2.299576e-08	-2.609115e+01	-1.511404e+03
5.300000e-07	-3.545527e-06	-2.269863e-08	-2.533023e+01	-1.491919e+03
5.400000e-07	-3.437628e-06	-2.238532e-08	-2.455937e+01	-1.471890e+03
5.500000e-07	-3.328499e-06	-2.207048e-08	-2.377972e+01	-1.451285e+03
5.600000e-07	-3.218290e-06	-2.175742e-08	-2.299236e+01	-1.430072e+03
5.700000e-07	-3.106884e-06	-2.142153e-08	-2.219644e+01	-1.408222e+03
5.800000e-07	-2.994136e-06	-2.107159e-08	-2.139094e+01	-1.385717e+03
5.900000e-07	-2.880121e-06	-2.072237e-08	-2.057639e+01	-1.362545e+03
6.000000e-07	-2.764959e-06	-2.036411e-08	-1.975364e+01	-1.338706e+03
6.100000e-07	-2.648689e-06	-1.998644e-08	-1.892297e+01	-1.314203e+03
6.200000e-07	-2.531355e-06	-1.960079e-08	-1.808470e+01	-1.289043e+03
6.300000e-07	-2.413099e-06	-1.921292e-08	-1.723985e+01	-1.263223e+03
6.400000e-07	-2.294028e-06	-1.880738e-08	-1.638917e+01	-1.236736e+03
6.500000e-07	-2.174096e-06	-1.838787e-08	-1.553235e+01	-1.209557e+03
6.600000e-07	-2.053317e-06	-1.796404e-08	-1.466947e+01	-1.181651e+03
6.700000e-07	-1.931821e-06	-1.752843e-08	-1.380147e+01	-1.152972e+03
6.800000e-07	-1.809692e-06	-1.707247e-08	-1.292894e+01	-1.123467e+03
6.900000e-07	-1.686964e-06	-1.660908e-08	-1.205214e+01	-1.093086e+03
7.000000e-07	-1.563565e-06	-1.614124e-08	-1.117054e+01	-1.061786e+03
7.100000e-07	-1.439546e-06	-1.565511e-08	-1.028452e+01	-1.029538e+03
7.200000e-07	-1.315068e-06	-1.514753e-08	-9.395213e+00	-9.963264e+02
7.300000e-07	-1.190191e-06	-1.462413e-08	-8.503055e+00	-9.621502e+02
7.400000e-07	-1.064982e-06	-1.408627e-08	-7.608530e+00	-9.270136e+02
7.500000e-07	-9.394691e-07	-1.353201e-08	-6.711828e+00	-8.909210e+02
7.600000e-07	-8.136692e-07	-1.296867e-08	-5.813079e+00	-8.538685e+02
7.700000e-07	-6.876578e-07	-1.239542e-08	-4.912819e+00	-8.158387e+02
7.800000e-07	-5.614411e-07	-1.180275e-08	-4.011092e+00	-7.767992e+02
7.900000e-07	-4.350273e-07	-1.118846e-08	-3.107956e+00	-7.367058e+02
8.000000e-07	-3.084470e-07	-1.055754e-08	-2.203631e+00	-6.955092e+02
8.100000e-07	-1.817037e-07	-9.913713e-09	-1.298142e+00	-6.531633e+02
8.200000e-07	-5.482660e-08	-9.252158e-09	-3.916965e-01	-6.096320e+02
8.300000e-07	7.211570e-08	-8.572930e-09	5.152147e-01	-5.648908e+02
8.400000e-07	1.990703e-07	-7.876246e-09	1.422214e+00	-5.189212e+02
8.500000e-07	3.259632e-07	-7.159049e-09	2.328772e+00	-4.716969e+02
8.600000e-07	4.527305e-07	-6.420745e-09	3.234432e+00	-4.231642e+02
8.700000e-07	5.793235e-07	-5.661078e-09	4.138849e+00	-3.732206e+02
8.800000e-07	7.057815e-07	-4.874701e-09	5.042299e+00	-3.216968e+02
8.900000e-07	8.321078e-07	-4.058020e-09	5.944809e+00	-2.683498e+02
9.000000e-07	9.581346e-07	-3.210195e-09	6.845180e+00	-2.128720e+02
9.100000e-07	1.083806e-06	-2.326928e-09	7.743010e+00	-1.549179e+02
9.200000e-07	1.209165e-06	-1.403245e-09	8.638610e+00	-9.414993e+01
9.300000e-07	1.334175e-06	-4.324755e-10	9.531718e+00	-3.029528e+01
9.400000e-07	1.458801e-06	5.883641e-10	1.042208e+01	3.679208e+01
9.500000e-07	1.582943e-06	1.660461e-09	1.130898e+01	1.070770e+02
9.600000e-07	1.706430e-06	2.777608e-09	1.219121e+01	1.803062e+02
9.700000e-07	1.829216e-06	3.929193e-09	1.306843e+01	2.559968e+02
9.800000e-07	1.951320e-06	5.109154e-09	1.394077e+01	3.334564e+02
9.900000e-07	2.072764e-06	6.304679e-09	1.480840e+01	4.118313e+02
1.000000e-06	2.193468e-06	7.499452e-09	1.567075e+01	4.901780e+02
1.010000e-06	2.313213e-06	8.679199e-09	1.652624e+01	5.675474e+02
1.020000e-06	2.432031e-06	9.829379e-09	1.737510e+01	6.430669e+02
1.030000e-06	2.550016e-06	1.093533e-08	1.821802e+01	7.160101e+02
1.040000e-06	2.667016e-06	1.199018e-08	1.905390e+01	7.858421e+02
1.050000e-06	2.782981e-06	1.299421e-08	1.988239e+01	8.522365e+02
1.060000e-06	2.897829e-06	1.394875e-08	2.070290e+01	9.150628e+02
1.070000e-06	3.011455e-06	1.485199e-08	2.151467e+01	9.743525e+02
1.080000e-06	3.123892e-06	1.570466e-08	2.231796e+01	1.030249e+03
1.090000e-06	3.235142e-06	1.650797e-08	2.311276e+01	1.082956e+03
1.100000e-06	3.345258e-06	1.726398e-08	2.389946e+01	1.132692e+03
1.110000e-06	3.454327e-06	1.797551e-08	2.467867e+01	1.179656e+03
1.120000e-06	3.562276e-06	1.864718e-08	2.544989e+01	1.224019e+03
1.130000e-06	3.668974e-06	1.928222e-08	2.621217e+01	1.265915e+03
1.140000e-06	3.774354e-06	1.988015e-08	2.696504e+01	1.305462e+03
1.150000e-06	3.878350e-06	2.044562e-08	2.770801e+01	1.342772e+03
1.160000e-06	3.980940e-06	2.098057e-08	2.844094e+01	1.377966e+03
1.170000e-06	4.082174e-06	2.148468e-08	2.916419e+01	1.411184e+03
1.180000e-06	4.182063e-06	2.195966e-08	2.987782e+01	1.442580e+03
1.190000e-06	4.280433e-06	2.241015e-08	3.058061e+01	1.472319e+03
1.200000e-06	4.377066e-06	2.283953e-08	3.127098e+01	1.500554e+03
1.210000e-06	4.472027e-06	2.324849e-08	3.194941e+01	1.527421e+03
1.220000e-06	4.565539e-06	2.363928e-08	3.261748e+01	1.553026e+03
1.230000e-06	4.657691e-06	2.401344e-08	3.327584e+01	1.577442e+03
1.240000e-06	4.748218e-06	2.436776e-08	3.392259e+01	1.600717e+03
1.250000e-06	4.836830e-06	2.470109e-08	3.455566e+01	1.622881e+03
1.260000e-06	4.923580e-06	2.501831e-08	3.517542e+01	1.643963e+03
1.270000e-06	5.008618e-06	2.532334e-08	3.578296e+01	1.664000e+03
1.280000e-06	5.091993e-06	2.561411e-08	3.637861e+01	1.683046e+03
1.290000e-06	5.173572e-06	2.588911e-08	3.696143e+01	1.701167e+03
1.300000e-06	5.253221e-06	2.615100e-08	3.753047e+01	1.718442e+03
1.310000e-06	5.330972e-06	2.640228e-08	3.808595e+01	1.734944e+03
1.320000e-06	5.406861e-06	2.664403e-08	3.862812e+01	1.750737e+03
1.330000e-06	5.480603e-06	2.687510e-08	3.915495e+01	1.765865e+03
1.340000e-06	5.552142e-06	2.709541e-08	3.966605e+01	1.780347e+03
1.350000e-06	5.621705e-06	2.730632e-08	4.016302e+01	1.794184e+03
1.360000e-06	5.689351e-06	2.750540e-08	4.064631e+01	1.807367e+03
1.370000e-06	5.754895e-06	2.769283e-08	4.111457e+01	1.819887e+03
1.380000e-06	5.818279e-06	2.786892e-08	4.156740e+01	1.831745e+03
1.390000e-06	5.879726e-06	2.803401e-08	4.200640e+01	1.842959e+03
1.400000e-06	5.939287e-06	2.819340e-08	4.243192e+01	1.853565e+03
1.410000e-06	5.996660e-06	2.834986e-08	4.284180e+01	1.863608e+03
1.420000e-06	6.051828e-06	2.850367e-08	4.323594e+01	1.873136e+03
1.430000e-06	6.104834e-06	2.865090e-08	4.361463e+01	1.882188e+03
1.440000e-06	6.155282e-06	2.878743e-08	4.397505e+01	1.890786e+03
1.450000e-06	6.203207e-06	2.891395e-08	4.431743e+01	1.898929e+03
1.460000e-06	6.248949e-06	2.903010e-08	4.464423e+01	1.906600e+03
1.470000e-06	6.292646e-06	2.913508e-08	4.495641e+01	1.913773e+03
1.480000e-06	6.334035e-06	2.922981e-08	4.525211e+01	1.920424e+03
1.490000e-06	6.373077e-06	2.931844e-08	4.553104e+01	1.926540e+03
1.500000e-06	6.410017e-06	2.940469e-08	4.579495e+01	1.932132e+03
1.510000e-06	6.444780e-06	2.948700e-08	4.604330e+01	1.937229e+03
1.520000e-06	6.477179e-06	2.956230e-08	4.627477e+01	1.941880e+03
1.530000e-06	6.507287e-06	2.963235e-08	4.648987e+01	1.946138e+03
1.540000e-06	6.535268e-06	2.969621e-08	4.668977e+01	1.950047e+03
1.550000e-06	6.560845e-06	2.975266e-08	4.687250e+01	1.953636e+03
1.560000e-06	6.583902e-06	2.980217e-08	4.703723e+01	1.956905e+03
1.570000e-06	6.604729e-06	2.984600e-08	4.718602e+01	1.959833e+03
1.580000e-06	6.623291e-06	2.988291e-08	4.731863e+01	1.962381e+03
1.590000e-06	6.639376e-06	2.991223e-08	4.743355e+01	1.964506e+03
1.600000e-06	6.652997e-06	2.993632e-08	4.753086e+01	1.966178e+03
1.610000e-06	6.664103e-06	2.995614e-08	4.761021e+01	1.967387e+03
1.620000e-06	6.672573e-06	2.997270e-08	4.767072e+01	1.968154e+03
1.630000e-06	6.678584e-06	2.998624e-08	4.771366e+01	1.968527e+03
1.640000e-06	6.682362e-06	2.999464e-08	4.774065e+01	1.968568e+03
1.650000e-06	6.683775e-06	2.999742e-08	4.775075e+01	1.968341e+03
1.660000e-06	6.682821e-06	2.999189e-08	4.774393e+01	1.967894e+03
1.670000e-06	6.679768e-06	2.997269e-08	4.772212e+01	1.967248e+03
1.680000e-06	6.674540e-06	2.995222e-08	4.768477e+01	1.966390e+03
1.690000e-06	6.666958e-06	2.992952e-08	4.763060e+01	1.965276e+03
1.700000e-06	6.657139e-06	2.990601e-08	4.756045e+01	1.963846e+03
1.710000e-06	6.645206e-06	2.988456e-08	4.747520e+01	1.962043e+03
1.720000e-06	6.630992e-06	2.986721e-08	4.737365e+01	1.959829e+03
1.730000e-06	6.614587e-06	2.985214e-08	4.725645e+01	1.957205e+03
1.740000e-06	6.596067e-06	2.974544e-08	4.712414e+01	1.954214e+03
1.750000e-06	6.574711e-06	2.966475e-08	4.697156e+01	1.950938e+03
1.760000e-06	6.550136e-06	2.965746e-08	4.679599e+01	1.947485e+03
1.770000e-06	6.522966e-06	2.959757e-08	4.660188e+01	1.943966e+03
1.780000e-06	6.493776e-06	2.957657e-08	4.639334e+01	1.940467e+03
1.790000e-06	6.462866e-06	2.960697e-08	4.617252e+01	1.937033e+03
1.800000e-06	6.430438e-06	2.944292e-08	4.594084e+01	1.933653e+03
1.810000e-06	6.395978e-06	2.943503e-08	4.569465e+01	1.930256e+03
1.820000e-06	6.359276e-06	2.946474e-08	4.543244e+01	1.926725e+03
1.830000e-06	6.320422e-06	2.929961e-08	4.515485e+01	1.922915e+03
1.840000e-06	6.279200e-06	2.936232e-08	4.486035e+01	1.918679e+03
1.850000e-06	6.235880e-06	2.924503e-08	4.455086e+01	1.913891e+03
1.860000e-06	6.190423e-06	2.911731e-08	4.422610e+01	1.908472e+03
1.870000e-06	6.142618e-06	2.912208e-08	4.388457e+01	1.902393e+03
1.880000e-06	6.092607e-06	2.889906e-08	4.352728e+01	1.895678e+03
1.890000e-06	6.040027e-06	2.885439e-08	4.315163e+01	1.888392e+03
1.900000e-06	5.984851e-06	2.874527e-08	4.275744e+01	1.880627e+03
1.910000e-06	5.927467e-06	2.857489e-08	4.234748e+01	1.872474e+03
1.920000e-06	5.867967e-06	2.851662e-08	4.192239e+01	1.864011e+03
1.930000e-06	5.806393e-06	2.830903e-08	4.148249e+01	1.855287e+03
1.940000e-06	5.742589e-06	2.822954e-08	4.102665e+01	1.846318e+03
1.950000e-06	5.676647e-06	2.806989e-08	4.055554e+01	1.837090e+03
1.960000e-06	5.608521e-06	2.791903e-08	4.006883e+01	1.827567e+03
1.970000e-06	5.538110e-06	2.778003e-08	3.956580e+01	1.817703e+03
1.980000e-06	5.465640e-06	2.755516e-08	3.904806e+01	1.807457e+03
1.990000e-06	5.391207e-06	2.746884e-08	3.851629e+01	1.796796e+03
2.000000e-06	5.314734e-06	2.727934e-08	3.796994e+01	1.785709e+03
2.010000e-06	5.236045e-06	2.712042e-08	3.740776e+01	1.774198e+03
2.020000e-06	5.155396e-06	2.693933e-08	3.683158e+01	1.762276e+03
2.030000e-06	5.073053e-06	2.671442e-08	3.624330e+01	1.749961e+03
2.040000e-06	4.988965e-06	2.653295e-08	3.564255e+01	1.737267e+03
2.050000e-06	4.903131e-06	2.632038e-08	3.502933e+01	1.724199e+03
2.060000e-06	4.815473e-06	2.616067e-08	3.440308e+01	1.710749e+03
2.070000e-06	4.726137e-06	2.594357e-08	3.376484e+01	1.696899e+03
2.080000e-06	4.635273e-06	2.571926e-08	3.311568e+01	1.682624e+03
2.090000e-06	4.542787e-06	2.547111e-08	3.245493e+01	1.667896e+03
2.100000e-06	4.448675e-06	2.524490e-08	3.178257e+01	1.652690e+03
2.110000e-06	4.352966e-06	2.502926e-08	3.109880e+01	1.636988e+03
2.120000e-06	4.255758e-06	2.477045e-08	3.040432e+01	1.620784e+03
2.130000e-06	4.157171e-06	2.451663e-08	2.969998e+01	1.604078e+03
2.140000e-06	4.057137e-06	2.424390e-08	2.898532e+01	1.586876e+03
2.150000e-06	3.955565e-06	2.398327e-08	2.825966e+01	1.569185e+03
2.160000e-06	3.852503e-06	2.370210e-08	2.752335e+01	1.551008e+03
2.170000e-06	3.747973e-06	2.342836e-08	2.677656e+01	1.532341e+03
2.180000e-06	3.642114e-06	2.314438e-08	2.602028e+01	1.513170e+03
2.190000e-06	3.535084e-06	2.283518e-08	2.525562e+01	1.493473e+03
2.200000e-06	3.426769e-06	2.251539e-08	2.448179e+01	1.473220e+03
2.210000e-06	3.317158e-06	2.220223e-08	2.369870e+01	1.452377e+03
2.220000e-06	3.206347e-06	2.188259e-08	2.290703e+01	1.430915e+03
2.230000e-06	3.094253e-06	2.153373e-08	2.210620e+01	1.408807e+03
2.240000e-06	2.980975e-06	2.118008e-08	2.129692e+01	1.386038e+03
2.250000e-06	2.866609e-06	2.082976e-08	2.047986e+01	1.362602e+03
2.260000e-06	2.751062e-06	2.047353e-08	1.965435e+01	1.338500e+03
2.270000e-06	2.634313e-06	2.009117e-08	1.882026e+01	1.313736e+03
2.280000e-06	2.516461e-06	1.970642e-08	1.797830e+01	1.288315e+03
2.290000e-06	2.397694e-06	1.931065e-08	1.712979e+01	1.262233e+03
2.300000e-06	2.278057e-06	1.889575e-08	1.627507e+01	1.235475e+03
2.310000e-06	2.157485e-06	1.847172e-08	1.541367e+01	1.208014e+03
2.320000e-06	2.036134e-06	1.804761e-08	1.454671e+01	1.179808e+03
2.330000e-06	1.914250e-06	1.760989e-08	1.367594e+01	1.150808e+03
2.340000e-06	1.791805e-06	1.714650e-08	1.280115e+01	1.120963e+03
2.350000e-06	1.668754e-06	1.667071e-08	1.192204e+01	1.090223e+03
2.360000e-06	1.545155e-06	1.618795e-08	1.103902e+01	1.058551e+03
2.370000e-06	1.421045e-06	1.569288e-08	1.015234e+01	1.025923e+03
2.380000e-06	1.296378e-06	1.518098e-08	9.261683e+00	9.923305e+02
2.390000e-06	1.171217e-06	1.466072e-08	8.367498e+00	9.577741e+02
2.400000e-06	1.045673e-06	1.412071e-08	7.470579e+00	9.222596e+02
2.410000e-06	9.197498e-07	1.355723e-08	6.570948e+00	8.857890e+02
2.420000e-06	7.935483e-07	1.297897e-08	5.669330e+00	8.483533e+02
2.430000e-06	6.671734e-07	1.239131e-08	4.766473e+00	8.099294e+02
2.440000e-06	5.406012e-07	1.179095e-08	3.862205e+00	7.704795e+02
2.450000e-06	4.138650e-07	1.117313e-08	2.956767e+00	7.299564e+02
2.460000e-06	2.869876e-07	1.054099e-08	2.050319e+00	6.883112e+02
2.470000e-06	1.599291e-07	9.887904e-09	1.142578e+00	6.455011e+02
2.480000e-06	3.278220e-08	9.209575e-09	2.342051e-01	6.014947e+02
2.490000e-06	-9.439603e-08	8.513041e-09	-6.743915e-01	5.562711e+02
2.500000e-06	-2.216129e-07	7.802561e-09	-1.583264e+00	5.098106e+02
2.510000e-06	-3.487611e-07	7.077359e-09	-2.491647e+00	4.620788e+02
2.520000e-06	-4.757680e-07	6.331439e-09	-3.399019e+00	4.130054e+02
2.530000e-06	-6.026219e-07	5.560055e-09	-4.305299e+00	3.624631e+02
2.540000e-06	-7.292808e-07	4.759723e-09	-5.210185e+00	3.102538e+02
2.550000e-06	-8.557135e-07	3.927803e-09	-6.113455e+00	2.561072e+02
2.560000e-06	-9.819110e-07	3.063926e-09	-7.015046e+00	1.996964e+02
2.570000e-06	-1.107844e-06	2.161560e-09	-7.914744e+00	1.406728e+02
2.580000e-06	-1.233385e-06	1.215610e-09	-8.811642e+00	7.871692e+01
2.590000e-06	-1.358393e-06	2.254628e-10	-9.704737e+00	1.359862e+01
2.600000e-06	-1.482745e-06	-8.106457e-10	-1.059314e+01	-5.476276e+01
2.610000e-06	-1.606424e-06	-1.896644e-09	-1.147674e+01	-1.262495e+02
2.620000e-06	-1.729469e-06	-3.030992e-09	-1.235580e+01	-2.005177e+02
2.630000e-06	-1.851899e-06	-4.203368e-09	-1.323048e+01	-2.769983e+02
2.640000e-06	-1.973707e-06	-5.400175e-09	-1.410071e+01	-3.549282e+02
2.650000e-06	-2.094818e-06	-6.605887e-09	-1.496596e+01	-4.334088e+02
2.660000e-06	-2.215151e-06	-7.799488e-09	-1.582565e+01	-5.114844e+02
2.670000e-06	-2.334585e-06	-8.967628e-09	-1.667892e+01	-5.882264e+02
2.680000e-06	-2.453100e-06	-1.010424e-08	-1.752563e+01	-6.628127e+02
2.690000e-06	-2.570651e-06	-1.120189e-08	-1.836545e+01	-7.345881e+02
2.700000e-06	-2.687054e-06	-1.225365e-08	-1.919706e+01	-8.030993e+02
2.710000e-06	-2.802232e-06	-1.324974e-08	-2.001992e+01	-8.680996e+02
2.720000e-06	-2.916251e-06	-1.418845e-08	-2.083451e+01	-9.295276e+02
2.730000e-06	-3.029148e-06	-1.507541e-08	-2.164108e+01	-9.874648e+02
2.740000e-06	-3.140904e-06	-1.591380e-08	-2.243949e+01	-1.042084e+03
2.750000e-06	-3.251409e-06	-1.670632e-08	-2.322897e+01	-1.093601e+03
2.760000e-06	-3.360715e-06	-1.745287e-08	-2.400989e+01	-1.142227e+03
2.770000e-06	-3.468945e-06	-1.815462e-08	-2.478311e+01	-1.188154e+03
2.780000e-06	-3.576091e-06	-1.881767e-08	-2.554859e+01	-1.231535e+03
2.790000e-06	-3.682094e-06	-1.944510e-08	-2.630590e+01	-1.272497e+03
2.800000e-06	-3.786822e-06	-2.003767e-08	-2.705411e+01	-1.311154e+03
2.810000e-06	-3.890148e-06	-2.059619e-08	-2.779230e+01	-1.347619e+03
2.820000e-06	-3.991941e-06	-2.112364e-08	-2.851954e+01	-1.382021e+03
2.830000e-06	-4.092236e-06	-2.162243e-08	-2.923607e+01	-1.414506e+03
2.840000e-06	-4.191176e-06	-2.209453e-08	-2.994293e+01	-1.445234e+03
2.850000e-06	-4.288769e-06	-2.254185e-08	-3.064016e+01	-1.474367e+03
2.860000e-06	-4.384940e-06	-2.296486e-08	-3.132723e+01	-1.502052e+03
2.870000e-06	-4.479554e-06	-2.336741e-08	-3.200318e+01	-1.528414e+03
2.880000e-06	-4.572411e-06	-2.375109e-08	-3.266658e+01	-1.553547e+03
2.890000e-06	-4.663561e-06	-2.411889e-08	-3.331777e+01	-1.577512e+03
2.900000e-06	-4.753139e-06	-2.447177e-08	-3.395775e+01	-1.600350e+03
2.910000e-06	-4.841034e-06	-2.480609e-08	-3.458569e+01	-1.622087e+03
2.920000e-06	-4.927058e-06	-2.512109e-08	-3.520027e+01	-1.642756e+03
2.930000e-06	-5.011250e-06	-2.541817e-08	-3.580177e+01	-1.662399e+03
2.940000e-06	-5.093784e-06	-2.570141e-08	-3.639141e+01	-1.681075e+03
2.950000e-06	-5.174594e-06	-2.597384e-08	-3.696874e+01	-1.698856e+03
2.960000e-06	-5.253427e-06	-2.623496e-08	-3.753195e+01	-1.715820e+03
2.970000e-06	-5.330051e-06	-2.648451e-08	-3.807937e+01	-1.732040e+03
2.980000e-06	-5.404594e-06	-2.672439e-08	-3.861192e+01	-1.747570e+03
2.990000e-06	-5.477241e-06	-2.695525e-08	-3.913093e+01	-1.762445e+03
3.000000e-06	-5.547821e-06	-2.717471e-08	-3.963517e+01	-1.776676e+03
3.010000e-06	-5.616281e-06	-2.738223e-08	-4.012428e+01	-1.790260e+03
3.020000e-06	-5.682741e-06	-2.757937e-08	-4.059908e+01	-1.803185e+03
3.030000e-06	-5.747314e-06	-2.776571e-08	-4.106041e+01	-1.815446e+03
3.040000e-06	-5.809839e-06	-2.794105e-08	-4.150710e+01	-1.827050e+03
3.050000e-06	-5.870201e-06	-2.810795e-08	-4.193835e+01	-1.838022e+03
3.060000e-06	-5.928467e-06	-2.826866e-08	-4.235462e+01	-1.848403e+03
3.070000e-06	-5.984720e-06	-2.842001e-08	-4.275650e+01	-1.858241e+03
3.080000e-06	-6.038837e-06	-2.856105e-08	-4.314313e+01	-1.867581e+03
3.090000e-06	-6.090521e-06	-2.869281e-08	-4.351238e+01	-1.876455e+03
3.100000e-06	-6.139650e-06	-2.881780e-08	-4.386337e+01	-1.884877e+03
3.110000e-06	-6.186363e-06	-2.894101e-08	-4.419710e+01	-1.892840e+03
3.120000e-06	-6.231072e-06	-2.905703e-08	-4.451651e+01	-1.900321e+03
3.130000e-06	-6.273827e-06	-2.915940e-08	-4.482196e+01	-1.907293e+03
3.140000e-06	-6.314544e-06	-2.925165e-08	-4.511286e+01	-1.913736e+03
3.150000e-06	-6.353012e-06	-2.933816e-08	-4.538769e+01	-1.919646e+03
3.160000e-06	-6.389148e-06	-2.942112e-08	-4.564585e+01	-1.925041e+03
3.170000e-06	-6.423086e-06	-2.949848e-08	-4.588831e+01	-1.929959e+03
3.180000e-06	-6.454678e-06	-2.956920e-08	-4.611401e+01	-1.934451e+03
3.190000e-06	-6.483828e-06	-2.963357e-08	-4.632227e+01	-1.938570e+03
3.200000e-06	-6.510634e-06	-2.969365e-08	-4.651378e+01	-1.942353e+03
3.210000e-06	-6.535210e-06	-2.974665e-08	-4.668936e+01	-1.945820e+03
3.220000e-06	-6.557387e-06	-2.979171e-08	-4.684780e+01	-1.948961e+03
3.230000e-06	-6.577230e-06	-2.982925e-08	-4.698956e+01	-1.951747e+03
3.240000e-06	-6.594936e-06	-2.986048e-08	-4.711606e+01	-1.954136e+03
3.250000e-06	-6.610178e-06	-2.988651e-08	-4.722495e+01	-1.956087e+03
3.260000e-06	-6.622699e-06	-2.990691e-08	-4.731440e+01	-1.957579e+03
3.270000e-06	-6.632691e-06	-2.992282e-08	-4.738579e+01	-1.958612e+03
3.280000e-06	-6.640319e-06	-2.993395e-08	-4.744029e+01	-1.959220e+03
3.290000e-06	-6.645496e-06	-2.993913e-08	-4.747727e+01	-1.959456e+03
3.300000e-06	-6.648318e-06	-2.993835e-08	-4.749744e+01	-1.959387e+03
3.310000e-06	-6.648927e-06	-2.993250e-08	-4.750179e+01	-1.959071e+03
