# Temperatura_=_89.26
# Concentracion g/m^3_=_26700.0
# C_Vs_to_Am_M_A/Vsm_=_65563218390.804596
# pendiente_HvsI_1/m_=_3716.3
# ordenada_HvsI_A/m_=_1297.0
# frecuencia_Hz_=_302423.1346518101

Tiempo_(s)	Campo_(V.s)	Magnetizacion_(V.s)	Campo_(kA/m)	Magnetizacion_(A/m)
0.000000e+00	-8.004111e-06	-2.423649e-08	-5.689116e+01	-1.585564e+03
1.000000e-08	-8.000776e-06	-2.422691e-08	-5.686746e+01	-1.585099e+03
2.000000e-08	-7.994809e-06	-2.421575e-08	-5.682504e+01	-1.584427e+03
3.000000e-08	-7.986265e-06	-2.420133e-08	-5.676432e+01	-1.583540e+03
4.000000e-08	-7.974933e-06	-2.418379e-08	-5.668377e+01	-1.582431e+03
5.000000e-08	-7.960621e-06	-2.416056e-08	-5.658205e+01	-1.581094e+03
6.000000e-08	-7.943487e-06	-2.413230e-08	-5.646026e+01	-1.579522e+03
7.000000e-08	-7.923976e-06	-2.409437e-08	-5.632158e+01	-1.577709e+03
8.000000e-08	-7.902046e-06	-2.407365e-08	-5.616571e+01	-1.575657e+03
9.000000e-08	-7.877142e-06	-2.404040e-08	-5.598870e+01	-1.573373e+03
1.000000e-07	-7.848996e-06	-2.400636e-08	-5.578865e+01	-1.570880e+03
1.100000e-07	-7.817874e-06	-2.397379e-08	-5.556744e+01	-1.568216e+03
1.200000e-07	-7.783896e-06	-2.391168e-08	-5.532593e+01	-1.565427e+03
1.300000e-07	-7.747253e-06	-2.385338e-08	-5.506548e+01	-1.562567e+03
1.400000e-07	-7.708449e-06	-2.381261e-08	-5.478967e+01	-1.559680e+03
1.500000e-07	-7.667474e-06	-2.378101e-08	-5.449843e+01	-1.556788e+03
1.600000e-07	-7.623863e-06	-2.368836e-08	-5.418845e+01	-1.553886e+03
1.700000e-07	-7.577532e-06	-2.364789e-08	-5.385915e+01	-1.550928e+03
1.800000e-07	-7.528421e-06	-2.362515e-08	-5.351008e+01	-1.547839e+03
1.900000e-07	-7.476212e-06	-2.350981e-08	-5.313899e+01	-1.544519e+03
2.000000e-07	-7.421159e-06	-2.344307e-08	-5.274769e+01	-1.540862e+03
2.100000e-07	-7.363412e-06	-2.339943e-08	-5.233724e+01	-1.536779e+03
2.200000e-07	-7.302996e-06	-2.335375e-08	-5.190782e+01	-1.532213e+03
2.300000e-07	-7.239976e-06	-2.327599e-08	-5.145989e+01	-1.527152e+03
2.400000e-07	-7.174143e-06	-2.315431e-08	-5.099196e+01	-1.521630e+03
2.500000e-07	-7.105625e-06	-2.307766e-08	-5.050495e+01	-1.515719e+03
2.600000e-07	-7.034437e-06	-2.296941e-08	-4.999897e+01	-1.509506e+03
2.700000e-07	-6.960391e-06	-2.285154e-08	-4.947267e+01	-1.503078e+03
2.800000e-07	-6.883555e-06	-2.276107e-08	-4.892654e+01	-1.496495e+03
2.900000e-07	-6.803961e-06	-2.269277e-08	-4.836081e+01	-1.489779e+03
3.000000e-07	-6.721807e-06	-2.260261e-08	-4.777688e+01	-1.482907e+03
3.100000e-07	-6.637378e-06	-2.246352e-08	-4.717677e+01	-1.475824e+03
3.200000e-07	-6.550694e-06	-2.234628e-08	-4.656065e+01	-1.468454e+03
3.300000e-07	-6.461660e-06	-2.221435e-08	-4.592781e+01	-1.460725e+03
3.400000e-07	-6.370252e-06	-2.208620e-08	-4.527811e+01	-1.452586e+03
3.500000e-07	-6.276559e-06	-2.194977e-08	-4.461216e+01	-1.444018e+03
3.600000e-07	-6.180656e-06	-2.182015e-08	-4.393051e+01	-1.435043e+03
3.700000e-07	-6.082455e-06	-2.169904e-08	-4.323252e+01	-1.425705e+03
3.800000e-07	-5.982020e-06	-2.155352e-08	-4.251866e+01	-1.416063e+03
3.900000e-07	-5.879515e-06	-2.139822e-08	-4.179008e+01	-1.406166e+03
4.000000e-07	-5.774890e-06	-2.123307e-08	-4.104643e+01	-1.396038e+03
4.100000e-07	-5.668171e-06	-2.107786e-08	-4.028790e+01	-1.385667e+03
4.200000e-07	-5.559485e-06	-2.091757e-08	-3.951539e+01	-1.375012e+03
4.300000e-07	-5.448901e-06	-2.075748e-08	-3.872939e+01	-1.364007e+03
4.400000e-07	-5.336271e-06	-2.057936e-08	-3.792884e+01	-1.352584e+03
4.500000e-07	-5.221542e-06	-2.039349e-08	-3.711338e+01	-1.340689e+03
4.600000e-07	-5.104797e-06	-2.019935e-08	-3.628358e+01	-1.328297e+03
4.700000e-07	-4.986256e-06	-1.999206e-08	-3.544102e+01	-1.315415e+03
4.800000e-07	-4.865903e-06	-1.979028e-08	-3.458559e+01	-1.302078e+03
4.900000e-07	-4.743678e-06	-1.959781e-08	-3.371684e+01	-1.288334e+03
5.000000e-07	-4.619729e-06	-1.939374e-08	-3.283584e+01	-1.274223e+03
5.100000e-07	-4.494113e-06	-1.915853e-08	-3.194300e+01	-1.259761e+03
5.200000e-07	-4.366926e-06	-1.892457e-08	-3.103899e+01	-1.244931e+03
5.300000e-07	-4.238084e-06	-1.869329e-08	-3.012321e+01	-1.229680e+03
5.400000e-07	-4.107623e-06	-1.844966e-08	-2.919593e+01	-1.213933e+03
5.500000e-07	-3.975643e-06	-1.818979e-08	-2.825785e+01	-1.197609e+03
5.600000e-07	-3.842217e-06	-1.793496e-08	-2.730949e+01	-1.180641e+03
5.700000e-07	-3.707454e-06	-1.767723e-08	-2.635163e+01	-1.162994e+03
5.800000e-07	-3.571247e-06	-1.739461e-08	-2.538350e+01	-1.144670e+03
5.900000e-07	-3.433551e-06	-1.710130e-08	-2.440480e+01	-1.125704e+03
6.000000e-07	-3.294474e-06	-1.680789e-08	-2.341627e+01	-1.106146e+03
6.100000e-07	-3.154055e-06	-1.650300e-08	-2.241821e+01	-1.086042e+03
6.200000e-07	-3.012258e-06	-1.617859e-08	-2.141035e+01	-1.065410e+03
6.300000e-07	-2.869135e-06	-1.585762e-08	-2.039308e+01	-1.044231e+03
6.400000e-07	-2.724907e-06	-1.553446e-08	-1.936794e+01	-1.022441e+03
6.500000e-07	-2.579766e-06	-1.518791e-08	-1.833631e+01	-9.999455e+02
6.600000e-07	-2.433801e-06	-1.482276e-08	-1.729883e+01	-9.766405e+02
6.700000e-07	-2.287021e-06	-1.445254e-08	-1.625556e+01	-9.524336e+02
6.800000e-07	-2.139494e-06	-1.407243e-08	-1.520697e+01	-9.272655e+02
6.900000e-07	-1.991310e-06	-1.367184e-08	-1.415372e+01	-9.011172e+02
7.000000e-07	-1.842497e-06	-1.326068e-08	-1.309600e+01	-8.740048e+02
7.100000e-07	-1.693082e-06	-1.283969e-08	-1.203399e+01	-8.459598e+02
7.200000e-07	-1.543130e-06	-1.239924e-08	-1.096817e+01	-8.170025e+02
7.300000e-07	-1.392669e-06	-1.193818e-08	-9.898733e+00	-7.871156e+02
7.400000e-07	-1.241728e-06	-1.146458e-08	-8.825886e+00	-7.562281e+02
7.500000e-07	-1.090337e-06	-1.097500e-08	-7.749836e+00	-7.242164e+02
7.600000e-07	-9.385214e-07	-1.046280e-08	-6.670769e+00	-6.909229e+02
7.700000e-07	-7.863065e-07	-9.932098e-09	-5.588865e+00	-6.561904e+02
7.800000e-07	-6.337786e-07	-9.383737e-09	-4.504735e+00	-6.199004e+02
7.900000e-07	-4.810618e-07	-8.814437e-09	-3.419263e+00	-5.820049e+02
8.000000e-07	-3.281722e-07	-8.218877e-09	-2.332563e+00	-5.425388e+02
8.100000e-07	-1.751183e-07	-7.599236e-09	-1.244696e+00	-5.016049e+02
8.200000e-07	-2.198688e-08	-6.957764e-09	-1.562771e-01	-4.593308e+02
8.300000e-07	1.311319e-07	-6.295478e-09	9.320520e-01	-4.158061e+02
8.400000e-07	2.842483e-07	-5.611020e-09	2.020364e+00	-3.710121e+02
8.500000e-07	4.373610e-07	-4.902024e-09	3.108650e+00	-3.247667e+02
8.600000e-07	5.903780e-07	-4.162713e-09	4.196255e+00	-2.766988e+02
8.700000e-07	7.431989e-07	-3.386777e-09	5.282466e+00	-2.262689e+02
8.800000e-07	8.958140e-07	-2.571169e-09	6.367215e+00	-1.728370e+02
8.900000e-07	1.048170e-06	-1.704387e-09	7.450126e+00	-1.157724e+02
9.000000e-07	1.200057e-06	-7.780446e-10	8.529695e+00	-5.458555e+01
9.100000e-07	1.351411e-06	2.117181e-10	9.605480e+00	1.094191e+01
9.200000e-07	1.502173e-06	1.265188e-09	1.067706e+01	8.065653e+01
9.300000e-07	1.652278e-06	2.380487e-09	1.174397e+01	1.539848e+02
9.400000e-07	1.801835e-06	3.546115e-09	1.280698e+01	2.299506e+02
9.500000e-07	1.950808e-06	4.737779e-09	1.386584e+01	3.072581e+02
9.600000e-07	2.099129e-06	5.924753e-09	1.492007e+01	3.844286e+02
9.700000e-07	2.246726e-06	7.077265e-09	1.596915e+01	4.599667e+02
9.800000e-07	2.393420e-06	8.173231e-09	1.701181e+01	5.325263e+02
9.900000e-07	2.539258e-06	9.198979e-09	1.804839e+01	6.010485e+02
1.000000e-06	2.684276e-06	1.015123e-08	1.907915e+01	6.648482e+02
1.010000e-06	2.828197e-06	1.103286e-08	2.010210e+01	7.236385e+02
1.020000e-06	2.970970e-06	1.184656e-08	2.111689e+01	7.774939e+02
1.030000e-06	3.112630e-06	1.259459e-08	2.212377e+01	8.267652e+02
1.040000e-06	3.253040e-06	1.328459e-08	2.312177e+01	8.719683e+02
1.050000e-06	3.392124e-06	1.392494e-08	2.411035e+01	9.136705e+02
1.060000e-06	3.529883e-06	1.451885e-08	2.508950e+01	9.523955e+02
1.070000e-06	3.666325e-06	1.506652e-08	2.605929e+01	9.885632e+02
1.080000e-06	3.801368e-06	1.557364e-08	2.701914e+01	1.022468e+03
1.090000e-06	3.934995e-06	1.604811e-08	2.796893e+01	1.054293e+03
1.100000e-06	4.067292e-06	1.649444e-08	2.890927e+01	1.084147e+03
1.110000e-06	4.198164e-06	1.691371e-08	2.983947e+01	1.112112e+03
1.120000e-06	4.327508e-06	1.730662e-08	3.075882e+01	1.138279e+03
1.130000e-06	4.455253e-06	1.767816e-08	3.166680e+01	1.162778e+03
1.140000e-06	4.581438e-06	1.803162e-08	3.256368e+01	1.185778e+03
1.150000e-06	4.706147e-06	1.836665e-08	3.345009e+01	1.207471e+03
1.160000e-06	4.829268e-06	1.868314e-08	3.432519e+01	1.228050e+03
1.170000e-06	4.950694e-06	1.898175e-08	3.518826e+01	1.247679e+03
1.180000e-06	5.070268e-06	1.926637e-08	3.603816e+01	1.266477e+03
1.190000e-06	5.187963e-06	1.953717e-08	3.687471e+01	1.284503e+03
1.200000e-06	5.303773e-06	1.979482e-08	3.769786e+01	1.301773e+03
1.210000e-06	5.417531e-06	2.004090e-08	3.850642e+01	1.318270e+03
1.220000e-06	5.529222e-06	2.027591e-08	3.930029e+01	1.333972e+03
1.230000e-06	5.638873e-06	2.050023e-08	4.007966e+01	1.348873e+03
1.240000e-06	5.746567e-06	2.071413e-08	4.084512e+01	1.362994e+03
1.250000e-06	5.852249e-06	2.091939e-08	4.159628e+01	1.376390e+03
1.260000e-06	5.955716e-06	2.111569e-08	4.233170e+01	1.389138e+03
1.270000e-06	6.056973e-06	2.130209e-08	4.305141e+01	1.401322e+03
1.280000e-06	6.156045e-06	2.147843e-08	4.375559e+01	1.413020e+03
1.290000e-06	6.252725e-06	2.164659e-08	4.444276e+01	1.424284e+03
1.300000e-06	6.347036e-06	2.180907e-08	4.511310e+01	1.435140e+03
1.310000e-06	6.439180e-06	2.196650e-08	4.576804e+01	1.445585e+03
1.320000e-06	6.529035e-06	2.211803e-08	4.640670e+01	1.455595e+03
1.330000e-06	6.616505e-06	2.226280e-08	4.702841e+01	1.465145e+03
1.340000e-06	6.701695e-06	2.240273e-08	4.763392e+01	1.474215e+03
1.350000e-06	6.784576e-06	2.253730e-08	4.822302e+01	1.482800e+03
1.360000e-06	6.865024e-06	2.266192e-08	4.879482e+01	1.490918e+03
1.370000e-06	6.942931e-06	2.277748e-08	4.934857e+01	1.498597e+03
1.380000e-06	7.018241e-06	2.288907e-08	4.988385e+01	1.505876e+03
1.390000e-06	7.090924e-06	2.299732e-08	5.040046e+01	1.512788e+03
1.400000e-06	7.161069e-06	2.309962e-08	5.089904e+01	1.519358e+03
1.410000e-06	7.228764e-06	2.319492e-08	5.138019e+01	1.525598e+03
1.420000e-06	7.293817e-06	2.328625e-08	5.184258e+01	1.531506e+03
1.430000e-06	7.356230e-06	2.337328e-08	5.228619e+01	1.537078e+03
1.440000e-06	7.416144e-06	2.345166e-08	5.271205e+01	1.542307e+03
1.450000e-06	7.473489e-06	2.352355e-08	5.311964e+01	1.547200e+03
1.460000e-06	7.528148e-06	2.359105e-08	5.350814e+01	1.551772e+03
1.470000e-06	7.579856e-06	2.365529e-08	5.387567e+01	1.556050e+03
1.480000e-06	7.628482e-06	2.371729e-08	5.422129e+01	1.560065e+03
1.490000e-06	7.674282e-06	2.377733e-08	5.454682e+01	1.563845e+03
1.500000e-06	7.717430e-06	2.383570e-08	5.485350e+01	1.567409e+03
1.510000e-06	7.757795e-06	2.388954e-08	5.514041e+01	1.570758e+03
1.520000e-06	7.795345e-06	2.393601e-08	5.540731e+01	1.573880e+03
1.530000e-06	7.830188e-06	2.397801e-08	5.565496e+01	1.576748e+03
1.540000e-06	7.862237e-06	2.401726e-08	5.588276e+01	1.579332e+03
1.550000e-06	7.891530e-06	2.405243e-08	5.609097e+01	1.581606e+03
1.560000e-06	7.918008e-06	2.408266e-08	5.627916e+01	1.583555e+03
1.570000e-06	7.941515e-06	2.410762e-08	5.644625e+01	1.585177e+03
1.580000e-06	7.962256e-06	2.412800e-08	5.659367e+01	1.586490e+03
1.590000e-06	7.980220e-06	2.414395e-08	5.672135e+01	1.587518e+03
1.600000e-06	7.995206e-06	2.415577e-08	5.682787e+01	1.588295e+03
1.610000e-06	8.007146e-06	2.416558e-08	5.691274e+01	1.588849e+03
1.620000e-06	8.015986e-06	2.417474e-08	5.697557e+01	1.589204e+03
1.630000e-06	8.021898e-06	2.418100e-08	5.701759e+01	1.589371e+03
1.640000e-06	8.025006e-06	2.418345e-08	5.703968e+01	1.589355e+03
1.650000e-06	8.025262e-06	2.418276e-08	5.704150e+01	1.589150e+03
1.660000e-06	8.022850e-06	2.417618e-08	5.702436e+01	1.588749e+03
1.670000e-06	8.017836e-06	2.416426e-08	5.698872e+01	1.588144e+03
1.680000e-06	8.010101e-06	2.414824e-08	5.693374e+01	1.587326e+03
1.690000e-06	7.999661e-06	2.413253e-08	5.685953e+01	1.586288e+03
1.700000e-06	7.986296e-06	2.411957e-08	5.676454e+01	1.585025e+03
1.710000e-06	7.970169e-06	2.410542e-08	5.664991e+01	1.583528e+03
1.720000e-06	7.951766e-06	2.409194e-08	5.651911e+01	1.581793e+03
1.730000e-06	7.931016e-06	2.405527e-08	5.637162e+01	1.579816e+03
1.740000e-06	7.907159e-06	2.403067e-08	5.620205e+01	1.577604e+03
1.750000e-06	7.879471e-06	2.397350e-08	5.600525e+01	1.575175e+03
1.760000e-06	7.848259e-06	2.392064e-08	5.578340e+01	1.572560e+03
1.770000e-06	7.814467e-06	2.389834e-08	5.554322e+01	1.569805e+03
1.780000e-06	7.778521e-06	2.387291e-08	5.528772e+01	1.566962e+03
1.790000e-06	7.740325e-06	2.380902e-08	5.501624e+01	1.564079e+03
1.800000e-06	7.700050e-06	2.377088e-08	5.472998e+01	1.561187e+03
1.810000e-06	7.657433e-06	2.376784e-08	5.442707e+01	1.558290e+03
1.820000e-06	7.612127e-06	2.369422e-08	5.410504e+01	1.555357e+03
1.830000e-06	7.564081e-06	2.370708e-08	5.376354e+01	1.552320e+03
1.840000e-06	7.513052e-06	2.369206e-08	5.340084e+01	1.549085e+03
1.850000e-06	7.459024e-06	2.364648e-08	5.301682e+01	1.545546e+03
1.860000e-06	7.402121e-06	2.355383e-08	5.261237e+01	1.541607e+03
1.870000e-06	7.342700e-06	2.341516e-08	5.219003e+01	1.537200e+03
1.880000e-06	7.280650e-06	2.338736e-08	5.174898e+01	1.532296e+03
1.890000e-06	7.215603e-06	2.330066e-08	5.128665e+01	1.526915e+03
1.900000e-06	7.147822e-06	2.326065e-08	5.080488e+01	1.521119e+03
1.910000e-06	7.077298e-06	2.320144e-08	5.030361e+01	1.514993e+03
1.920000e-06	7.004053e-06	2.307566e-08	4.978301e+01	1.508625e+03
1.930000e-06	6.928061e-06	2.296277e-08	4.924288e+01	1.502087e+03
1.940000e-06	6.849285e-06	2.281211e-08	4.868296e+01	1.495413e+03
1.950000e-06	6.768006e-06	2.274866e-08	4.810524e+01	1.488595e+03
1.960000e-06	6.684239e-06	2.263973e-08	4.750985e+01	1.481587e+03
1.970000e-06	6.597983e-06	2.254505e-08	4.689676e+01	1.474317e+03
1.980000e-06	6.509223e-06	2.244356e-08	4.626588e+01	1.466710e+03
1.990000e-06	6.418197e-06	2.229948e-08	4.561889e+01	1.458705e+03
2.000000e-06	6.324997e-06	2.217890e-08	4.495645e+01	1.450275e+03
2.010000e-06	6.229488e-06	2.202065e-08	4.427760e+01	1.441426e+03
2.020000e-06	6.131806e-06	2.189868e-08	4.358330e+01	1.432198e+03
2.030000e-06	6.031935e-06	2.174813e-08	4.287344e+01	1.422647e+03
2.040000e-06	5.929836e-06	2.161046e-08	4.214775e+01	1.412827e+03
2.050000e-06	5.825585e-06	2.146879e-08	4.140676e+01	1.402772e+03
2.060000e-06	5.719446e-06	2.129828e-08	4.065235e+01	1.392482e+03
2.070000e-06	5.611427e-06	2.111770e-08	3.988458e+01	1.381924e+03
2.080000e-06	5.501345e-06	2.093839e-08	3.910214e+01	1.371038e+03
2.090000e-06	5.389148e-06	2.077488e-08	3.830468e+01	1.359756e+03
2.100000e-06	5.274944e-06	2.059941e-08	3.749295e+01	1.348016e+03
2.110000e-06	5.158742e-06	2.043311e-08	3.666701e+01	1.335784e+03
2.120000e-06	5.040542e-06	2.025414e-08	3.582688e+01	1.323056e+03
2.130000e-06	4.920471e-06	2.004409e-08	3.497344e+01	1.309860e+03
2.140000e-06	4.798609e-06	1.980820e-08	3.410728e+01	1.296241e+03
2.150000e-06	4.675065e-06	1.959797e-08	3.322916e+01	1.282244e+03
2.160000e-06	4.549733e-06	1.939458e-08	3.233833e+01	1.267894e+03
2.170000e-06	4.422705e-06	1.917788e-08	3.143545e+01	1.253186e+03
2.180000e-06	4.294104e-06	1.894892e-08	3.052139e+01	1.238077e+03
2.190000e-06	4.163978e-06	1.871348e-08	2.959648e+01	1.222498e+03
2.200000e-06	4.032352e-06	1.845856e-08	2.866092e+01	1.206367e+03
2.210000e-06	3.899164e-06	1.818570e-08	2.771426e+01	1.189611e+03
2.220000e-06	3.764496e-06	1.792261e-08	2.675707e+01	1.172183e+03
2.230000e-06	3.628454e-06	1.766145e-08	2.579012e+01	1.154074e+03
2.240000e-06	3.491124e-06	1.738167e-08	2.481401e+01	1.135308e+03
2.250000e-06	3.352494e-06	1.708625e-08	2.382866e+01	1.115934e+03
2.260000e-06	3.212419e-06	1.679191e-08	2.283305e+01	1.096001e+03
2.270000e-06	3.070970e-06	1.648035e-08	2.182766e+01	1.075539e+03
2.280000e-06	2.928341e-06	1.614743e-08	2.081389e+01	1.054540e+03
2.290000e-06	2.784614e-06	1.580893e-08	1.979232e+01	1.032954e+03
2.300000e-06	2.639913e-06	1.547248e-08	1.876382e+01	1.010697e+03
2.310000e-06	2.494332e-06	1.512593e-08	1.772907e+01	9.876622e+02
2.320000e-06	2.347961e-06	1.476240e-08	1.668870e+01	9.637530e+02
2.330000e-06	2.200840e-06	1.438622e-08	1.564301e+01	9.388972e+02
2.340000e-06	2.052904e-06	1.399314e-08	1.459152e+01	9.130629e+02
2.350000e-06	1.904175e-06	1.357945e-08	1.353439e+01	8.862566e+02
2.360000e-06	1.754767e-06	1.315724e-08	1.247244e+01	8.585074e+02
2.370000e-06	1.604859e-06	1.272908e-08	1.140693e+01	8.298423e+02
2.380000e-06	1.454518e-06	1.228484e-08	1.033834e+01	8.002585e+02
2.390000e-06	1.303696e-06	1.181900e-08	9.266337e+00	7.697032e+02
2.400000e-06	1.152405e-06	1.133391e-08	8.190997e+00	7.380683e+02
2.410000e-06	1.000723e-06	1.082519e-08	7.112882e+00	7.052041e+02
2.420000e-06	8.486937e-07	1.029089e-08	6.032297e+00	6.709491e+02
2.430000e-06	6.964139e-07	9.737041e-09	4.949931e+00	6.351682e+02
2.440000e-06	5.439381e-07	9.166909e-09	3.866172e+00	5.977882e+02
2.450000e-06	3.912957e-07	8.576859e-09	2.781229e+00	5.588177e+02
2.460000e-06	2.385050e-07	7.964576e-09	1.695232e+00	5.183411e+02
2.470000e-06	8.558190e-08	7.333296e-09	6.082942e-01	4.764841e+02
2.480000e-06	-6.739190e-08	6.679934e-09	-4.790043e-01	4.333563e+02
2.490000e-06	-2.203834e-07	6.000246e-09	-1.566428e+00	3.889808e+02
2.500000e-06	-3.733455e-07	5.293677e-09	-2.653644e+00	3.432326e+02
2.510000e-06	-5.262436e-07	4.560720e-09	-3.740404e+00	2.958015e+02
2.520000e-06	-6.789642e-07	3.796574e-09	-4.825903e+00	2.461970e+02
2.530000e-06	-8.314412e-07	2.993164e-09	-5.909670e+00	1.938012e+02
2.540000e-06	-9.836774e-07	2.142460e-09	-6.991726e+00	1.379665e+02
2.550000e-06	-1.135583e-06	1.236338e-09	-8.071431e+00	7.814328e+01
2.560000e-06	-1.287102e-06	2.685514e-10	-9.148387e+00	1.401302e+01
2.570000e-06	-1.438139e-06	-7.643589e-10	-1.022192e+01	-5.439844e+01
2.580000e-06	-1.588595e-06	-1.860821e-09	-1.129132e+01	-1.266541e+02
2.590000e-06	-1.738525e-06	-3.012008e-09	-1.235699e+01	-2.019010e+02
2.600000e-06	-1.887859e-06	-4.199679e-09	-1.341842e+01	-2.789335e+02
2.610000e-06	-2.036482e-06	-5.395174e-09	-1.447479e+01	-3.563145e+02
2.620000e-06	-2.184262e-06	-6.569714e-09	-1.552517e+01	-4.325351e+02
2.630000e-06	-2.331067e-06	-7.700504e-09	-1.656863e+01	-5.061843e+02
2.640000e-06	-2.476948e-06	-8.769551e-09	-1.760551e+01	-5.760986e+02
2.650000e-06	-2.621989e-06	-9.765286e-09	-1.863642e+01	-6.414671e+02
2.660000e-06	-2.766129e-06	-1.068487e-08	-1.966093e+01	-7.018761e+02
2.670000e-06	-2.909136e-06	-1.153257e-08	-2.067739e+01	-7.572913e+02
2.680000e-06	-3.050972e-06	-1.231260e-08	-2.168552e+01	-8.079860e+02
2.690000e-06	-3.191668e-06	-1.303089e-08	-2.268556e+01	-8.544358e+02
2.700000e-06	-3.331044e-06	-1.369593e-08	-2.367620e+01	-8.972032e+02
2.710000e-06	-3.469055e-06	-1.431381e-08	-2.465715e+01	-9.368342e+02
2.720000e-06	-3.605790e-06	-1.488822e-08	-2.562903e+01	-9.737864e+02
2.730000e-06	-3.741270e-06	-1.542207e-08	-2.659199e+01	-1.008394e+03
2.740000e-06	-3.875410e-06	-1.591615e-08	-2.754542e+01	-1.040874e+03
2.750000e-06	-4.008156e-06	-1.637605e-08	-2.848895e+01	-1.071353e+03
2.760000e-06	-4.139441e-06	-1.680758e-08	-2.942208e+01	-1.099917e+03
2.770000e-06	-4.269233e-06	-1.721439e-08	-3.034461e+01	-1.126650e+03
2.780000e-06	-4.397669e-06	-1.759989e-08	-3.125750e+01	-1.151670e+03
2.790000e-06	-4.524655e-06	-1.796375e-08	-3.216009e+01	-1.175132e+03
2.800000e-06	-4.650046e-06	-1.830851e-08	-3.305133e+01	-1.197223e+03
2.810000e-06	-4.773746e-06	-1.863327e-08	-3.393056e+01	-1.218141e+03
2.820000e-06	-4.895756e-06	-1.893937e-08	-3.479777e+01	-1.238062e+03
2.830000e-06	-5.016085e-06	-1.923241e-08	-3.565304e+01	-1.257118e+03
2.840000e-06	-5.134582e-06	-1.951349e-08	-3.649529e+01	-1.275389e+03
2.850000e-06	-5.251026e-06	-1.978166e-08	-3.732295e+01	-1.292904e+03
2.860000e-06	-5.365302e-06	-2.003396e-08	-3.813519e+01	-1.309652e+03
2.870000e-06	-5.477416e-06	-2.027295e-08	-3.893207e+01	-1.325612e+03
2.880000e-06	-5.587390e-06	-2.050361e-08	-3.971373e+01	-1.340770e+03
2.890000e-06	-5.695409e-06	-2.072523e-08	-4.048151e+01	-1.355139e+03
2.900000e-06	-5.801482e-06	-2.093815e-08	-4.123544e+01	-1.368761e+03
2.910000e-06	-5.905462e-06	-2.114232e-08	-4.197450e+01	-1.381708e+03
2.920000e-06	-6.007198e-06	-2.133773e-08	-4.269762e+01	-1.394065e+03
2.930000e-06	-6.106685e-06	-2.152350e-08	-4.340474e+01	-1.405912e+03
2.940000e-06	-6.204060e-06	-2.169726e-08	-4.409687e+01	-1.417313e+03
2.950000e-06	-6.299282e-06	-2.186207e-08	-4.477368e+01	-1.428300e+03
2.960000e-06	-6.392175e-06	-2.202026e-08	-4.543393e+01	-1.438879e+03
2.970000e-06	-6.482701e-06	-2.217182e-08	-4.607737e+01	-1.449033e+03
2.980000e-06	-6.570960e-06	-2.231730e-08	-4.670469e+01	-1.458734e+03
2.990000e-06	-6.656847e-06	-2.245690e-08	-4.731516e+01	-1.467960e+03
3.000000e-06	-6.740263e-06	-2.259152e-08	-4.790805e+01	-1.476701e+03
3.010000e-06	-6.821295e-06	-2.272104e-08	-4.848401e+01	-1.484967e+03
3.020000e-06	-6.899870e-06	-2.284235e-08	-4.904250e+01	-1.492784e+03
3.030000e-06	-6.975790e-06	-2.295576e-08	-4.958212e+01	-1.500188e+03
3.040000e-06	-7.049107e-06	-2.306332e-08	-5.010324e+01	-1.507215e+03
3.050000e-06	-7.119903e-06	-2.316476e-08	-5.060644e+01	-1.513894e+03
3.060000e-06	-7.188107e-06	-2.325814e-08	-5.109121e+01	-1.520240e+03
3.070000e-06	-7.253735e-06	-2.334426e-08	-5.155768e+01	-1.526256e+03
3.080000e-06	-7.316843e-06	-2.342769e-08	-5.200624e+01	-1.531937e+03
3.090000e-06	-7.377368e-06	-2.350919e-08	-5.243643e+01	-1.537277e+03
3.100000e-06	-7.435272e-06	-2.358586e-08	-5.284800e+01	-1.542278e+03
3.110000e-06	-7.490518e-06	-2.365916e-08	-5.324068e+01	-1.546952e+03
3.120000e-06	-7.542907e-06	-2.372876e-08	-5.361304e+01	-1.551321e+03
3.130000e-06	-7.592273e-06	-2.379431e-08	-5.396393e+01	-1.555418e+03
3.140000e-06	-7.638678e-06	-2.385626e-08	-5.429376e+01	-1.559272e+03
3.150000e-06	-7.682465e-06	-2.391332e-08	-5.460499e+01	-1.562905e+03
3.160000e-06	-7.723786e-06	-2.396490e-08	-5.489869e+01	-1.566324e+03
3.170000e-06	-7.762387e-06	-2.400952e-08	-5.517305e+01	-1.569522e+03
3.180000e-06	-7.798183e-06	-2.405044e-08	-5.542748e+01	-1.572475e+03
3.190000e-06	-7.831236e-06	-2.408846e-08	-5.566241e+01	-1.575155e+03
3.200000e-06	-7.861431e-06	-2.412383e-08	-5.587703e+01	-1.577531e+03
3.210000e-06	-7.888749e-06	-2.415482e-08	-5.607120e+01	-1.579586e+03
3.220000e-06	-7.913332e-06	-2.418244e-08	-5.624593e+01	-1.581313e+03
3.230000e-06	-7.935080e-06	-2.420640e-08	-5.640050e+01	-1.582723e+03
3.240000e-06	-7.953985e-06	-2.422532e-08	-5.653488e+01	-1.583840e+03
3.250000e-06	-7.970057e-06	-2.423867e-08	-5.664911e+01	-1.584695e+03
3.260000e-06	-7.982992e-06	-2.424663e-08	-5.674106e+01	-1.585319e+03
3.270000e-06	-7.992821e-06	-2.425041e-08	-5.681092e+01	-1.585736e+03
3.280000e-06	-7.999703e-06	-2.425020e-08	-5.685983e+01	-1.585964e+03
3.290000e-06	-8.003748e-06	-2.424777e-08	-5.688858e+01	-1.586007e+03
3.300000e-06	-8.005094e-06	-2.424256e-08	-5.689815e+01	-1.585864e+03
