# Temperatura_=_60.17
# Concentracion g/m^3_=_20000.0
# C_Vs_to_Am_M_A/Vsm_=_65563218390.804596
# pendiente_HvsI_1/m_=_3716.3
# ordenada_HvsI_A/m_=_1297.0
# frecuencia_Hz_=_301607.38725001604

Tiempo_(s)	Campo_(V.s)	Magnetizacion_(V.s)	Campo_(kA/m)	Magnetizacion_(A/m)
0.000000e+00	-5.254856e-06	-1.829096e-08	-3.833141e+01	-1.196052e+03
1.000000e-08	-5.252373e-06	-1.828301e-08	-3.831330e+01	-1.195561e+03
2.000000e-08	-5.248146e-06	-1.826878e-08	-3.828246e+01	-1.194876e+03
3.000000e-08	-5.242270e-06	-1.825403e-08	-3.823960e+01	-1.193985e+03
4.000000e-08	-5.234838e-06	-1.823433e-08	-3.818539e+01	-1.192866e+03
5.000000e-08	-5.225714e-06	-1.820856e-08	-3.811883e+01	-1.191494e+03
6.000000e-08	-5.214597e-06	-1.818046e-08	-3.803774e+01	-1.189849e+03
7.000000e-08	-5.201625e-06	-1.814935e-08	-3.794312e+01	-1.187922e+03
8.000000e-08	-5.186672e-06	-1.814021e-08	-3.783404e+01	-1.185722e+03
9.000000e-08	-5.169469e-06	-1.812752e-08	-3.770856e+01	-1.183279e+03
1.000000e-07	-5.150184e-06	-1.805890e-08	-3.756789e+01	-1.180640e+03
1.100000e-07	-5.129081e-06	-1.801203e-08	-3.741395e+01	-1.177863e+03
1.200000e-07	-5.106310e-06	-1.796809e-08	-3.724784e+01	-1.175010e+03
1.300000e-07	-5.082132e-06	-1.785864e-08	-3.707148e+01	-1.172128e+03
1.400000e-07	-5.056398e-06	-1.787999e-08	-3.688376e+01	-1.169246e+03
1.500000e-07	-5.028946e-06	-1.783833e-08	-3.668351e+01	-1.166360e+03
1.600000e-07	-5.000034e-06	-1.769975e-08	-3.647261e+01	-1.163436e+03
1.700000e-07	-4.969612e-06	-1.775834e-08	-3.625071e+01	-1.160414e+03
1.800000e-07	-4.937270e-06	-1.765892e-08	-3.601479e+01	-1.157213e+03
1.900000e-07	-4.902931e-06	-1.751513e-08	-3.576430e+01	-1.153748e+03
2.000000e-07	-4.867050e-06	-1.755623e-08	-3.550257e+01	-1.149941e+03
2.100000e-07	-4.829582e-06	-1.745406e-08	-3.522926e+01	-1.145737e+03
2.200000e-07	-4.790384e-06	-1.739054e-08	-3.494333e+01	-1.141106e+03
2.300000e-07	-4.749326e-06	-1.735665e-08	-3.464384e+01	-1.136053e+03
2.400000e-07	-4.706359e-06	-1.718912e-08	-3.433041e+01	-1.130607e+03
2.500000e-07	-4.661735e-06	-1.711041e-08	-3.400490e+01	-1.124818e+03
2.600000e-07	-4.615363e-06	-1.702265e-08	-3.366665e+01	-1.118742e+03
2.700000e-07	-4.567129e-06	-1.692934e-08	-3.331481e+01	-1.112431e+03
2.800000e-07	-4.516807e-06	-1.686395e-08	-3.294773e+01	-1.105926e+03
2.900000e-07	-4.464392e-06	-1.673108e-08	-3.256539e+01	-1.099245e+03
3.000000e-07	-4.410277e-06	-1.661376e-08	-3.217065e+01	-1.092389e+03
3.100000e-07	-4.354690e-06	-1.652139e-08	-3.176517e+01	-1.085342e+03
3.200000e-07	-4.297403e-06	-1.643262e-08	-3.134730e+01	-1.078078e+03
3.300000e-07	-4.238424e-06	-1.631774e-08	-3.091707e+01	-1.070569e+03
3.400000e-07	-4.178006e-06	-1.617880e-08	-3.047636e+01	-1.062792e+03
3.500000e-07	-4.116155e-06	-1.605737e-08	-3.002519e+01	-1.054732e+03
3.600000e-07	-4.052979e-06	-1.591046e-08	-2.956435e+01	-1.046387e+03
3.700000e-07	-3.988436e-06	-1.579047e-08	-2.909354e+01	-1.037763e+03
3.800000e-07	-3.922243e-06	-1.567758e-08	-2.861070e+01	-1.028872e+03
3.900000e-07	-3.854451e-06	-1.553053e-08	-2.811619e+01	-1.019727e+03
4.000000e-07	-3.785397e-06	-1.538804e-08	-2.761248e+01	-1.010338e+03
4.100000e-07	-3.715211e-06	-1.522232e-08	-2.710051e+01	-1.000709e+03
4.200000e-07	-3.643931e-06	-1.508023e-08	-2.658056e+01	-9.908382e+02
4.300000e-07	-3.571381e-06	-1.493443e-08	-2.605135e+01	-9.807164e+02
4.400000e-07	-3.497219e-06	-1.477468e-08	-2.551037e+01	-9.703328e+02
4.500000e-07	-3.421475e-06	-1.460296e-08	-2.495786e+01	-9.596759e+02
4.600000e-07	-3.344391e-06	-1.442129e-08	-2.439557e+01	-9.487364e+02
4.700000e-07	-3.266087e-06	-1.425724e-08	-2.382439e+01	-9.375086e+02
4.800000e-07	-3.186455e-06	-1.408800e-08	-2.324352e+01	-9.259902e+02
4.900000e-07	-3.105506e-06	-1.391725e-08	-2.265303e+01	-9.141809e+02
5.000000e-07	-3.023425e-06	-1.372906e-08	-2.205430e+01	-9.020807e+02
5.100000e-07	-2.940383e-06	-1.353197e-08	-2.144855e+01	-8.896882e+02
5.200000e-07	-2.856538e-06	-1.333130e-08	-2.083694e+01	-8.769995e+02
5.300000e-07	-2.771836e-06	-1.313285e-08	-2.021908e+01	-8.640080e+02
5.400000e-07	-2.686207e-06	-1.294278e-08	-1.959447e+01	-8.507054e+02
5.500000e-07	-2.599640e-06	-1.273959e-08	-1.896301e+01	-8.370835e+02
5.600000e-07	-2.512240e-06	-1.251460e-08	-1.832547e+01	-8.231356e+02
5.700000e-07	-2.423977e-06	-1.228724e-08	-1.768164e+01	-8.088580e+02
5.800000e-07	-2.334594e-06	-1.207080e-08	-1.702964e+01	-7.942500e+02
5.900000e-07	-2.244162e-06	-1.185308e-08	-1.636998e+01	-7.793136e+02
6.000000e-07	-2.152897e-06	-1.162197e-08	-1.570425e+01	-7.640515e+02
6.100000e-07	-2.060900e-06	-1.137983e-08	-1.503318e+01	-7.484661e+02
6.200000e-07	-1.968241e-06	-1.113306e-08	-1.435728e+01	-7.325569e+02
6.300000e-07	-1.874839e-06	-1.087819e-08	-1.367596e+01	-7.163202e+02
6.400000e-07	-1.780743e-06	-1.062490e-08	-1.298958e+01	-6.997488e+02
6.500000e-07	-1.686072e-06	-1.037521e-08	-1.229901e+01	-6.828329e+02
6.600000e-07	-1.590887e-06	-1.011825e-08	-1.160468e+01	-6.655618e+02
6.700000e-07	-1.495243e-06	-9.844628e-09	-1.090701e+01	-6.479253e+02
6.800000e-07	-1.399077e-06	-9.560842e-09	-1.020553e+01	-6.299156e+02
6.900000e-07	-1.302316e-06	-9.279630e-09	-9.499713e+00	-6.115273e+02
7.000000e-07	-1.204966e-06	-8.996798e-09	-8.789592e+00	-5.927582e+02
7.100000e-07	-1.107113e-06	-8.706306e-09	-8.075809e+00	-5.736073e+02
7.200000e-07	-1.008814e-06	-8.407616e-09	-7.358770e+00	-5.540743e+02
7.300000e-07	-9.101276e-07	-8.102559e-09	-6.638902e+00	-5.341577e+02
7.400000e-07	-8.111024e-07	-7.788357e-09	-5.916565e+00	-5.138539e+02
7.500000e-07	-7.117780e-07	-7.471753e-09	-5.192046e+00	-4.931570e+02
7.600000e-07	-6.122283e-07	-7.152483e-09	-4.465884e+00	-4.720590e+02
7.700000e-07	-5.125363e-07	-6.824015e-09	-3.738682e+00	-4.505507e+02
7.800000e-07	-4.127081e-07	-6.484561e-09	-3.010489e+00	-4.286231e+02
7.900000e-07	-3.127270e-07	-6.136984e-09	-2.281179e+00	-4.062681e+02
8.000000e-07	-2.126748e-07	-5.790494e-09	-1.551351e+00	-3.834791e+02
8.100000e-07	-1.125559e-07	-5.441495e-09	-8.210359e-01	-3.602508e+02
8.200000e-07	-1.238972e-08	-5.083447e-09	-9.037650e-02	-3.365781e+02
8.300000e-07	8.779487e-08	-4.714516e-09	6.404174e-01	-3.124549e+02
8.400000e-07	1.879857e-07	-4.335114e-09	1.371257e+00	-2.878716e+02
8.500000e-07	2.881718e-07	-3.948396e-09	2.102062e+00	-2.628141e+02
8.600000e-07	3.883183e-07	-3.559764e-09	2.832578e+00	-2.372611e+02
8.700000e-07	4.883456e-07	-3.166089e-09	3.562224e+00	-2.111836e+02
8.800000e-07	5.882412e-07	-2.760092e-09	4.290910e+00	-1.845433e+02
8.900000e-07	6.879884e-07	-2.339450e-09	5.018514e+00	-1.572926e+02
9.000000e-07	7.875537e-07	-1.909672e-09	5.744790e+00	-1.293750e+02
9.100000e-07	8.868576e-07	-1.476569e-09	6.469160e+00	-1.007260e+02
9.200000e-07	9.858247e-07	-1.033956e-09	7.191073e+00	-7.127626e+01
9.300000e-07	1.084352e-06	-5.755897e-10	7.909777e+00	-4.095501e+01
9.400000e-07	1.182377e-06	-9.722442e-11	8.624816e+00	-9.696389e+00
9.500000e-07	1.279806e-06	3.979038e-10	9.335515e+00	2.255332e+01
9.600000e-07	1.376592e-06	9.054588e-10	1.004152e+01	5.582705e+01
9.700000e-07	1.472797e-06	1.426178e-09	1.074328e+01	9.012801e+01
9.800000e-07	1.568427e-06	1.960863e-09	1.144085e+01	1.254217e+02
9.900000e-07	1.663518e-06	2.512224e-09	1.213449e+01	1.616298e+02
1.000000e-06	1.758061e-06	3.076685e-09	1.282413e+01	1.986283e+02
1.010000e-06	1.851980e-06	3.650335e-09	1.350922e+01	2.362488e+02
1.020000e-06	1.945249e-06	4.227487e-09	1.418957e+01	2.742852e+02
1.030000e-06	2.037893e-06	4.806078e-09	1.486536e+01	3.125045e+02
1.040000e-06	2.129938e-06	5.385758e-09	1.553678e+01	3.506598e+02
1.050000e-06	2.221299e-06	5.961639e-09	1.620321e+01	3.885054e+02
1.060000e-06	2.311777e-06	6.529389e-09	1.686320e+01	4.258106e+02
1.070000e-06	2.401236e-06	7.085684e-09	1.751576e+01	4.623719e+02
1.080000e-06	2.489665e-06	7.627635e-09	1.816080e+01	4.980205e+02
1.090000e-06	2.577197e-06	8.152846e-09	1.879930e+01	5.326263e+02
1.100000e-06	2.663929e-06	8.660242e-09	1.943196e+01	5.660975e+02
1.110000e-06	2.749785e-06	9.150536e-09	2.005824e+01	5.983766e+02
1.120000e-06	2.834713e-06	9.623009e-09	2.067774e+01	6.294341e+02
1.130000e-06	2.918777e-06	1.007656e-08	2.129094e+01	6.592623e+02
1.140000e-06	3.002015e-06	1.051055e-08	2.189812e+01	6.878687e+02
1.150000e-06	3.084223e-06	1.092652e-08	2.249778e+01	7.152710e+02
1.160000e-06	3.165232e-06	1.132424e-08	2.308870e+01	7.414936e+02
1.170000e-06	3.245024e-06	1.170395e-08	2.367075e+01	7.665662e+02
1.180000e-06	3.323618e-06	1.206704e-08	2.424405e+01	7.905226e+02
1.190000e-06	3.401056e-06	1.241336e-08	2.480891e+01	8.134005e+02
1.200000e-06	3.477310e-06	1.274279e-08	2.536515e+01	8.352408e+02
1.210000e-06	3.552289e-06	1.305867e-08	2.591208e+01	8.560868e+02
1.220000e-06	3.625739e-06	1.336318e-08	2.644786e+01	8.759828e+02
1.230000e-06	3.697704e-06	1.365374e-08	2.697281e+01	8.949724e+02
1.240000e-06	3.768393e-06	1.392764e-08	2.748844e+01	9.130976e+02
1.250000e-06	3.837795e-06	1.418634e-08	2.799470e+01	9.303971e+02
1.260000e-06	3.905955e-06	1.443436e-08	2.849189e+01	9.469071e+02
1.270000e-06	3.972772e-06	1.467251e-08	2.897928e+01	9.626612e+02
1.280000e-06	4.037968e-06	1.490062e-08	2.945485e+01	9.776915e+02
1.290000e-06	4.101555e-06	1.511791e-08	2.991869e+01	9.920294e+02
1.300000e-06	4.163725e-06	1.532444e-08	3.037218e+01	1.005706e+03
1.310000e-06	4.224549e-06	1.552161e-08	3.081586e+01	1.018752e+03
1.320000e-06	4.284093e-06	1.571064e-08	3.125021e+01	1.031198e+03
1.330000e-06	4.342065e-06	1.589124e-08	3.167308e+01	1.043070e+03
1.340000e-06	4.398238e-06	1.606447e-08	3.208283e+01	1.054392e+03
1.350000e-06	4.452823e-06	1.622926e-08	3.248100e+01	1.065182e+03
1.360000e-06	4.505818e-06	1.638481e-08	3.286757e+01	1.075454e+03
1.370000e-06	4.556944e-06	1.653377e-08	3.324051e+01	1.085220e+03
1.380000e-06	4.606081e-06	1.667679e-08	3.359894e+01	1.094485e+03
1.390000e-06	4.653409e-06	1.681217e-08	3.394417e+01	1.103259e+03
1.400000e-06	4.699137e-06	1.693790e-08	3.427773e+01	1.111551e+03
1.410000e-06	4.743403e-06	1.705535e-08	3.460063e+01	1.119374e+03
1.420000e-06	4.785971e-06	1.716827e-08	3.491114e+01	1.126744e+03
1.430000e-06	4.826637e-06	1.727743e-08	3.520778e+01	1.133680e+03
1.440000e-06	4.865620e-06	1.737857e-08	3.549214e+01	1.140202e+03
1.450000e-06	4.903034e-06	1.747022e-08	3.576505e+01	1.146331e+03
1.460000e-06	4.938953e-06	1.755640e-08	3.602706e+01	1.152085e+03
1.470000e-06	4.973110e-06	1.763706e-08	3.627622e+01	1.157478e+03
1.480000e-06	5.005320e-06	1.771314e-08	3.651118e+01	1.162522e+03
1.490000e-06	5.035779e-06	1.778390e-08	3.673336e+01	1.167226e+03
1.500000e-06	5.064619e-06	1.785111e-08	3.694373e+01	1.171595e+03
1.510000e-06	5.091765e-06	1.791386e-08	3.714174e+01	1.175635e+03
1.520000e-06	5.116928e-06	1.796982e-08	3.732530e+01	1.179351e+03
1.530000e-06	5.140132e-06	1.802059e-08	3.749456e+01	1.182747e+03
1.540000e-06	5.161552e-06	1.806747e-08	3.765080e+01	1.185828e+03
1.550000e-06	5.181366e-06	1.811212e-08	3.779534e+01	1.188595e+03
1.560000e-06	5.199386e-06	1.814981e-08	3.792678e+01	1.191049e+03
1.570000e-06	5.215363e-06	1.817973e-08	3.804333e+01	1.193189e+03
1.580000e-06	5.229405e-06	1.820770e-08	3.814576e+01	1.195013e+03
1.590000e-06	5.241470e-06	1.823134e-08	3.823377e+01	1.196520e+03
1.600000e-06	5.251383e-06	1.824835e-08	3.830607e+01	1.197713e+03
1.610000e-06	5.259233e-06	1.825977e-08	3.836334e+01	1.198601e+03
1.620000e-06	5.265230e-06	1.826909e-08	3.840709e+01	1.199197e+03
1.630000e-06	5.269537e-06	1.827863e-08	3.843850e+01	1.199525e+03
1.640000e-06	5.272013e-06	1.828438e-08	3.845656e+01	1.199607e+03
1.650000e-06	5.272484e-06	1.828421e-08	3.846000e+01	1.199469e+03
1.660000e-06	5.271190e-06	1.827633e-08	3.845056e+01	1.199128e+03
1.670000e-06	5.268289e-06	1.826766e-08	3.842939e+01	1.198595e+03
1.680000e-06	5.263768e-06	1.825576e-08	3.839642e+01	1.197866e+03
1.690000e-06	5.257361e-06	1.824077e-08	3.834968e+01	1.196927e+03
1.700000e-06	5.249142e-06	1.822404e-08	3.828973e+01	1.195755e+03
1.710000e-06	5.239426e-06	1.820676e-08	3.821886e+01	1.194326e+03
1.720000e-06	5.228075e-06	1.818741e-08	3.813606e+01	1.192620e+03
1.730000e-06	5.214828e-06	1.814892e-08	3.803943e+01	1.190632e+03
1.740000e-06	5.199540e-06	1.807417e-08	3.792791e+01	1.188376e+03
1.750000e-06	5.181931e-06	1.807156e-08	3.779946e+01	1.185885e+03
1.760000e-06	5.161768e-06	1.804193e-08	3.765238e+01	1.183210e+03
1.770000e-06	5.139264e-06	1.799957e-08	3.748823e+01	1.180412e+03
1.780000e-06	5.115397e-06	1.800923e-08	3.731413e+01	1.177548e+03
1.790000e-06	5.090921e-06	1.786208e-08	3.713559e+01	1.174664e+03
1.800000e-06	5.065088e-06	1.786446e-08	3.694715e+01	1.171781e+03
1.810000e-06	5.037379e-06	1.787328e-08	3.674503e+01	1.168890e+03
1.820000e-06	5.008127e-06	1.768639e-08	3.653165e+01	1.165951e+03
1.830000e-06	4.976976e-06	1.774528e-08	3.630442e+01	1.162896e+03
1.840000e-06	4.943730e-06	1.771239e-08	3.606191e+01	1.159645e+03
1.850000e-06	4.908913e-06	1.753140e-08	3.580793e+01	1.156112e+03
1.860000e-06	4.872374e-06	1.757739e-08	3.554140e+01	1.152223e+03
1.870000e-06	4.833853e-06	1.744555e-08	3.526041e+01	1.147927e+03
1.880000e-06	4.793581e-06	1.736241e-08	3.496665e+01	1.143204e+03
1.890000e-06	4.751499e-06	1.740379e-08	3.465968e+01	1.138062e+03
1.900000e-06	4.707857e-06	1.722351e-08	3.434134e+01	1.132537e+03
1.910000e-06	4.662597e-06	1.722241e-08	3.401119e+01	1.126681e+03
1.920000e-06	4.615488e-06	1.711387e-08	3.366755e+01	1.120550e+03
1.930000e-06	4.566864e-06	1.691700e-08	3.331287e+01	1.114194e+03
1.940000e-06	4.516540e-06	1.694107e-08	3.294578e+01	1.107649e+03
1.950000e-06	4.464393e-06	1.679262e-08	3.256540e+01	1.100930e+03
1.960000e-06	4.410335e-06	1.669199e-08	3.217108e+01	1.094035e+03
1.970000e-06	4.354376e-06	1.658831e-08	3.176288e+01	1.086943e+03
1.980000e-06	4.296844e-06	1.643075e-08	3.134321e+01	1.079628e+03
1.990000e-06	4.237878e-06	1.636632e-08	3.091309e+01	1.072062e+03
2.000000e-06	4.177635e-06	1.619425e-08	3.047365e+01	1.064224e+03
2.010000e-06	4.115779e-06	1.612470e-08	3.002245e+01	1.056102e+03
2.020000e-06	4.052174e-06	1.599614e-08	2.955847e+01	1.047695e+03
2.030000e-06	3.987123e-06	1.582049e-08	2.908397e+01	1.039012e+03
2.040000e-06	3.920629e-06	1.571357e-08	2.859893e+01	1.030065e+03
2.050000e-06	3.852940e-06	1.553534e-08	2.810517e+01	1.020866e+03
2.060000e-06	3.783883e-06	1.544218e-08	2.760143e+01	1.011425e+03
2.070000e-06	3.713202e-06	1.528023e-08	2.708586e+01	1.001744e+03
2.080000e-06	3.641185e-06	1.511824e-08	2.656053e+01	9.918187e+02
2.090000e-06	3.567912e-06	1.497285e-08	2.602604e+01	9.816410e+02
2.100000e-06	3.493359e-06	1.479070e-08	2.548222e+01	9.711988e+02
2.110000e-06	3.417482e-06	1.466220e-08	2.492873e+01	9.604811e+02
2.120000e-06	3.340184e-06	1.448171e-08	2.436488e+01	9.494793e+02
2.130000e-06	3.261472e-06	1.432041e-08	2.379072e+01	9.381885e+02
2.140000e-06	3.181570e-06	1.412742e-08	2.320788e+01	9.266068e+02
2.150000e-06	3.100572e-06	1.393740e-08	2.261704e+01	9.147343e+02
2.160000e-06	3.018445e-06	1.376759e-08	2.201797e+01	9.025708e+02
2.170000e-06	2.935357e-06	1.358254e-08	2.141189e+01	8.901144e+02
2.180000e-06	2.851348e-06	1.340208e-08	2.079909e+01	8.773605e+02
2.190000e-06	2.766249e-06	1.317411e-08	2.017833e+01	8.643022e+02
2.200000e-06	2.679912e-06	1.296863e-08	1.954855e+01	8.509309e+02
2.210000e-06	2.592484e-06	1.277064e-08	1.891080e+01	8.372388e+02
2.220000e-06	2.504158e-06	1.256665e-08	1.826652e+01	8.232196e+02
2.230000e-06	2.414929e-06	1.234774e-08	1.761564e+01	8.088703e+02
2.240000e-06	2.324904e-06	1.211155e-08	1.695895e+01	7.941908e+02
2.250000e-06	2.234172e-06	1.188071e-08	1.629711e+01	7.791834e+02
2.260000e-06	2.142834e-06	1.164263e-08	1.563085e+01	7.638511e+02
2.270000e-06	2.050884e-06	1.141264e-08	1.496012e+01	7.481955e+02
2.280000e-06	1.958082e-06	1.118013e-08	1.428318e+01	7.322157e+02
2.290000e-06	1.864328e-06	1.093211e-08	1.359930e+01	7.159071e+02
2.300000e-06	1.769790e-06	1.066545e-08	1.290969e+01	6.992619e+02
2.310000e-06	1.674623e-06	1.040093e-08	1.221549e+01	6.822700e+02
2.320000e-06	1.578896e-06	1.014435e-08	1.151721e+01	6.649205e+02
2.330000e-06	1.482676e-06	9.878551e-09	1.081534e+01	6.472037e+02
2.340000e-06	1.385985e-06	9.599559e-09	1.011003e+01	6.291123e+02
2.350000e-06	1.288864e-06	9.313549e-09	9.401582e+00	6.106417e+02
2.360000e-06	1.191294e-06	9.026073e-09	8.689863e+00	5.917898e+02
2.370000e-06	1.093324e-06	8.732489e-09	7.975224e+00	5.725562e+02
2.380000e-06	9.950735e-07	8.437243e-09	7.258538e+00	5.529403e+02
2.390000e-06	8.965389e-07	8.141617e-09	6.539779e+00	5.329403e+02
2.400000e-06	7.976928e-07	7.833837e-09	5.818749e+00	5.125520e+02
2.410000e-06	6.985847e-07	7.511855e-09	5.095808e+00	4.917690e+02
2.420000e-06	5.992946e-07	7.185495e-09	4.371539e+00	4.705830e+02
2.430000e-06	4.999214e-07	6.858251e-09	3.646663e+00	4.489847e+02
2.440000e-06	4.004913e-07	6.525752e-09	2.921374e+00	4.269652e+02
2.450000e-06	3.009417e-07	6.180626e-09	2.195211e+00	4.045169e+02
2.460000e-06	2.012533e-07	5.829949e-09	1.468037e+00	3.816333e+02
2.470000e-06	1.014454e-07	5.476408e-09	7.399905e-01	3.583093e+02
2.480000e-06	1.601436e-09	5.117200e-09	1.168163e-02	3.345398e+02
2.490000e-06	-9.824483e-08	4.753589e-09	-7.166444e-01	3.103180e+02
2.500000e-06	-1.980816e-07	4.379844e-09	-1.444901e+00	2.856337e+02
2.510000e-06	-2.978979e-07	3.993677e-09	-2.173008e+00	2.604711e+02
2.520000e-06	-3.976640e-07	3.595009e-09	-2.900750e+00	2.348076e+02
2.530000e-06	-4.972870e-07	3.190128e-09	-3.627447e+00	2.086121e+02
2.540000e-06	-5.967185e-07	2.784246e-09	-4.352748e+00	1.818445e+02
2.550000e-06	-6.959384e-07	2.372446e-09	-5.076504e+00	1.544551e+02
2.560000e-06	-7.949503e-07	1.946339e-09	-5.798744e+00	1.263855e+02
2.570000e-06	-8.936907e-07	1.504325e-09	-6.519003e+00	9.757001e+01
2.580000e-06	-9.921183e-07	1.048560e-09	-7.236981e+00	6.793849e+01
2.590000e-06	-1.090205e-06	5.816046e-10	-7.952472e+00	3.742075e+01
2.600000e-06	-1.187928e-06	1.035170e-10	-8.665308e+00	5.952820e+00
2.610000e-06	-1.285274e-06	-3.902899e-10	-9.375399e+00	-2.651531e+01
2.620000e-06	-1.382187e-06	-9.036480e-10	-1.008233e+01	-6.001095e+01
2.630000e-06	-1.478625e-06	-1.435062e-09	-1.078579e+01	-9.452984e+01
2.640000e-06	-1.574584e-06	-1.980238e-09	-1.148576e+01	-1.300285e+02
2.650000e-06	-1.670075e-06	-2.536822e-09	-1.218232e+01	-1.664189e+02
2.660000e-06	-1.764935e-06	-3.103348e-09	-1.287427e+01	-2.035671e+02
2.670000e-06	-1.858971e-06	-3.678619e-09	-1.356022e+01	-2.412961e+02
2.680000e-06	-1.952090e-06	-4.257404e-09	-1.423947e+01	-2.793929e+02
2.690000e-06	-2.044336e-06	-4.838821e-09	-1.491236e+01	-3.176203e+02
2.700000e-06	-2.135886e-06	-5.422138e-09	-1.558016e+01	-3.557305e+02
2.710000e-06	-2.226770e-06	-6.000758e-09	-1.624312e+01	-3.934798e+02
2.720000e-06	-2.316888e-06	-6.571398e-09	-1.690048e+01	-4.306425e+02
2.730000e-06	-2.406125e-06	-7.131070e-09	-1.755142e+01	-4.670220e+02
2.740000e-06	-2.494568e-06	-7.676925e-09	-1.819656e+01	-5.024577e+02
2.750000e-06	-2.582327e-06	-8.203407e-09	-1.883671e+01	-5.368278e+02
2.760000e-06	-2.669205e-06	-8.706454e-09	-1.947045e+01	-5.700482e+02
2.770000e-06	-2.754991e-06	-9.191149e-09	-2.009621e+01	-6.020680e+02
2.780000e-06	-2.839648e-06	-9.662785e-09	-2.071374e+01	-6.328630e+02
2.790000e-06	-2.923316e-06	-1.011846e-08	-2.132405e+01	-6.624293e+02
2.800000e-06	-3.006079e-06	-1.055421e-08	-2.192777e+01	-6.907768e+02
2.810000e-06	-3.087836e-06	-1.096976e-08	-2.252414e+01	-7.179248e+02
2.820000e-06	-3.168559e-06	-1.136634e-08	-2.311297e+01	-7.438993e+02
2.830000e-06	-3.248268e-06	-1.174642e-08	-2.369441e+01	-7.687306e+02
2.840000e-06	-3.326771e-06	-1.211034e-08	-2.426705e+01	-7.924535e+02
2.850000e-06	-3.403831e-06	-1.246066e-08	-2.482915e+01	-8.151064e+02
2.860000e-06	-3.479455e-06	-1.279409e-08	-2.538079e+01	-8.367308e+02
2.870000e-06	-3.553733e-06	-1.310866e-08	-2.592261e+01	-8.573703e+02
2.880000e-06	-3.626734e-06	-1.340962e-08	-2.645512e+01	-8.770694e+02
2.890000e-06	-3.698558e-06	-1.369781e-08	-2.697904e+01	-8.958712e+02
2.900000e-06	-3.769062e-06	-1.397369e-08	-2.749333e+01	-9.138171e+02
2.910000e-06	-3.838016e-06	-1.423759e-08	-2.799631e+01	-9.309454e+02
2.920000e-06	-3.905500e-06	-1.448869e-08	-2.848857e+01	-9.472916e+02
2.930000e-06	-3.971657e-06	-1.472800e-08	-2.897115e+01	-9.628888e+02
2.940000e-06	-4.036518e-06	-1.495719e-08	-2.944427e+01	-9.777689e+02
2.950000e-06	-4.099984e-06	-1.517972e-08	-2.990723e+01	-9.919634e+02
2.960000e-06	-4.161789e-06	-1.539098e-08	-3.035806e+01	-1.005503e+03
2.970000e-06	-4.221918e-06	-1.558733e-08	-3.079667e+01	-1.018419e+03
2.980000e-06	-4.280625e-06	-1.577279e-08	-3.122491e+01	-1.030741e+03
2.990000e-06	-4.337919e-06	-1.595032e-08	-3.164284e+01	-1.042494e+03
3.000000e-06	-4.393665e-06	-1.612236e-08	-3.204948e+01	-1.053701e+03
3.010000e-06	-4.447672e-06	-1.628594e-08	-3.244343e+01	-1.064380e+03
3.020000e-06	-4.499806e-06	-1.644003e-08	-3.282372e+01	-1.074544e+03
3.030000e-06	-4.550127e-06	-1.658883e-08	-3.319079e+01	-1.084203e+03
3.040000e-06	-4.598583e-06	-1.672903e-08	-3.354424e+01	-1.093363e+03
3.050000e-06	-4.645263e-06	-1.685991e-08	-3.388475e+01	-1.102034e+03
3.060000e-06	-4.690407e-06	-1.698274e-08	-3.421405e+01	-1.110225e+03
3.070000e-06	-4.734092e-06	-1.709974e-08	-3.453271e+01	-1.117950e+03
3.080000e-06	-4.776347e-06	-1.721072e-08	-3.484094e+01	-1.125226e+03
3.090000e-06	-4.817129e-06	-1.731426e-08	-3.513842e+01	-1.132072e+03
3.100000e-06	-4.856267e-06	-1.741178e-08	-3.542391e+01	-1.138510e+03
3.110000e-06	-4.893505e-06	-1.750562e-08	-3.569555e+01	-1.144558e+03
3.120000e-06	-4.928934e-06	-1.759459e-08	-3.595398e+01	-1.150234e+03
3.130000e-06	-4.962725e-06	-1.767481e-08	-3.620047e+01	-1.155553e+03
3.140000e-06	-4.994788e-06	-1.775063e-08	-3.643435e+01	-1.160524e+03
3.150000e-06	-5.024960e-06	-1.782181e-08	-3.665444e+01	-1.165157e+03
3.160000e-06	-5.053294e-06	-1.788866e-08	-3.686112e+01	-1.169456e+03
3.170000e-06	-5.079908e-06	-1.794799e-08	-3.705526e+01	-1.173427e+03
3.180000e-06	-5.104774e-06	-1.800141e-08	-3.723664e+01	-1.177075e+03
3.190000e-06	-5.127797e-06	-1.805154e-08	-3.740458e+01	-1.180404e+03
3.200000e-06	-5.148855e-06	-1.809943e-08	-3.755819e+01	-1.183418e+03
3.210000e-06	-5.168091e-06	-1.814162e-08	-3.769851e+01	-1.186119e+03
3.220000e-06	-5.185615e-06	-1.817910e-08	-3.782634e+01	-1.188507e+03
3.230000e-06	-5.201329e-06	-1.821245e-08	-3.794096e+01	-1.190580e+03
3.240000e-06	-5.214893e-06	-1.823946e-08	-3.803990e+01	-1.192337e+03
3.250000e-06	-5.226296e-06	-1.826025e-08	-3.812308e+01	-1.193777e+03
3.260000e-06	-5.235894e-06	-1.827423e-08	-3.819309e+01	-1.194905e+03
3.270000e-06	-5.243680e-06	-1.828438e-08	-3.824988e+01	-1.195729e+03
3.280000e-06	-5.249471e-06	-1.829199e-08	-3.829213e+01	-1.196267e+03
3.290000e-06	-5.253327e-06	-1.829700e-08	-3.832026e+01	-1.196541e+03
3.300000e-06	-5.255430e-06	-1.829522e-08	-3.833559e+01	-1.196575e+03
3.310000e-06	-5.255835e-06	-1.829172e-08	-3.833855e+01	-1.196393e+03
