# Temperatura_=_47.48
# Concentracion g/m^3_=_20000.0
# C_Vs_to_Am_M_A/Vsm_=_65563218390.804596
# pendiente_HvsI_1/m_=_3716.3
# ordenada_HvsI_A/m_=_1297.0
# frecuencia_Hz_=_301596.23560236965

Tiempo_(s)	Campo_(V.s)	Magnetizacion_(V.s)	Campo_(kA/m)	Magnetizacion_(A/m)
0.000000e+00	-5.256011e-06	-1.769380e-08	-3.833920e+01	-1.157861e+03
1.000000e-08	-5.253478e-06	-1.768714e-08	-3.832072e+01	-1.157412e+03
2.000000e-08	-5.249168e-06	-1.767586e-08	-3.828928e+01	-1.156772e+03
3.000000e-08	-5.243241e-06	-1.766382e-08	-3.824605e+01	-1.155935e+03
4.000000e-08	-5.235814e-06	-1.764943e-08	-3.819188e+01	-1.154887e+03
5.000000e-08	-5.226620e-06	-1.762936e-08	-3.812481e+01	-1.153610e+03
6.000000e-08	-5.215355e-06	-1.760343e-08	-3.804264e+01	-1.152082e+03
7.000000e-08	-5.202244e-06	-1.756953e-08	-3.794700e+01	-1.150289e+03
8.000000e-08	-5.187146e-06	-1.754707e-08	-3.783688e+01	-1.148230e+03
9.000000e-08	-5.169781e-06	-1.754718e-08	-3.771021e+01	-1.145920e+03
1.000000e-07	-5.150392e-06	-1.749974e-08	-3.756878e+01	-1.143391e+03
1.100000e-07	-5.129175e-06	-1.743615e-08	-3.741401e+01	-1.140691e+03
1.200000e-07	-5.106293e-06	-1.739327e-08	-3.724710e+01	-1.137876e+03
1.300000e-07	-5.082032e-06	-1.728715e-08	-3.707013e+01	-1.134998e+03
1.400000e-07	-5.056217e-06	-1.728076e-08	-3.688183e+01	-1.132095e+03
1.500000e-07	-5.028699e-06	-1.731160e-08	-3.668110e+01	-1.129184e+03
1.600000e-07	-4.999717e-06	-1.716431e-08	-3.646970e+01	-1.126250e+03
1.700000e-07	-4.969244e-06	-1.715373e-08	-3.624742e+01	-1.123253e+03
1.800000e-07	-4.936820e-06	-1.714024e-08	-3.601091e+01	-1.120129e+03
1.900000e-07	-4.902417e-06	-1.698333e-08	-3.575996e+01	-1.116800e+03
2.000000e-07	-4.866463e-06	-1.700082e-08	-3.549770e+01	-1.113189e+03
2.100000e-07	-4.828871e-06	-1.697133e-08	-3.522349e+01	-1.109233e+03
2.200000e-07	-4.789577e-06	-1.684198e-08	-3.493687e+01	-1.104890e+03
2.300000e-07	-4.748456e-06	-1.679183e-08	-3.463692e+01	-1.100147e+03
2.400000e-07	-4.705383e-06	-1.668764e-08	-3.432272e+01	-1.095019e+03
2.500000e-07	-4.660582e-06	-1.657953e-08	-3.399593e+01	-1.089544e+03
2.600000e-07	-4.614038e-06	-1.652268e-08	-3.365642e+01	-1.083771e+03
2.700000e-07	-4.565617e-06	-1.644563e-08	-3.330322e+01	-1.077750e+03
2.800000e-07	-4.515128e-06	-1.635036e-08	-3.293494e+01	-1.071523e+03
2.900000e-07	-4.462633e-06	-1.622149e-08	-3.255202e+01	-1.065115e+03
3.000000e-07	-4.408495e-06	-1.611249e-08	-3.215712e+01	-1.058533e+03
3.100000e-07	-4.352833e-06	-1.602532e-08	-3.175110e+01	-1.051765e+03
3.200000e-07	-4.295487e-06	-1.594025e-08	-3.133280e+01	-1.044790e+03
3.300000e-07	-4.236446e-06	-1.584183e-08	-3.090213e+01	-1.037581e+03
3.400000e-07	-4.175956e-06	-1.570245e-08	-3.046090e+01	-1.030115e+03
3.500000e-07	-4.114123e-06	-1.558338e-08	-3.000986e+01	-1.022378e+03
3.600000e-07	-4.050903e-06	-1.546107e-08	-2.954872e+01	-1.014368e+03
3.700000e-07	-3.986178e-06	-1.533008e-08	-2.907659e+01	-1.006091e+03
3.800000e-07	-3.919830e-06	-1.520944e-08	-2.859262e+01	-9.975588e+02
3.900000e-07	-3.852029e-06	-1.506928e-08	-2.809806e+01	-9.887868e+02
4.000000e-07	-3.782971e-06	-1.493538e-08	-2.759433e+01	-9.797847e+02
4.100000e-07	-3.712697e-06	-1.479940e-08	-2.708172e+01	-9.705553e+02
4.200000e-07	-3.641274e-06	-1.466355e-08	-2.656074e+01	-9.610933e+02
4.300000e-07	-3.568566e-06	-1.451744e-08	-2.603038e+01	-9.513866e+02
4.400000e-07	-3.494259e-06	-1.435333e-08	-2.548836e+01	-9.414195e+02
4.500000e-07	-3.418417e-06	-1.418354e-08	-2.493514e+01	-9.311769e+02
4.600000e-07	-3.341273e-06	-1.401900e-08	-2.437243e+01	-9.206475e+02
4.700000e-07	-3.262856e-06	-1.387078e-08	-2.380042e+01	-9.098263e+02
4.800000e-07	-3.183154e-06	-1.371114e-08	-2.321905e+01	-8.987144e+02
4.900000e-07	-3.102166e-06	-1.352960e-08	-2.262829e+01	-8.873172e+02
5.000000e-07	-3.020048e-06	-1.334034e-08	-2.202929e+01	-8.756413e+02
5.100000e-07	-2.936965e-06	-1.315462e-08	-2.142326e+01	-8.636917e+02
5.200000e-07	-2.853035e-06	-1.296988e-08	-2.081104e+01	-8.514686e+02
5.300000e-07	-2.768274e-06	-1.278576e-08	-2.019277e+01	-8.389667e+02
5.400000e-07	-2.682565e-06	-1.259897e-08	-1.956757e+01	-8.261758e+02
5.500000e-07	-2.596000e-06	-1.239649e-08	-1.893614e+01	-8.130827e+02
5.600000e-07	-2.508560e-06	-1.217950e-08	-1.829833e+01	-7.996742e+02
5.700000e-07	-2.420091e-06	-1.196470e-08	-1.765300e+01	-7.859397e+02
5.800000e-07	-2.330596e-06	-1.175336e-08	-1.700019e+01	-7.718736e+02
5.900000e-07	-2.240160e-06	-1.153593e-08	-1.634052e+01	-7.574752e+02
6.000000e-07	-2.148897e-06	-1.130959e-08	-1.567481e+01	-7.427482e+02
6.100000e-07	-2.056885e-06	-1.108013e-08	-1.500365e+01	-7.276983e+02
6.200000e-07	-1.964177e-06	-1.084799e-08	-1.432740e+01	-7.123308e+02
6.300000e-07	-1.870728e-06	-1.060626e-08	-1.364575e+01	-6.966481e+02
6.400000e-07	-1.776606e-06	-1.035899e-08	-1.295919e+01	-6.806483e+02
6.500000e-07	-1.681989e-06	-1.010762e-08	-1.226902e+01	-6.643254e+02
6.600000e-07	-1.586849e-06	-9.852137e-09	-1.157504e+01	-6.476698e+02
6.700000e-07	-1.491152e-06	-9.591457e-09	-1.087699e+01	-6.306709e+02
6.800000e-07	-1.394878e-06	-9.326916e-09	-1.017474e+01	-6.133184e+02
6.900000e-07	-1.298016e-06	-9.058170e-09	-9.468185e+00	-5.956048e+02
7.000000e-07	-1.200570e-06	-8.780074e-09	-8.757382e+00	-5.775257e+02
7.100000e-07	-1.102677e-06	-8.494512e-09	-8.043312e+00	-5.590799e+02
7.200000e-07	-1.004403e-06	-8.206064e-09	-7.326472e+00	-5.402679e+02
7.300000e-07	-9.057843e-07	-7.914972e-09	-6.607110e+00	-5.210906e+02
7.400000e-07	-8.068749e-07	-7.618922e-09	-5.885630e+00	-5.015473e+02
7.500000e-07	-7.076225e-07	-7.316303e-09	-5.161648e+00	-4.816347e+02
7.600000e-07	-6.080826e-07	-7.004020e-09	-4.435569e+00	-4.613462e+02
7.700000e-07	-5.083398e-07	-6.683382e-09	-3.708010e+00	-4.406726e+02
7.800000e-07	-4.084664e-07	-6.356899e-09	-2.979498e+00	-4.196031e+02
7.900000e-07	-3.084814e-07	-6.027040e-09	-2.250172e+00	-3.981264e+02
8.000000e-07	-2.084149e-07	-5.695038e-09	-1.520252e+00	-3.762320e+02
8.100000e-07	-1.082777e-07	-5.356593e-09	-7.898159e-01	-3.539109e+02
8.200000e-07	-8.077367e-09	-5.011007e-09	-5.891916e-02	-3.311552e+02
8.300000e-07	9.213585e-08	-4.659872e-09	6.720714e-01	-3.079575e+02
8.400000e-07	1.923698e-07	-4.300015e-09	1.403213e+00	-2.843094e+02
8.500000e-07	2.925941e-07	-3.928167e-09	2.134285e+00	-2.601998e+02
8.600000e-07	3.927002e-07	-3.548769e-09	2.864494e+00	-2.356133e+02
8.700000e-07	4.926828e-07	-3.166037e-09	3.593802e+00	-2.105287e+02
8.800000e-07	5.925927e-07	-2.777032e-09	4.322580e+00	-1.849176e+02
8.900000e-07	6.923403e-07	-2.376466e-09	5.050174e+00	-1.587436e+02
9.000000e-07	7.918134e-07	-1.965991e-09	5.775766e+00	-1.319620e+02
9.100000e-07	8.909805e-07	-1.550066e-09	6.499126e+00	-1.045201e+02
9.200000e-07	9.898039e-07	-1.124477e-09	7.219979e+00	-7.635843e+01
9.300000e-07	1.088229e-06	-6.849414e-10	7.937929e+00	-4.741360e+01
9.400000e-07	1.186266e-06	-2.309237e-10	8.653043e+00	-1.762247e+01
9.500000e-07	1.283847e-06	2.366903e-10	9.364836e+00	1.307156e+01
9.600000e-07	1.380833e-06	7.194921e-10	1.007229e+01	4.471071e+01
9.700000e-07	1.477195e-06	1.217511e-09	1.077518e+01	7.731403e+01
9.800000e-07	1.572888e-06	1.728845e-09	1.147320e+01	1.108686e+02
9.900000e-07	1.667935e-06	2.254252e-09	1.216651e+01	1.453220e+02
1.000000e-06	1.762397e-06	2.792680e-09	1.285555e+01	1.805784e+02
1.010000e-06	1.856264e-06	3.340996e-09	1.354024e+01	2.164972e+02
1.020000e-06	1.949476e-06	3.892808e-09	1.422017e+01	2.528980e+02
1.030000e-06	2.042060e-06	4.447127e-09	1.489550e+01	2.895690e+02
1.040000e-06	2.134047e-06	5.004298e-09	1.556649e+01	3.262799e+02
1.050000e-06	2.225343e-06	5.559323e-09	1.623243e+01	3.627959e+02
1.060000e-06	2.315777e-06	6.107199e-09	1.689209e+01	3.988930e+02
1.070000e-06	2.405205e-06	6.645647e-09	1.754441e+01	4.343701e+02
1.080000e-06	2.493613e-06	7.173538e-09	1.818929e+01	4.690589e+02
1.090000e-06	2.581037e-06	7.690232e-09	1.882699e+01	5.028274e+02
1.100000e-06	2.667631e-06	8.193110e-09	1.945864e+01	5.355807e+02
1.110000e-06	2.753428e-06	8.677210e-09	2.008448e+01	5.672567e+02
1.120000e-06	2.838298e-06	9.140892e-09	2.070355e+01	5.978192e+02
1.130000e-06	2.922337e-06	9.586396e-09	2.131655e+01	6.272512e+02
1.140000e-06	3.005528e-06	1.001445e-08	2.192338e+01	6.555482e+02
1.150000e-06	3.087714e-06	1.042505e-08	2.252288e+01	6.827129e+02
1.160000e-06	3.168721e-06	1.081861e-08	2.311377e+01	7.087533e+02
1.170000e-06	3.248448e-06	1.119684e-08	2.369532e+01	7.336819e+02
1.180000e-06	3.327055e-06	1.156034e-08	2.426871e+01	7.575168e+02
1.190000e-06	3.404529e-06	1.190757e-08	2.483383e+01	7.802826e+02
1.200000e-06	3.480796e-06	1.223865e-08	2.539016e+01	8.020113e+02
1.210000e-06	3.555760e-06	1.255555e-08	2.593697e+01	8.227415e+02
1.220000e-06	3.629199e-06	1.285787e-08	2.647266e+01	8.425167e+02
1.230000e-06	3.701115e-06	1.314550e-08	2.699724e+01	8.613825e+02
1.240000e-06	3.771658e-06	1.341717e-08	2.751181e+01	8.793839e+02
1.250000e-06	3.840903e-06	1.367292e-08	2.801690e+01	8.965624e+02
1.260000e-06	3.908945e-06	1.391709e-08	2.851323e+01	9.129553e+02
1.270000e-06	3.975715e-06	1.415207e-08	2.900027e+01	9.285949e+02
1.280000e-06	4.040901e-06	1.437900e-08	2.947576e+01	9.435107e+02
1.290000e-06	4.104421e-06	1.459650e-08	2.993909e+01	9.577302e+02
1.300000e-06	4.166470e-06	1.480407e-08	3.039170e+01	9.712814e+02
1.310000e-06	4.227218e-06	1.500036e-08	3.083482e+01	9.841932e+02
1.320000e-06	4.286693e-06	1.518588e-08	3.126865e+01	9.964956e+02
1.330000e-06	4.344635e-06	1.536346e-08	3.169130e+01	1.008218e+03
1.340000e-06	4.400805e-06	1.553353e-08	3.210103e+01	1.019388e+03
1.350000e-06	4.455326e-06	1.569557e-08	3.249872e+01	1.030027e+03
1.360000e-06	4.508273e-06	1.584996e-08	3.288493e+01	1.040154e+03
1.370000e-06	4.559332e-06	1.599700e-08	3.325737e+01	1.049778e+03
1.380000e-06	4.608326e-06	1.613609e-08	3.361475e+01	1.058907e+03
1.390000e-06	4.655510e-06	1.626772e-08	3.395893e+01	1.067544e+03
1.400000e-06	4.701093e-06	1.639353e-08	3.429143e+01	1.075695e+03
1.410000e-06	4.745220e-06	1.651254e-08	3.461331e+01	1.083368e+03
1.420000e-06	4.787694e-06	1.662351e-08	3.492313e+01	1.090578e+03
1.430000e-06	4.828233e-06	1.672622e-08	3.521883e+01	1.097345e+03
1.440000e-06	4.867056e-06	1.682026e-08	3.550202e+01	1.103694e+03
1.450000e-06	4.904364e-06	1.690705e-08	3.577416e+01	1.109649e+03
1.460000e-06	4.940177e-06	1.698975e-08	3.603539e+01	1.115237e+03
1.470000e-06	4.974255e-06	1.707072e-08	3.628397e+01	1.120478e+03
1.480000e-06	5.006430e-06	1.714672e-08	3.651867e+01	1.125385e+03
1.490000e-06	5.036845e-06	1.721609e-08	3.674053e+01	1.129967e+03
1.500000e-06	5.065617e-06	1.728050e-08	3.695040e+01	1.134225e+03
1.510000e-06	5.092727e-06	1.734024e-08	3.714815e+01	1.138158e+03
1.520000e-06	5.117873e-06	1.739492e-08	3.733157e+01	1.141762e+03
1.530000e-06	5.140999e-06	1.744339e-08	3.750026e+01	1.145039e+03
1.540000e-06	5.162328e-06	1.748782e-08	3.765584e+01	1.147990e+03
1.550000e-06	5.182043e-06	1.752845e-08	3.779965e+01	1.150620e+03
1.560000e-06	5.199988e-06	1.756401e-08	3.793055e+01	1.152937e+03
1.570000e-06	5.215879e-06	1.759332e-08	3.804646e+01	1.154950e+03
1.580000e-06	5.229829e-06	1.761904e-08	3.814822e+01	1.156667e+03
1.590000e-06	5.241851e-06	1.764062e-08	3.823591e+01	1.158097e+03
1.600000e-06	5.251730e-06	1.765592e-08	3.830797e+01	1.159246e+03
1.610000e-06	5.259515e-06	1.766709e-08	3.836476e+01	1.160123e+03
1.620000e-06	5.265439e-06	1.767729e-08	3.840797e+01	1.160736e+03
1.630000e-06	5.269670e-06	1.768744e-08	3.843883e+01	1.161099e+03
1.640000e-06	5.272109e-06	1.769297e-08	3.845662e+01	1.161226e+03
1.650000e-06	5.272572e-06	1.769441e-08	3.846000e+01	1.161134e+03
1.660000e-06	5.271195e-06	1.768934e-08	3.844996e+01	1.160838e+03
1.670000e-06	5.268194e-06	1.767969e-08	3.842806e+01	1.160347e+03
1.680000e-06	5.263653e-06	1.766739e-08	3.839494e+01	1.159665e+03
1.690000e-06	5.257309e-06	1.765236e-08	3.834867e+01	1.158783e+03
1.700000e-06	5.249132e-06	1.763691e-08	3.828902e+01	1.157688e+03
1.710000e-06	5.239352e-06	1.762145e-08	3.821768e+01	1.156357e+03
1.720000e-06	5.227960e-06	1.760375e-08	3.813458e+01	1.154773e+03
1.730000e-06	5.214770e-06	1.757765e-08	3.803837e+01	1.152922e+03
1.740000e-06	5.199435e-06	1.749822e-08	3.792652e+01	1.150806e+03
1.750000e-06	5.181715e-06	1.746407e-08	3.779726e+01	1.148445e+03
1.760000e-06	5.161477e-06	1.745469e-08	3.764964e+01	1.145874e+03
1.770000e-06	5.138927e-06	1.742024e-08	3.748514e+01	1.143144e+03
1.780000e-06	5.114991e-06	1.744549e-08	3.731055e+01	1.140311e+03
1.790000e-06	5.090393e-06	1.732122e-08	3.713112e+01	1.137424e+03
1.800000e-06	5.064469e-06	1.722490e-08	3.694202e+01	1.134518e+03
1.810000e-06	5.036663e-06	1.728975e-08	3.673920e+01	1.131603e+03
1.820000e-06	5.007311e-06	1.716975e-08	3.652510e+01	1.128660e+03
1.830000e-06	4.976093e-06	1.712519e-08	3.629738e+01	1.125641e+03
1.840000e-06	4.942793e-06	1.716451e-08	3.605448e+01	1.122478e+03
1.850000e-06	4.907873e-06	1.699563e-08	3.579976e+01	1.119094e+03
1.860000e-06	4.871258e-06	1.695908e-08	3.553267e+01	1.115414e+03
1.870000e-06	4.832683e-06	1.694628e-08	3.525130e+01	1.111376e+03
1.880000e-06	4.792302e-06	1.683569e-08	3.495674e+01	1.106947e+03
1.890000e-06	4.750151e-06	1.684595e-08	3.464928e+01	1.102119e+03
1.900000e-06	4.706427e-06	1.674566e-08	3.433034e+01	1.096912e+03
1.910000e-06	4.661135e-06	1.664059e-08	3.399997e+01	1.091368e+03
1.920000e-06	4.614006e-06	1.656530e-08	3.365619e+01	1.085537e+03
1.930000e-06	4.565291e-06	1.641820e-08	3.330084e+01	1.079468e+03
1.940000e-06	4.514969e-06	1.640101e-08	3.293378e+01	1.073200e+03
1.950000e-06	4.462725e-06	1.630160e-08	3.255269e+01	1.066754e+03
1.960000e-06	4.408437e-06	1.617610e-08	3.215669e+01	1.060133e+03
1.970000e-06	4.352338e-06	1.608492e-08	3.174749e+01	1.053322e+03
1.980000e-06	4.294738e-06	1.592572e-08	3.132733e+01	1.046298e+03
1.990000e-06	4.235670e-06	1.585127e-08	3.089647e+01	1.039035e+03
2.000000e-06	4.175262e-06	1.572781e-08	3.045584e+01	1.031511e+03
2.010000e-06	4.113310e-06	1.561930e-08	3.000393e+01	1.023715e+03
2.020000e-06	4.049607e-06	1.552194e-08	2.953926e+01	1.015646e+03
2.030000e-06	3.984389e-06	1.535002e-08	2.906354e+01	1.007312e+03
2.040000e-06	3.917795e-06	1.523365e-08	2.857778e+01	9.987266e+02
2.050000e-06	3.849981e-06	1.508709e-08	2.808312e+01	9.899039e+02
2.060000e-06	3.780814e-06	1.495982e-08	2.757859e+01	9.808523e+02
2.070000e-06	3.710026e-06	1.482318e-08	2.706224e+01	9.715730e+02
2.080000e-06	3.637845e-06	1.465821e-08	2.653572e+01	9.620590e+02
2.090000e-06	3.564478e-06	1.453101e-08	2.600056e+01	9.522971e+02
2.100000e-06	3.489954e-06	1.437534e-08	2.545696e+01	9.422714e+02
2.110000e-06	3.414129e-06	1.422780e-08	2.490386e+01	9.319673e+02
2.120000e-06	3.336890e-06	1.405256e-08	2.434045e+01	9.213749e+02
2.130000e-06	3.258243e-06	1.387616e-08	2.376677e+01	9.104904e+02
2.140000e-06	3.178237e-06	1.371298e-08	2.318318e+01	8.993160e+02
2.150000e-06	3.097118e-06	1.353740e-08	2.259147e+01	8.878577e+02
2.160000e-06	3.014960e-06	1.337556e-08	2.199218e+01	8.761221e+02
2.170000e-06	2.931821e-06	1.319834e-08	2.138573e+01	8.641133e+02
2.180000e-06	2.847766e-06	1.300274e-08	2.077261e+01	8.518303e+02
2.190000e-06	2.762693e-06	1.279022e-08	2.015206e+01	8.392668e+02
2.200000e-06	2.676431e-06	1.259615e-08	1.952283e+01	8.264115e+02
2.210000e-06	2.589006e-06	1.241443e-08	1.888513e+01	8.132511e+02
2.220000e-06	2.500656e-06	1.221579e-08	1.824067e+01	7.997727e+02
2.230000e-06	2.411436e-06	1.200115e-08	1.758986e+01	7.859667e+02
2.240000e-06	2.321364e-06	1.177338e-08	1.693285e+01	7.718285e+02
2.250000e-06	2.230553e-06	1.155034e-08	1.627044e+01	7.573585e+02
2.260000e-06	2.139142e-06	1.132651e-08	1.560365e+01	7.425610e+02
2.270000e-06	2.047148e-06	1.110109e-08	1.493262e+01	7.274419e+02
2.280000e-06	1.954396e-06	1.087242e-08	1.425605e+01	7.120060e+02
2.290000e-06	1.860781e-06	1.063237e-08	1.357320e+01	6.962549e+02
2.300000e-06	1.766335e-06	1.038136e-08	1.288427e+01	6.801858e+02
2.310000e-06	1.671166e-06	1.012946e-08	1.219008e+01	6.637917e+02
2.320000e-06	1.575396e-06	9.882711e-09	1.149149e+01	6.470627e+02
2.330000e-06	1.479124e-06	9.625830e-09	1.078925e+01	6.299880e+02
2.340000e-06	1.382414e-06	9.353726e-09	1.008382e+01	6.125579e+02
2.350000e-06	1.285274e-06	9.078433e-09	9.375244e+00	5.947654e+02
2.360000e-06	1.187716e-06	8.806760e-09	8.663622e+00	5.766070e+02
2.370000e-06	1.089772e-06	8.529443e-09	7.949183e+00	5.580819e+02
2.380000e-06	9.914987e-07	8.240028e-09	7.232342e+00	5.391908e+02
2.390000e-06	8.929434e-07	7.946343e-09	6.513444e+00	5.199345e+02
2.400000e-06	7.941324e-07	7.649395e-09	5.792682e+00	5.003117e+02
2.410000e-06	6.950794e-07	7.345729e-09	5.070154e+00	4.803184e+02
2.420000e-06	5.958270e-07	7.037820e-09	4.346172e+00	4.599474e+02
2.430000e-06	4.964478e-07	6.727656e-09	3.621266e+00	4.391892e+02
2.440000e-06	3.969751e-07	6.406131e-09	2.895677e+00	4.180326e+02
2.450000e-06	2.973940e-07	6.068181e-09	2.169296e+00	3.964664e+02
2.460000e-06	1.976794e-07	5.726453e-09	1.441943e+00	3.744806e+02
2.470000e-06	9.787796e-08	5.388330e-09	7.139564e-01	3.520662e+02
2.480000e-06	-1.979483e-09	5.046731e-09	-1.443904e-02	3.292157e+02
2.490000e-06	-1.018561e-07	4.695277e-09	-7.429742e-01	3.059214e+02
2.500000e-06	-2.016807e-07	4.335874e-09	-1.471130e+00	2.821747e+02
2.510000e-06	-3.014722e-07	3.966851e-09	-2.199045e+00	2.579636e+02
2.520000e-06	-4.011753e-07	3.585799e-09	-2.926314e+00	2.332717e+02
2.530000e-06	-5.007225e-07	3.198138e-09	-3.652447e+00	2.080761e+02
2.540000e-06	-6.001411e-07	2.807604e-09	-4.377641e+00	1.823470e+02
2.550000e-06	-6.994307e-07	2.408767e-09	-5.101894e+00	1.560460e+02
2.560000e-06	-7.985367e-07	1.996127e-09	-5.824808e+00	1.291269e+02
2.570000e-06	-8.973607e-07	1.572744e-09	-6.545665e+00	1.015351e+02
2.580000e-06	-9.958657e-07	1.141953e-09	-7.264196e+00	7.321030e+01
2.590000e-06	-1.094042e-06	6.994789e-10	-7.980330e+00	4.408855e+01
2.600000e-06	-1.191807e-06	2.414528e-10	-8.693463e+00	1.410758e+01
2.610000e-06	-1.289150e-06	-2.300310e-10	-9.403518e+00	-1.678684e+01
2.620000e-06	-1.386081e-06	-7.166495e-10	-1.011057e+01	-4.863273e+01
2.630000e-06	-1.482559e-06	-1.217795e-09	-1.081431e+01	-8.144298e+01
2.640000e-06	-1.578569e-06	-1.732274e-09	-1.151464e+01	-1.151968e+02
2.650000e-06	-1.674002e-06	-2.261675e-09	-1.221076e+01	-1.498327e+02
2.660000e-06	-1.768709e-06	-2.805410e-09	-1.290159e+01	-1.852450e+02
2.670000e-06	-1.862636e-06	-3.358713e-09	-1.358673e+01	-2.212843e+02
2.680000e-06	-1.955811e-06	-3.915097e-09	-1.426637e+01	-2.577624e+02
2.690000e-06	-2.048160e-06	-4.472654e-09	-1.494000e+01	-2.944626e+02
2.700000e-06	-2.139695e-06	-5.031176e-09	-1.560769e+01	-3.311520e+02
2.710000e-06	-2.230462e-06	-5.588778e-09	-1.626977e+01	-3.675973e+02
2.720000e-06	-2.320388e-06	-6.143509e-09	-1.692573e+01	-4.035782e+02
2.730000e-06	-2.409562e-06	-6.688721e-09	-1.757620e+01	-4.389002e+02
2.740000e-06	-2.498049e-06	-7.215341e-09	-1.822165e+01	-4.734023e+02
2.750000e-06	-2.585753e-06	-7.724372e-09	-1.886140e+01	-5.069609e+02
2.760000e-06	-2.672494e-06	-8.218516e-09	-1.949411e+01	-5.394883e+02
2.770000e-06	-2.758152e-06	-8.698161e-09	-2.011893e+01	-5.709287e+02
2.780000e-06	-2.842745e-06	-9.162331e-09	-2.073599e+01	-6.012507e+02
2.790000e-06	-2.926395e-06	-9.610728e-09	-2.134616e+01	-6.304404e+02
2.800000e-06	-3.009153e-06	-1.004294e-08	-2.194983e+01	-6.584950e+02
2.810000e-06	-3.090896e-06	-1.045546e-08	-2.254608e+01	-6.854187e+02
2.820000e-06	-3.171639e-06	-1.084932e-08	-2.313505e+01	-7.112204e+02
2.830000e-06	-3.251315e-06	-1.122672e-08	-2.371624e+01	-7.359137e+02
2.840000e-06	-3.329647e-06	-1.158750e-08	-2.428762e+01	-7.595180e+02
2.850000e-06	-3.406490e-06	-1.193211e-08	-2.484814e+01	-7.820594e+02
2.860000e-06	-3.481977e-06	-1.226231e-08	-2.539877e+01	-8.035714e+02
2.870000e-06	-3.556238e-06	-1.257928e-08	-2.594045e+01	-8.240940e+02
2.880000e-06	-3.629269e-06	-1.288178e-08	-2.647317e+01	-8.436712e+02
2.890000e-06	-3.701076e-06	-1.316883e-08	-2.699695e+01	-8.623488e+02
2.900000e-06	-3.771468e-06	-1.344130e-08	-2.751042e+01	-8.801713e+02
2.910000e-06	-3.840346e-06	-1.370036e-08	-2.801284e+01	-8.971793e+02
2.920000e-06	-3.907824e-06	-1.394795e-08	-2.850505e+01	-9.134089e+02
2.930000e-06	-3.973966e-06	-1.418617e-08	-2.898751e+01	-9.288918e+02
2.940000e-06	-4.038787e-06	-1.441543e-08	-2.946034e+01	-9.436569e+02
2.950000e-06	-4.102183e-06	-1.463538e-08	-2.992277e+01	-9.577316e+02
2.960000e-06	-4.163956e-06	-1.484450e-08	-3.037336e+01	-9.711441e+02
2.970000e-06	-4.224144e-06	-1.504265e-08	-3.081239e+01	-9.839235e+02
2.980000e-06	-4.282888e-06	-1.522864e-08	-3.124090e+01	-9.960999e+02
2.990000e-06	-4.340178e-06	-1.540310e-08	-3.165879e+01	-1.007702e+03
3.000000e-06	-4.395949e-06	-1.557066e-08	-3.206560e+01	-1.018758e+03
3.010000e-06	-4.449994e-06	-1.573003e-08	-3.245983e+01	-1.029287e+03
3.020000e-06	-4.502164e-06	-1.588103e-08	-3.284037e+01	-1.039306e+03
3.030000e-06	-4.552500e-06	-1.602679e-08	-3.320754e+01	-1.048824e+03
3.040000e-06	-4.600957e-06	-1.616632e-08	-3.356101e+01	-1.057848e+03
3.050000e-06	-4.647614e-06	-1.629746e-08	-3.390133e+01	-1.066381e+03
3.060000e-06	-4.692742e-06	-1.641965e-08	-3.423051e+01	-1.074430e+03
3.070000e-06	-4.736442e-06	-1.653623e-08	-3.454928e+01	-1.082003e+03
3.080000e-06	-4.778613e-06	-1.664589e-08	-3.485689e+01	-1.089117e+03
3.090000e-06	-4.819274e-06	-1.674785e-08	-3.515348e+01	-1.095793e+03
3.100000e-06	-4.858337e-06	-1.684299e-08	-3.543842e+01	-1.102056e+03
3.110000e-06	-4.895507e-06	-1.693211e-08	-3.570955e+01	-1.107931e+03
3.120000e-06	-4.930875e-06	-1.701588e-08	-3.596754e+01	-1.113444e+03
3.130000e-06	-4.964613e-06	-1.709524e-08	-3.621364e+01	-1.118613e+03
3.140000e-06	-4.996652e-06	-1.717164e-08	-3.644734e+01	-1.123451e+03
3.150000e-06	-5.026801e-06	-1.724147e-08	-3.666726e+01	-1.127964e+03
3.160000e-06	-5.055108e-06	-1.730616e-08	-3.687374e+01	-1.132154e+03
3.170000e-06	-5.081645e-06	-1.736653e-08	-3.706731e+01	-1.136017e+03
3.180000e-06	-5.106487e-06	-1.742089e-08	-3.724852e+01	-1.139552e+03
3.190000e-06	-5.129550e-06	-1.746821e-08	-3.741674e+01	-1.142759e+03
3.200000e-06	-5.150635e-06	-1.751075e-08	-3.757055e+01	-1.145641e+03
3.210000e-06	-5.169862e-06	-1.754932e-08	-3.771080e+01	-1.148204e+03
3.220000e-06	-5.187305e-06	-1.758464e-08	-3.783803e+01	-1.150456e+03
3.230000e-06	-5.202842e-06	-1.761622e-08	-3.795136e+01	-1.152406e+03
3.240000e-06	-5.216249e-06	-1.764355e-08	-3.804916e+01	-1.154062e+03
3.250000e-06	-5.227603e-06	-1.766600e-08	-3.813198e+01	-1.155432e+03
3.260000e-06	-5.237146e-06	-1.768191e-08	-3.820159e+01	-1.156523e+03
3.270000e-06	-5.244855e-06	-1.769242e-08	-3.825782e+01	-1.157343e+03
3.280000e-06	-5.250559e-06	-1.769878e-08	-3.829943e+01	-1.157902e+03
3.290000e-06	-5.254388e-06	-1.770212e-08	-3.832736e+01	-1.158214e+03
3.300000e-06	-5.256551e-06	-1.770095e-08	-3.834314e+01	-1.158294e+03
3.310000e-06	-5.257007e-06	-1.769701e-08	-3.834646e+01	-1.158157e+03
