# Temperatura_=_62.27
# Concentracion g/m^3_=_24000.0
# C_Vs_to_Am_M_A/Vsm_=_65563218390.804596
# pendiente_HvsI_1/m_=_3716.3
# ordenada_HvsI_A/m_=_1297.0
# frecuencia_Hz_=_301632.6782318173

Tiempo_(s)	Campo_(V.s)	Magnetizacion_(V.s)	Campo_(kA/m)	Magnetizacion_(A/m)
0.000000e+00	-5.263830e-06	-1.776436e-08	-3.833454e+01	-1.160624e+03
1.000000e-08	-5.262206e-06	-1.775980e-08	-3.832271e+01	-1.160300e+03
2.000000e-08	-5.258746e-06	-1.775308e-08	-3.829751e+01	-1.159777e+03
3.000000e-08	-5.253631e-06	-1.773865e-08	-3.826026e+01	-1.159055e+03
4.000000e-08	-5.246961e-06	-1.772052e-08	-3.821168e+01	-1.158120e+03
5.000000e-08	-5.238687e-06	-1.770012e-08	-3.815143e+01	-1.156954e+03
6.000000e-08	-5.228499e-06	-1.767732e-08	-3.807723e+01	-1.155539e+03
7.000000e-08	-5.216373e-06	-1.765406e-08	-3.798893e+01	-1.153858e+03
8.000000e-08	-5.202399e-06	-1.762459e-08	-3.788715e+01	-1.151911e+03
9.000000e-08	-5.186279e-06	-1.759567e-08	-3.776976e+01	-1.149711e+03
1.000000e-07	-5.167968e-06	-1.759107e-08	-3.763641e+01	-1.147290e+03
1.100000e-07	-5.147704e-06	-1.755615e-08	-3.748883e+01	-1.144697e+03
1.200000e-07	-5.125657e-06	-1.748789e-08	-3.732827e+01	-1.141983e+03
1.300000e-07	-5.102085e-06	-1.743485e-08	-3.715661e+01	-1.139199e+03
1.400000e-07	-5.077026e-06	-1.734324e-08	-3.697411e+01	-1.136380e+03
1.500000e-07	-5.050313e-06	-1.729467e-08	-3.677957e+01	-1.133539e+03
1.600000e-07	-5.022017e-06	-1.732766e-08	-3.657350e+01	-1.130662e+03
1.700000e-07	-4.992310e-06	-1.724229e-08	-3.635716e+01	-1.127706e+03
1.800000e-07	-4.960925e-06	-1.719373e-08	-3.612859e+01	-1.124610e+03
1.900000e-07	-4.927471e-06	-1.715977e-08	-3.588496e+01	-1.121300e+03
2.000000e-07	-4.892311e-06	-1.699256e-08	-3.562890e+01	-1.117708e+03
2.100000e-07	-4.855621e-06	-1.693803e-08	-3.536170e+01	-1.113774e+03
2.200000e-07	-4.817217e-06	-1.691303e-08	-3.508202e+01	-1.109465e+03
2.300000e-07	-4.777052e-06	-1.683211e-08	-3.478951e+01	-1.104771e+03
2.400000e-07	-4.734936e-06	-1.678900e-08	-3.448280e+01	-1.099706e+03
2.500000e-07	-4.690979e-06	-1.667432e-08	-3.416267e+01	-1.094302e+03
2.600000e-07	-4.645285e-06	-1.653505e-08	-3.382990e+01	-1.088600e+03
2.700000e-07	-4.597776e-06	-1.646066e-08	-3.348391e+01	-1.082639e+03
2.800000e-07	-4.548299e-06	-1.638849e-08	-3.312359e+01	-1.076450e+03
2.900000e-07	-4.496725e-06	-1.631910e-08	-3.274800e+01	-1.070050e+03
3.000000e-07	-4.443341e-06	-1.620979e-08	-3.235922e+01	-1.063439e+03
3.100000e-07	-4.388443e-06	-1.608503e-08	-3.195942e+01	-1.056610e+03
3.200000e-07	-4.331866e-06	-1.597503e-08	-3.154738e+01	-1.049545e+03
3.300000e-07	-4.273442e-06	-1.586685e-08	-3.112191e+01	-1.042230e+03
3.400000e-07	-4.213477e-06	-1.575269e-08	-3.068520e+01	-1.034655e+03
3.500000e-07	-4.152188e-06	-1.561669e-08	-3.023886e+01	-1.026817e+03
3.600000e-07	-4.089546e-06	-1.550386e-08	-2.978266e+01	-1.018722e+03
3.700000e-07	-4.025571e-06	-1.538347e-08	-2.931675e+01	-1.010381e+03
3.800000e-07	-3.960062e-06	-1.525924e-08	-2.883967e+01	-1.001809e+03
3.900000e-07	-3.892920e-06	-1.514587e-08	-2.835070e+01	-9.930134e+02
4.000000e-07	-3.824388e-06	-1.498787e-08	-2.785161e+01	-9.839996e+02
4.100000e-07	-3.754608e-06	-1.481957e-08	-2.734343e+01	-9.747635e+02
4.200000e-07	-3.683698e-06	-1.466642e-08	-2.682702e+01	-9.652947e+02
4.300000e-07	-3.611632e-06	-1.453261e-08	-2.630218e+01	-9.555790e+02
4.400000e-07	-3.538014e-06	-1.440847e-08	-2.576606e+01	-9.456015e+02
4.500000e-07	-3.462740e-06	-1.426375e-08	-2.521786e+01	-9.353502e+02
4.600000e-07	-3.386145e-06	-1.408623e-08	-2.466005e+01	-9.248180e+02
4.700000e-07	-3.308329e-06	-1.389438e-08	-2.409334e+01	-9.140031e+02
4.800000e-07	-3.229214e-06	-1.372407e-08	-2.351718e+01	-9.029080e+02
4.900000e-07	-3.148807e-06	-1.356711e-08	-2.293160e+01	-8.915370e+02
5.000000e-07	-3.067174e-06	-1.339998e-08	-2.233710e+01	-8.798934e+02
5.100000e-07	-2.984469e-06	-1.321799e-08	-2.173479e+01	-8.679776e+02
5.200000e-07	-2.900920e-06	-1.302092e-08	-2.112633e+01	-8.557862e+02
5.300000e-07	-2.816510e-06	-1.281670e-08	-2.051160e+01	-8.433119e+02
5.400000e-07	-2.731138e-06	-1.262206e-08	-1.988988e+01	-8.305458e+02
5.500000e-07	-2.644899e-06	-1.243744e-08	-1.926182e+01	-8.174790e+02
5.600000e-07	-2.557848e-06	-1.223929e-08	-1.862786e+01	-8.041048e+02
5.700000e-07	-2.469904e-06	-1.201864e-08	-1.798740e+01	-7.904199e+02
5.800000e-07	-2.380820e-06	-1.179960e-08	-1.733864e+01	-7.764241e+02
5.900000e-07	-2.290584e-06	-1.158898e-08	-1.668148e+01	-7.621195e+02
6.000000e-07	-2.199508e-06	-1.136911e-08	-1.601821e+01	-7.475082e+02
6.100000e-07	-2.107741e-06	-1.113368e-08	-1.534990e+01	-7.325905e+02
6.200000e-07	-2.015243e-06	-1.089554e-08	-1.467628e+01	-7.173633e+02
6.300000e-07	-1.922034e-06	-1.065739e-08	-1.399747e+01	-7.018197e+02
6.400000e-07	-1.828123e-06	-1.041383e-08	-1.331355e+01	-6.859495e+02
6.500000e-07	-1.733612e-06	-1.017316e-08	-1.262526e+01	-6.697413e+02
6.600000e-07	-1.638651e-06	-9.931694e-09	-1.193369e+01	-6.531842e+02
6.700000e-07	-1.543180e-06	-9.674267e-09	-1.123841e+01	-6.362694e+02
6.800000e-07	-1.447089e-06	-9.399484e-09	-1.053862e+01	-6.189918e+02
6.900000e-07	-1.350377e-06	-9.123926e-09	-9.834298e+00	-6.013494e+02
7.000000e-07	-1.252998e-06	-8.853258e-09	-9.125126e+00	-5.833422e+02
7.100000e-07	-1.155021e-06	-8.577799e-09	-8.411596e+00	-5.649709e+02
7.200000e-07	-1.056608e-06	-8.291143e-09	-7.694885e+00	-5.462347e+02
7.300000e-07	-9.578197e-07	-7.994012e-09	-6.975448e+00	-5.271303e+02
7.400000e-07	-8.587879e-07	-7.691958e-09	-6.254237e+00	-5.076516e+02
7.500000e-07	-7.595385e-07	-7.389179e-09	-5.531439e+00	-4.877900e+02
7.600000e-07	-6.600347e-07	-7.087354e-09	-4.806790e+00	-4.675361e+02
7.700000e-07	-5.603225e-07	-6.778401e-09	-4.080622e+00	-4.468813e+02
7.800000e-07	-4.604778e-07	-6.454740e-09	-3.353491e+00	-4.258187e+02
7.900000e-07	-3.605136e-07	-6.119880e-09	-2.625488e+00	-4.043438e+02
8.000000e-07	-2.604285e-07	-5.781187e-09	-1.896605e+00	-3.824533e+02
8.100000e-07	-1.602633e-07	-5.442280e-09	-1.167139e+00	-3.601443e+02
8.200000e-07	-6.003131e-08	-5.099966e-09	-4.371860e-01	-3.374114e+02
8.300000e-07	4.026865e-08	-4.748668e-09	2.932618e-01	-3.142456e+02
8.400000e-07	1.405897e-07	-4.387155e-09	1.023863e+00	-2.906323e+02
8.500000e-07	2.408440e-07	-4.018200e-09	1.753978e+00	-2.665513e+02
8.600000e-07	3.410188e-07	-3.645098e-09	2.483514e+00	-2.419768e+02
8.700000e-07	4.411467e-07	-3.266733e-09	3.212709e+00	-2.168786e+02
8.800000e-07	5.412205e-07	-2.878017e-09	3.941510e+00	-1.912222e+02
8.900000e-07	6.411105e-07	-2.477345e-09	4.668972e+00	-1.649692e+02
9.000000e-07	7.407789e-07	-2.063424e-09	5.394820e+00	-1.380764e+02
9.100000e-07	8.402689e-07	-1.638505e-09	6.119369e+00	-1.104948e+02
9.200000e-07	9.395172e-07	-1.206957e-09	6.842158e+00	-8.216862e+01
9.300000e-07	1.038461e-06	-7.675439e-10	7.562730e+00	-5.303559e+01
9.400000e-07	1.137078e-06	-3.149541e-10	8.280920e+00	-2.302984e+01
9.500000e-07	1.235266e-06	1.561859e-10	8.995986e+00	7.912475e+00
9.600000e-07	1.332818e-06	6.446276e-10	9.706420e+00	3.984432e+01
9.700000e-07	1.429583e-06	1.145668e-09	1.041113e+01	7.279660e+01
9.800000e-07	1.525596e-06	1.658749e-09	1.111035e+01	1.067663e+02
9.900000e-07	1.621029e-06	2.187524e-09	1.180536e+01	1.417062e+02
1.000000e-06	1.715960e-06	2.734773e-09	1.249670e+01	1.775174e+02
1.010000e-06	1.810325e-06	3.294476e-09	1.318393e+01	2.140485e+02
1.020000e-06	1.904045e-06	3.858264e-09	1.386646e+01	2.511001e+02
1.030000e-06	1.997102e-06	4.422814e-09	1.454416e+01	2.884358e+02
1.040000e-06	2.089522e-06	4.988517e-09	1.521722e+01	3.257978e+02
1.050000e-06	2.181281e-06	5.552263e-09	1.588547e+01	3.629255e+02
1.060000e-06	2.272355e-06	6.109736e-09	1.654872e+01	3.995725e+02
1.070000e-06	2.362587e-06	6.656498e-09	1.720585e+01	4.355221e+02
1.080000e-06	2.451765e-06	7.189662e-09	1.785530e+01	4.705967e+02
1.090000e-06	2.539833e-06	7.704822e-09	1.849667e+01	5.046617e+02
1.100000e-06	2.626986e-06	8.202598e-09	1.913137e+01	5.376237e+02
1.110000e-06	2.713324e-06	8.688230e-09	1.976014e+01	5.694248e+02
1.120000e-06	2.798771e-06	9.157297e-09	2.038242e+01	6.000341e+02
1.130000e-06	2.883330e-06	9.603190e-09	2.099823e+01	6.294397e+02
1.140000e-06	2.967033e-06	1.002798e-08	2.160781e+01	6.576417e+02
1.150000e-06	3.049855e-06	1.043657e-08	2.221097e+01	6.846485e+02
1.160000e-06	3.131576e-06	1.082946e-08	2.280611e+01	7.104752e+02
1.170000e-06	3.212037e-06	1.120318e-08	2.339208e+01	7.351443e+02
1.180000e-06	3.291345e-06	1.155966e-08	2.396965e+01	7.586868e+02
1.190000e-06	3.369513e-06	1.190223e-08	2.453893e+01	7.811429e+02
1.200000e-06	3.446502e-06	1.223003e-08	2.509961e+01	8.025614e+02
1.210000e-06	3.522344e-06	1.254251e-08	2.565194e+01	8.229967e+02
1.220000e-06	3.596786e-06	1.283908e-08	2.619407e+01	8.425049e+02
1.230000e-06	3.669607e-06	1.312077e-08	2.672439e+01	8.611395e+02
1.240000e-06	3.740990e-06	1.338857e-08	2.724425e+01	8.789469e+02
1.250000e-06	3.811102e-06	1.364437e-08	2.775485e+01	8.959651e+02
1.260000e-06	3.879914e-06	1.388905e-08	2.825599e+01	9.122232e+02
1.270000e-06	3.947487e-06	1.412541e-08	2.874810e+01	9.277440e+02
1.280000e-06	4.013647e-06	1.435259e-08	2.922991e+01	9.425477e+02
1.290000e-06	4.078110e-06	1.456662e-08	2.969937e+01	9.566554e+02
1.300000e-06	4.141044e-06	1.476656e-08	3.015770e+01	9.700927e+02
1.310000e-06	4.202623e-06	1.495631e-08	3.060616e+01	9.828906e+02
1.320000e-06	4.262858e-06	1.514015e-08	3.104483e+01	9.950842e+02
1.330000e-06	4.321676e-06	1.531764e-08	3.147318e+01	1.006710e+03
1.340000e-06	4.378796e-06	1.548666e-08	3.188916e+01	1.017802e+03
1.350000e-06	4.434193e-06	1.564876e-08	3.229260e+01	1.028388e+03
1.360000e-06	4.487997e-06	1.580350e-08	3.268443e+01	1.038486e+03
1.370000e-06	4.540180e-06	1.595003e-08	3.306446e+01	1.048106e+03
1.380000e-06	4.590450e-06	1.608921e-08	3.343056e+01	1.057252e+03
1.390000e-06	4.638688e-06	1.622067e-08	3.378186e+01	1.065923e+03
1.400000e-06	4.685195e-06	1.634423e-08	3.412055e+01	1.074121e+03
1.410000e-06	4.730139e-06	1.646205e-08	3.444786e+01	1.081852e+03
1.420000e-06	4.773578e-06	1.657460e-08	3.476421e+01	1.089130e+03
1.430000e-06	4.815252e-06	1.667929e-08	3.506771e+01	1.095978e+03
1.440000e-06	4.855084e-06	1.677589e-08	3.535779e+01	1.102423e+03
1.450000e-06	4.893324e-06	1.686526e-08	3.563628e+01	1.108495e+03
1.460000e-06	4.929991e-06	1.694922e-08	3.590331e+01	1.114220e+03
1.470000e-06	4.965011e-06	1.702878e-08	3.615835e+01	1.119618e+03
1.480000e-06	4.998167e-06	1.710495e-08	3.639981e+01	1.124700e+03
1.490000e-06	5.029474e-06	1.717866e-08	3.662781e+01	1.129471e+03
1.500000e-06	5.059114e-06	1.724852e-08	3.684367e+01	1.133926e+03
1.510000e-06	5.087122e-06	1.731227e-08	3.704764e+01	1.138060e+03
1.520000e-06	5.113298e-06	1.737010e-08	3.723827e+01	1.141868e+03
1.530000e-06	5.137465e-06	1.742259e-08	3.741427e+01	1.145347e+03
1.540000e-06	5.159747e-06	1.746764e-08	3.757654e+01	1.148500e+03
1.550000e-06	5.180322e-06	1.750663e-08	3.772638e+01	1.151333e+03
1.560000e-06	5.199173e-06	1.754303e-08	3.786367e+01	1.153857e+03
1.570000e-06	5.216083e-06	1.757660e-08	3.798681e+01	1.156079e+03
1.580000e-06	5.231059e-06	1.760504e-08	3.809588e+01	1.158010e+03
1.590000e-06	5.244149e-06	1.762792e-08	3.819121e+01	1.159652e+03
1.600000e-06	5.255187e-06	1.764713e-08	3.827160e+01	1.161011e+03
1.610000e-06	5.264094e-06	1.766418e-08	3.833646e+01	1.162090e+03
1.620000e-06	5.271041e-06	1.767748e-08	3.838705e+01	1.162894e+03
1.630000e-06	5.276194e-06	1.768548e-08	3.842458e+01	1.163432e+03
1.640000e-06	5.279587e-06	1.768938e-08	3.844929e+01	1.163719e+03
1.650000e-06	5.281058e-06	1.768997e-08	3.846000e+01	1.163772e+03
1.660000e-06	5.280581e-06	1.768813e-08	3.845653e+01	1.163608e+03
1.670000e-06	5.278407e-06	1.768266e-08	3.844069e+01	1.163240e+03
1.680000e-06	5.274663e-06	1.767334e-08	3.841343e+01	1.162675e+03
1.690000e-06	5.269239e-06	1.766199e-08	3.837393e+01	1.161907e+03
1.700000e-06	5.261953e-06	1.764712e-08	3.832087e+01	1.160924e+03
1.710000e-06	5.252942e-06	1.762994e-08	3.825524e+01	1.159707e+03
1.720000e-06	5.242354e-06	1.760992e-08	3.817814e+01	1.158235e+03
1.730000e-06	5.230081e-06	1.758230e-08	3.808876e+01	1.156496e+03
1.740000e-06	5.215876e-06	1.755678e-08	3.798530e+01	1.154492e+03
1.750000e-06	5.199404e-06	1.748965e-08	3.786535e+01	1.152241e+03
1.760000e-06	5.180507e-06	1.744624e-08	3.772773e+01	1.149779e+03
1.770000e-06	5.159150e-06	1.743157e-08	3.757219e+01	1.147155e+03
1.780000e-06	5.135795e-06	1.739082e-08	3.740210e+01	1.144422e+03
1.790000e-06	5.111459e-06	1.740180e-08	3.722488e+01	1.141627e+03
1.800000e-06	5.086239e-06	1.732681e-08	3.704120e+01	1.138803e+03
1.810000e-06	5.059348e-06	1.722292e-08	3.684537e+01	1.135956e+03
1.820000e-06	5.030755e-06	1.724651e-08	3.663714e+01	1.133066e+03
1.830000e-06	5.000552e-06	1.717335e-08	3.641718e+01	1.130085e+03
1.840000e-06	4.968255e-06	1.714943e-08	3.618198e+01	1.126949e+03
1.850000e-06	4.934076e-06	1.721444e-08	3.593306e+01	1.123584e+03
1.860000e-06	4.898365e-06	1.708991e-08	3.567299e+01	1.119922e+03
1.870000e-06	4.860705e-06	1.701854e-08	3.539872e+01	1.115910e+03
1.880000e-06	4.821121e-06	1.697211e-08	3.511045e+01	1.111518e+03
1.890000e-06	4.779805e-06	1.683674e-08	3.480956e+01	1.106742e+03
1.900000e-06	4.736760e-06	1.683431e-08	3.449608e+01	1.101601e+03
1.910000e-06	4.692164e-06	1.677797e-08	3.417130e+01	1.096129e+03
1.920000e-06	4.645778e-06	1.668168e-08	3.383349e+01	1.090368e+03
1.930000e-06	4.597719e-06	1.659751e-08	3.348350e+01	1.084356e+03
1.940000e-06	4.548185e-06	1.641988e-08	3.312276e+01	1.078120e+03
1.950000e-06	4.496860e-06	1.636282e-08	3.274897e+01	1.071675e+03
1.960000e-06	4.443579e-06	1.627842e-08	3.236095e+01	1.065018e+03
1.970000e-06	4.388346e-06	1.615707e-08	3.195871e+01	1.058139e+03
1.980000e-06	4.331395e-06	1.608303e-08	3.154396e+01	1.051022e+03
1.990000e-06	4.272957e-06	1.594289e-08	3.111837e+01	1.043651e+03
2.000000e-06	4.213163e-06	1.584057e-08	3.068292e+01	1.036019e+03
2.010000e-06	4.151996e-06	1.569533e-08	3.023746e+01	1.028124e+03
2.020000e-06	4.089143e-06	1.557194e-08	2.977972e+01	1.019975e+03
2.030000e-06	4.024613e-06	1.547073e-08	2.930977e+01	1.011583e+03
2.040000e-06	3.958613e-06	1.530381e-08	2.882912e+01	1.002962e+03
2.050000e-06	3.891260e-06	1.519942e-08	2.833862e+01	9.941194e+02
2.060000e-06	3.822718e-06	1.506173e-08	2.783945e+01	9.850581e+02
2.070000e-06	3.752729e-06	1.492879e-08	2.732974e+01	9.757728e+02
2.080000e-06	3.681186e-06	1.478208e-08	2.680872e+01	9.662520e+02
2.090000e-06	3.608314e-06	1.458924e-08	2.627802e+01	9.564809e+02
2.100000e-06	3.534227e-06	1.444601e-08	2.573847e+01	9.464452e+02
2.110000e-06	3.458902e-06	1.429920e-08	2.518991e+01	9.361337e+02
2.120000e-06	3.382241e-06	1.416373e-08	2.463161e+01	9.255404e+02
2.130000e-06	3.304169e-06	1.399612e-08	2.406305e+01	9.146648e+02
2.140000e-06	3.224668e-06	1.381487e-08	2.348407e+01	9.035098e+02
2.150000e-06	3.143990e-06	1.363473e-08	2.289652e+01	8.920797e+02
2.160000e-06	3.062259e-06	1.343801e-08	2.230130e+01	8.803775e+02
2.170000e-06	2.979487e-06	1.327054e-08	2.169850e+01	8.684026e+02
2.180000e-06	2.895823e-06	1.310601e-08	2.108921e+01	8.561508e+02
2.190000e-06	2.811264e-06	1.291992e-08	2.047340e+01	8.436144e+02
2.200000e-06	2.725551e-06	1.269787e-08	1.984918e+01	8.307841e+02
2.210000e-06	2.638545e-06	1.249009e-08	1.921555e+01	8.176515e+02
2.220000e-06	2.550472e-06	1.230124e-08	1.857415e+01	8.042105e+02
2.230000e-06	2.461509e-06	1.209557e-08	1.792626e+01	7.904584e+02
2.240000e-06	2.371683e-06	1.188111e-08	1.727209e+01	7.763958e+02
2.250000e-06	2.281097e-06	1.166417e-08	1.661239e+01	7.620249e+02
2.260000e-06	2.189848e-06	1.144371e-08	1.594786e+01	7.473476e+02
2.270000e-06	2.098008e-06	1.120515e-08	1.527902e+01	7.323635e+02
2.280000e-06	2.005525e-06	1.097343e-08	1.460550e+01	7.170688e+02
2.290000e-06	1.912180e-06	1.074646e-08	1.392570e+01	7.014557e+02
2.300000e-06	1.817885e-06	1.049880e-08	1.323899e+01	6.855136e+02
2.310000e-06	1.722763e-06	1.023918e-08	1.254625e+01	6.692311e+02
2.320000e-06	1.627025e-06	9.988695e-09	1.184903e+01	6.525975e+02
2.330000e-06	1.530806e-06	9.742262e-09	1.114830e+01	6.356049e+02
2.340000e-06	1.434155e-06	9.477639e-09	1.044442e+01	6.182488e+02
2.350000e-06	1.337088e-06	9.200683e-09	9.737518e+00	6.005277e+02
2.360000e-06	1.239606e-06	8.921497e-09	9.027598e+00	5.824420e+02
2.370000e-06	1.141713e-06	8.639698e-09	8.314673e+00	5.639922e+02
2.380000e-06	1.043422e-06	8.354242e-09	7.598862e+00	5.451771e+02
2.390000e-06	9.448381e-07	8.068902e-09	6.880908e+00	5.259927e+02
2.400000e-06	8.459976e-07	7.776132e-09	6.161089e+00	5.064322e+02
2.410000e-06	7.469092e-07	7.467612e-09	5.439465e+00	4.864869e+02
2.420000e-06	6.476314e-07	7.150944e-09	4.716461e+00	4.661474e+02
2.430000e-06	5.481532e-07	6.834880e-09	3.991998e+00	4.454053e+02
2.440000e-06	4.485535e-07	6.518168e-09	3.266650e+00	4.242542e+02
2.450000e-06	3.488728e-07	6.192995e-09	2.540712e+00	4.026901e+02
2.460000e-06	2.490860e-07	5.856800e-09	1.814002e+00	3.807098e+02
2.470000e-06	1.491939e-07	5.510780e-09	1.086525e+00	3.583101e+02
2.480000e-06	4.921376e-08	5.158489e-09	3.584057e-01	3.354849e+02
2.490000e-06	-5.082724e-08	4.804094e-09	-3.701561e-01	3.122242e+02
2.500000e-06	-1.508398e-07	4.445741e-09	-1.098511e+00	2.885121e+02
2.510000e-06	-2.507853e-07	4.078555e-09	-1.826377e+00	2.643273e+02
2.520000e-06	-3.506771e-07	3.700760e-09	-2.553852e+00	2.396429e+02
2.530000e-06	-4.504839e-07	3.313426e-09	-3.280708e+00	2.144277e+02
2.540000e-06	-5.502019e-07	2.919576e-09	-4.006918e+00	1.886464e+02
2.550000e-06	-6.497377e-07	2.518322e-09	-4.731800e+00	1.622597e+02
2.560000e-06	-7.490529e-07	2.107221e-09	-5.455077e+00	1.352232e+02
2.570000e-06	-8.481659e-07	1.682313e-09	-6.176880e+00	1.074865e+02
2.580000e-06	-9.470183e-07	1.242886e-09	-6.896786e+00	7.899242e+01
2.590000e-06	-1.045501e-06	7.929344e-10	-7.613997e+00	4.967754e+01
2.600000e-06	-1.143584e-06	3.325137e-10	-8.328300e+00	1.947583e+01
2.610000e-06	-1.241290e-06	-1.404473e-10	-9.039860e+00	-1.167507e+01
2.620000e-06	-1.338572e-06	-6.297074e-10	-9.748325e+00	-4.382438e+01
2.630000e-06	-1.435368e-06	-1.137385e-09	-1.045326e+01	-7.699674e+01
2.640000e-06	-1.531688e-06	-1.661054e-09	-1.115472e+01	-1.111805e+02
2.650000e-06	-1.627568e-06	-2.200808e-09	-1.185298e+01	-1.463175e+02
2.660000e-06	-1.722951e-06	-2.753304e-09	-1.254762e+01	-1.822980e+02
2.670000e-06	-1.817579e-06	-3.315888e-09	-1.323676e+01	-2.189593e+02
2.680000e-06	-1.911247e-06	-3.885940e-09	-1.391891e+01	-2.560931e+02
2.690000e-06	-2.004003e-06	-4.457451e-09	-1.459441e+01	-2.934569e+02
2.700000e-06	-2.096041e-06	-5.028183e-09	-1.526470e+01	-3.307909e+02
2.710000e-06	-2.187435e-06	-5.593608e-09	-1.593028e+01	-3.678359e+02
2.720000e-06	-2.278025e-06	-6.149486e-09	-1.659001e+01	-4.043509e+02
2.730000e-06	-2.367752e-06	-6.696175e-09	-1.724346e+01	-4.401270e+02
2.740000e-06	-2.456719e-06	-7.232488e-09	-1.789138e+01	-4.749955e+02
2.750000e-06	-2.545031e-06	-7.755356e-09	-1.853453e+01	-5.088311e+02
2.760000e-06	-2.632591e-06	-8.259449e-09	-1.917219e+01	-5.415486e+02
2.770000e-06	-2.719066e-06	-8.741919e-09	-1.980196e+01	-5.730966e+02
2.780000e-06	-2.804294e-06	-9.206007e-09	-2.042264e+01	-6.034489e+02
2.790000e-06	-2.888483e-06	-9.652631e-09	-2.103576e+01	-6.325967e+02
2.800000e-06	-2.971771e-06	-1.008108e-08	-2.164232e+01	-6.605421e+02
2.810000e-06	-3.054073e-06	-1.049010e-08	-2.224169e+01	-6.872949e+02
2.820000e-06	-3.135419e-06	-1.088048e-08	-2.283410e+01	-7.128718e+02
2.830000e-06	-3.215792e-06	-1.125403e-08	-2.341943e+01	-7.372970e+02
2.840000e-06	-3.295039e-06	-1.161009e-08	-2.399656e+01	-7.606034e+02
2.850000e-06	-3.372926e-06	-1.195021e-08	-2.456378e+01	-7.828333e+02
2.860000e-06	-3.449367e-06	-1.227585e-08	-2.512047e+01	-8.040368e+02
2.870000e-06	-3.524399e-06	-1.258697e-08	-2.566690e+01	-8.242692e+02
2.880000e-06	-3.598112e-06	-1.288446e-08	-2.620373e+01	-8.435863e+02
2.890000e-06	-3.670681e-06	-1.316846e-08	-2.673222e+01	-8.620404e+02
2.900000e-06	-3.741973e-06	-1.343998e-08	-2.725141e+01	-8.796762e+02
2.910000e-06	-3.811705e-06	-1.369856e-08	-2.775925e+01	-8.965298e+02
2.920000e-06	-3.879940e-06	-1.394217e-08	-2.825617e+01	-9.126286e+02
2.930000e-06	-3.946892e-06	-1.417396e-08	-2.874376e+01	-9.279945e+02
2.940000e-06	-4.012537e-06	-1.439832e-08	-2.922183e+01	-9.426475e+02
2.950000e-06	-4.076808e-06	-1.461677e-08	-2.968989e+01	-9.566097e+02
2.960000e-06	-4.139529e-06	-1.482692e-08	-3.014666e+01	-9.699077e+02
2.970000e-06	-4.200487e-06	-1.502541e-08	-3.059060e+01	-9.825734e+02
2.980000e-06	-4.259888e-06	-1.521172e-08	-3.102319e+01	-9.946427e+02
2.990000e-06	-4.317973e-06	-1.538759e-08	-3.144621e+01	-1.006152e+03
3.000000e-06	-4.374657e-06	-1.555445e-08	-3.185902e+01	-1.017134e+03
3.010000e-06	-4.429691e-06	-1.571311e-08	-3.225981e+01	-1.027614e+03
3.020000e-06	-4.482780e-06	-1.586421e-08	-3.264644e+01	-1.037610e+03
3.030000e-06	-4.534006e-06	-1.600653e-08	-3.301950e+01	-1.047129e+03
3.040000e-06	-4.583506e-06	-1.614242e-08	-3.337999e+01	-1.056173e+03
3.050000e-06	-4.631112e-06	-1.627384e-08	-3.372669e+01	-1.064743e+03
3.060000e-06	-4.677012e-06	-1.640013e-08	-3.406096e+01	-1.072840e+03
3.070000e-06	-4.721473e-06	-1.651989e-08	-3.438475e+01	-1.080473e+03
3.080000e-06	-4.764482e-06	-1.663166e-08	-3.469797e+01	-1.087658e+03
3.090000e-06	-4.805979e-06	-1.673607e-08	-3.500018e+01	-1.094418e+03
3.100000e-06	-4.845943e-06	-1.683481e-08	-3.529122e+01	-1.100781e+03
3.110000e-06	-4.884101e-06	-1.692626e-08	-3.556911e+01	-1.106777e+03
3.120000e-06	-4.920361e-06	-1.701263e-08	-3.583318e+01	-1.112430e+03
3.130000e-06	-4.954934e-06	-1.709384e-08	-3.608496e+01	-1.117760e+03
3.140000e-06	-4.987859e-06	-1.717035e-08	-3.632474e+01	-1.122776e+03
3.150000e-06	-5.019005e-06	-1.724309e-08	-3.655157e+01	-1.127480e+03
3.160000e-06	-5.048236e-06	-1.731028e-08	-3.676445e+01	-1.131868e+03
3.170000e-06	-5.075704e-06	-1.737463e-08	-3.696448e+01	-1.135933e+03
3.180000e-06	-5.101449e-06	-1.743368e-08	-3.715198e+01	-1.139670e+03
3.190000e-06	-5.125407e-06	-1.748664e-08	-3.732646e+01	-1.143080e+03
3.200000e-06	-5.147401e-06	-1.753470e-08	-3.748663e+01	-1.146164e+03
3.210000e-06	-5.167499e-06	-1.757828e-08	-3.763300e+01	-1.148930e+03
3.220000e-06	-5.185873e-06	-1.761716e-08	-3.776680e+01	-1.151389e+03
3.230000e-06	-5.202479e-06	-1.765186e-08	-3.788774e+01	-1.153549e+03
3.240000e-06	-5.217073e-06	-1.768173e-08	-3.799402e+01	-1.155418e+03
3.250000e-06	-5.229445e-06	-1.770773e-08	-3.808413e+01	-1.157000e+03
3.260000e-06	-5.239826e-06	-1.772907e-08	-3.815973e+01	-1.158299e+03
3.270000e-06	-5.248424e-06	-1.774376e-08	-3.822234e+01	-1.159318e+03
3.280000e-06	-5.255078e-06	-1.775301e-08	-3.827080e+01	-1.160065e+03
3.290000e-06	-5.259761e-06	-1.775955e-08	-3.830491e+01	-1.160548e+03
3.300000e-06	-5.262713e-06	-1.776569e-08	-3.832640e+01	-1.160784e+03
3.310000e-06	-5.263961e-06	-1.776761e-08	-3.833549e+01	-1.160789e+03
