# Temperatura_=_64.28
# Concentracion g/m^3_=_24000.0
# C_Vs_to_Am_M_A/Vsm_=_65563218390.804596
# pendiente_HvsI_1/m_=_3716.3
# ordenada_HvsI_A/m_=_1297.0
# frecuencia_Hz_=_301626.3599752487

Tiempo_(s)	Campo_(V.s)	Magnetizacion_(V.s)	Campo_(kA/m)	Magnetizacion_(A/m)
0.000000e+00	-5.264933e-06	-1.796850e-08	-3.833347e+01	-1.174424e+03
1.000000e-08	-5.263123e-06	-1.796443e-08	-3.832029e+01	-1.174101e+03
2.000000e-08	-5.259433e-06	-1.795810e-08	-3.829342e+01	-1.173577e+03
3.000000e-08	-5.254166e-06	-1.794553e-08	-3.825507e+01	-1.172846e+03
4.000000e-08	-5.247324e-06	-1.792740e-08	-3.820525e+01	-1.171894e+03
5.000000e-08	-5.238843e-06	-1.790494e-08	-3.814350e+01	-1.170700e+03
6.000000e-08	-5.228437e-06	-1.788138e-08	-3.806774e+01	-1.169246e+03
7.000000e-08	-5.216101e-06	-1.785841e-08	-3.797792e+01	-1.167519e+03
8.000000e-08	-5.201863e-06	-1.782900e-08	-3.787426e+01	-1.165520e+03
9.000000e-08	-5.185392e-06	-1.780635e-08	-3.775433e+01	-1.163271e+03
1.000000e-07	-5.166782e-06	-1.779593e-08	-3.761883e+01	-1.160810e+03
1.100000e-07	-5.146351e-06	-1.775495e-08	-3.747008e+01	-1.158189e+03
1.200000e-07	-5.124129e-06	-1.769339e-08	-3.730828e+01	-1.155465e+03
1.300000e-07	-5.100379e-06	-1.763481e-08	-3.713536e+01	-1.152690e+03
1.400000e-07	-5.075159e-06	-1.754727e-08	-3.695174e+01	-1.149899e+03
1.500000e-07	-5.048237e-06	-1.752161e-08	-3.675572e+01	-1.147102e+03
1.600000e-07	-5.019763e-06	-1.752514e-08	-3.654840e+01	-1.144276e+03
1.700000e-07	-4.989851e-06	-1.744142e-08	-3.633062e+01	-1.141371e+03
1.800000e-07	-4.958174e-06	-1.740199e-08	-3.609998e+01	-1.138314e+03
1.900000e-07	-4.924454e-06	-1.733172e-08	-3.585447e+01	-1.135023e+03
2.000000e-07	-4.889081e-06	-1.719923e-08	-3.559692e+01	-1.131416e+03
2.100000e-07	-4.852162e-06	-1.717416e-08	-3.532812e+01	-1.127430e+03
2.200000e-07	-4.813503e-06	-1.713683e-08	-3.504664e+01	-1.123025e+03
2.300000e-07	-4.773086e-06	-1.705658e-08	-3.475237e+01	-1.118195e+03
2.400000e-07	-4.730775e-06	-1.698339e-08	-3.444431e+01	-1.112958e+03
2.500000e-07	-4.686641e-06	-1.684976e-08	-3.412298e+01	-1.107357e+03
2.600000e-07	-4.640729e-06	-1.673581e-08	-3.378869e+01	-1.101446e+03
2.700000e-07	-4.593035e-06	-1.666221e-08	-3.344144e+01	-1.095277e+03
2.800000e-07	-4.543415e-06	-1.659478e-08	-3.308016e+01	-1.088894e+03
2.900000e-07	-4.491675e-06	-1.651179e-08	-3.270345e+01	-1.082321e+03
3.000000e-07	-4.438082e-06	-1.637525e-08	-3.231324e+01	-1.075565e+03
3.100000e-07	-4.382924e-06	-1.625016e-08	-3.191164e+01	-1.068616e+03
3.200000e-07	-4.326163e-06	-1.615211e-08	-3.149837e+01	-1.061452e+03
3.300000e-07	-4.267665e-06	-1.605493e-08	-3.107245e+01	-1.054049e+03
3.400000e-07	-4.207656e-06	-1.593973e-08	-3.063553e+01	-1.046386e+03
3.500000e-07	-4.146299e-06	-1.580631e-08	-3.018880e+01	-1.038450e+03
3.600000e-07	-4.083535e-06	-1.568456e-08	-2.973182e+01	-1.030239e+03
3.700000e-07	-4.019384e-06	-1.555189e-08	-2.926474e+01	-1.021759e+03
3.800000e-07	-3.953607e-06	-1.543007e-08	-2.878583e+01	-1.013024e+03
3.900000e-07	-3.886153e-06	-1.531342e-08	-2.829470e+01	-1.004047e+03
4.000000e-07	-3.817368e-06	-1.515331e-08	-2.779388e+01	-9.948390e+02
4.100000e-07	-3.747456e-06	-1.498645e-08	-2.728486e+01	-9.854024e+02
4.200000e-07	-3.676414e-06	-1.483430e-08	-2.676761e+01	-9.757335e+02
4.300000e-07	-3.604147e-06	-1.470202e-08	-2.624144e+01	-9.658219e+02
4.400000e-07	-3.530337e-06	-1.456886e-08	-2.570404e+01	-9.556540e+02
4.500000e-07	-3.454899e-06	-1.441188e-08	-2.515479e+01	-9.452162e+02
4.600000e-07	-3.378135e-06	-1.422819e-08	-2.459587e+01	-9.344980e+02
4.700000e-07	-3.300125e-06	-1.403850e-08	-2.402789e+01	-9.234938e+02
4.800000e-07	-3.220838e-06	-1.387519e-08	-2.345060e+01	-9.122032e+02
4.900000e-07	-3.140269e-06	-1.371742e-08	-2.286399e+01	-9.006294e+02
5.000000e-07	-3.058471e-06	-1.354295e-08	-2.226843e+01	-8.887773e+02
5.100000e-07	-2.975627e-06	-1.334853e-08	-2.166525e+01	-8.766505e+02
5.200000e-07	-2.891941e-06	-1.314549e-08	-2.105594e+01	-8.642497e+02
5.300000e-07	-2.807408e-06	-1.294296e-08	-2.044046e+01	-8.515717e+02
5.400000e-07	-2.721922e-06	-1.275179e-08	-1.981805e+01	-8.386097e+02
5.500000e-07	-2.635536e-06	-1.256772e-08	-1.918908e+01	-8.253545e+02
5.600000e-07	-2.548350e-06	-1.236204e-08	-1.855429e+01	-8.117964e+02
5.700000e-07	-2.460310e-06	-1.213439e-08	-1.791327e+01	-7.979269e+02
5.800000e-07	-2.371151e-06	-1.191172e-08	-1.726412e+01	-7.837398e+02
5.900000e-07	-2.280865e-06	-1.169923e-08	-1.660675e+01	-7.692317e+02
6.000000e-07	-2.189719e-06	-1.147634e-08	-1.594313e+01	-7.544012e+02
6.100000e-07	-2.097843e-06	-1.123984e-08	-1.527419e+01	-7.392479e+02
6.200000e-07	-2.005277e-06	-1.100100e-08	-1.460022e+01	-7.237713e+02
6.300000e-07	-1.912012e-06	-1.075764e-08	-1.392118e+01	-7.079693e+02
6.400000e-07	-1.818030e-06	-1.050803e-08	-1.323690e+01	-6.918380e+02
6.500000e-07	-1.723415e-06	-1.026307e-08	-1.254801e+01	-6.753716e+02
6.600000e-07	-1.628273e-06	-1.001733e-08	-1.185530e+01	-6.585631e+02
6.700000e-07	-1.532638e-06	-9.751553e-09	-1.115898e+01	-6.414051e+02
6.800000e-07	-1.436452e-06	-9.471055e-09	-1.045867e+01	-6.238905e+02
6.900000e-07	-1.339617e-06	-9.196611e-09	-9.753617e+00	-6.060129e+02
7.000000e-07	-1.242148e-06	-8.927021e-09	-9.043955e+00	-5.877668e+02
7.100000e-07	-1.144148e-06	-8.647595e-09	-8.330427e+00	-5.691470e+02
7.200000e-07	-1.045717e-06	-8.356631e-09	-7.613766e+00	-5.501489e+02
7.300000e-07	-9.469302e-07	-8.058355e-09	-6.894506e+00	-5.307670e+02
7.400000e-07	-8.478533e-07	-7.751611e-09	-6.173137e+00	-5.109960e+02
7.500000e-07	-7.485385e-07	-7.440005e-09	-5.450036e+00	-4.908301e+02
7.600000e-07	-6.490020e-07	-7.130050e-09	-4.725320e+00	-4.702637e+02
7.700000e-07	-5.492750e-07	-6.816529e-09	-3.999217e+00	-4.492917e+02
7.800000e-07	-4.493864e-07	-6.489465e-09	-3.271939e+00	-4.279097e+02
7.900000e-07	-3.493906e-07	-6.150708e-09	-2.543878e+00	-4.061133e+02
8.000000e-07	-2.493232e-07	-5.809476e-09	-1.815298e+00	-3.838980e+02
8.100000e-07	-1.491266e-07	-5.467788e-09	-1.085776e+00	-3.612577e+02
8.200000e-07	-4.881521e-08	-5.118952e-09	-3.554188e-01	-3.381840e+02
8.300000e-07	5.153445e-08	-4.758945e-09	3.752173e-01	-3.146650e+02
8.400000e-07	1.518970e-07	-4.389750e-09	1.105947e+00	-2.906852e+02
8.500000e-07	2.522114e-07	-4.016142e-09	1.836326e+00	-2.662248e+02
8.600000e-07	3.524463e-07	-3.638502e-09	2.566127e+00	-2.412602e+02
8.700000e-07	4.526027e-07	-3.253657e-09	3.295356e+00	-2.157633e+02
8.800000e-07	5.526401e-07	-2.858089e-09	4.023719e+00	-1.897012e+02
8.900000e-07	6.525247e-07	-2.448769e-09	4.750969e+00	-1.630351e+02
9.000000e-07	7.522520e-07	-2.026992e-09	5.477073e+00	-1.357188e+02
9.100000e-07	8.517527e-07	-1.596982e-09	6.201528e+00	-1.076978e+02
9.200000e-07	9.509597e-07	-1.161475e-09	6.923845e+00	-7.890896e+01
9.300000e-07	1.049848e-06	-7.151498e-10	7.643840e+00	-4.928287e+01
9.400000e-07	1.148316e-06	-2.521764e-10	8.360778e+00	-1.874801e+01
9.500000e-07	1.246276e-06	2.298091e-10	9.074014e+00	1.276151e+01
9.600000e-07	1.343669e-06	7.276859e-10	9.783125e+00	4.529588e+01
9.700000e-07	1.440440e-06	1.236391e-09	1.048770e+01	7.887809e+01
9.800000e-07	1.536533e-06	1.757849e-09	1.118735e+01	1.134926e+02
9.900000e-07	1.631948e-06	2.296943e-09	1.188206e+01	1.490764e+02
1.000000e-06	1.726810e-06	2.853723e-09	1.257273e+01	1.855141e+02
1.010000e-06	1.821161e-06	3.421722e-09	1.325970e+01	2.226387e+02
1.020000e-06	1.914872e-06	3.993317e-09	1.394200e+01	2.602385e+02
1.030000e-06	2.007861e-06	4.565622e-09	1.461904e+01	2.980690e+02
1.040000e-06	2.100213e-06	5.139356e-09	1.529144e+01	3.358694e+02
1.050000e-06	2.191942e-06	5.709259e-09	1.595931e+01	3.733800e+02
1.060000e-06	2.282966e-06	6.271468e-09	1.662205e+01	4.103593e+02
1.070000e-06	2.373157e-06	6.821060e-09	1.727873e+01	4.465967e+02
1.080000e-06	2.462260e-06	7.356219e-09	1.792747e+01	4.819212e+02
1.090000e-06	2.550247e-06	7.875713e-09	1.856810e+01	5.162044e+02
1.100000e-06	2.637328e-06	8.378911e-09	1.920212e+01	5.493576e+02
1.110000e-06	2.723641e-06	8.868489e-09	1.983056e+01	5.813262e+02
1.120000e-06	2.809099e-06	9.340595e-09	2.045277e+01	6.120820e+02
1.130000e-06	2.893625e-06	9.790882e-09	2.106820e+01	6.416151e+02
1.140000e-06	2.977289e-06	1.021938e-08	2.167735e+01	6.699281e+02
1.150000e-06	3.060014e-06	1.062983e-08	2.227966e+01	6.970322e+02
1.160000e-06	3.141589e-06	1.102328e-08	2.287361e+01	7.229459e+02
1.170000e-06	3.221924e-06	1.139709e-08	2.345851e+01	7.476950e+02
1.180000e-06	3.301111e-06	1.175325e-08	2.403506e+01	7.713137e+02
1.190000e-06	3.379191e-06	1.209530e-08	2.460356e+01	7.938444e+02
1.200000e-06	3.456120e-06	1.242348e-08	2.516368e+01	8.153369e+02
1.210000e-06	3.531848e-06	1.273747e-08	2.571504e+01	8.358451e+02
1.220000e-06	3.606191e-06	1.303678e-08	2.625632e+01	8.554240e+02
1.230000e-06	3.678936e-06	1.332189e-08	2.678597e+01	8.741247e+02
1.240000e-06	3.750193e-06	1.359221e-08	2.730479e+01	8.919921e+02
1.250000e-06	3.820139e-06	1.384941e-08	2.781406e+01	9.090628e+02
1.260000e-06	3.888805e-06	1.409443e-08	2.831401e+01	9.253654e+02
1.270000e-06	3.956236e-06	1.432905e-08	2.880497e+01	9.409234e+02
1.280000e-06	4.022171e-06	1.455409e-08	2.928503e+01	9.557585e+02
1.290000e-06	4.086420e-06	1.476765e-08	2.975282e+01	9.698939e+02
1.300000e-06	4.149190e-06	1.496951e-08	3.020985e+01	9.833572e+02
1.310000e-06	4.210562e-06	1.516168e-08	3.065669e+01	9.961812e+02
1.320000e-06	4.270625e-06	1.534704e-08	3.109400e+01	1.008402e+03
1.330000e-06	4.329297e-06	1.552517e-08	3.152119e+01	1.020058e+03
1.340000e-06	4.386263e-06	1.569527e-08	3.193595e+01	1.031182e+03
1.350000e-06	4.441508e-06	1.585750e-08	3.233818e+01	1.041803e+03
1.360000e-06	4.495152e-06	1.601232e-08	3.272876e+01	1.051939e+03
1.370000e-06	4.547138e-06	1.615990e-08	3.310727e+01	1.061600e+03
1.380000e-06	4.597180e-06	1.629936e-08	3.347162e+01	1.070790e+03
1.390000e-06	4.645253e-06	1.643092e-08	3.382163e+01	1.079508e+03
1.400000e-06	4.691640e-06	1.655551e-08	3.415937e+01	1.087755e+03
1.410000e-06	4.736475e-06	1.667450e-08	3.448581e+01	1.095536e+03
1.420000e-06	4.779778e-06	1.678716e-08	3.480109e+01	1.102863e+03
1.430000e-06	4.821283e-06	1.689337e-08	3.510329e+01	1.109757e+03
1.440000e-06	4.860935e-06	1.699149e-08	3.539199e+01	1.116241e+03
1.450000e-06	4.898961e-06	1.708156e-08	3.566885e+01	1.122344e+03
1.460000e-06	4.935408e-06	1.716616e-08	3.593422e+01	1.128091e+03
1.470000e-06	4.970181e-06	1.724473e-08	3.618740e+01	1.133503e+03
1.480000e-06	5.003064e-06	1.731982e-08	3.642682e+01	1.138591e+03
1.490000e-06	5.034129e-06	1.739403e-08	3.665300e+01	1.143363e+03
1.500000e-06	5.063551e-06	1.746536e-08	3.686722e+01	1.147817e+03
1.510000e-06	5.091389e-06	1.753014e-08	3.706991e+01	1.151951e+03
1.520000e-06	5.117403e-06	1.758802e-08	3.725931e+01	1.155760e+03
1.530000e-06	5.141353e-06	1.763979e-08	3.743369e+01	1.159243e+03
1.540000e-06	5.163404e-06	1.768545e-08	3.759424e+01	1.162401e+03
1.550000e-06	5.183812e-06	1.772586e-08	3.774283e+01	1.165241e+03
1.560000e-06	5.202539e-06	1.776221e-08	3.787917e+01	1.167768e+03
1.570000e-06	5.219289e-06	1.779493e-08	3.800113e+01	1.169991e+03
1.580000e-06	5.234038e-06	1.782323e-08	3.810852e+01	1.171916e+03
1.590000e-06	5.246895e-06	1.784648e-08	3.820213e+01	1.173549e+03
1.600000e-06	5.257688e-06	1.786540e-08	3.828071e+01	1.174895e+03
1.610000e-06	5.266311e-06	1.788247e-08	3.834350e+01	1.175958e+03
1.620000e-06	5.272991e-06	1.789590e-08	3.839213e+01	1.176747e+03
1.630000e-06	5.277907e-06	1.790364e-08	3.842793e+01	1.177275e+03
1.640000e-06	5.281096e-06	1.790642e-08	3.845114e+01	1.177555e+03
1.650000e-06	5.282312e-06	1.790652e-08	3.846000e+01	1.177606e+03
1.660000e-06	5.281551e-06	1.790548e-08	3.845446e+01	1.177443e+03
1.670000e-06	5.279131e-06	1.789872e-08	3.843683e+01	1.177077e+03
1.680000e-06	5.275173e-06	1.788853e-08	3.840802e+01	1.176509e+03
1.690000e-06	5.269455e-06	1.787680e-08	3.836639e+01	1.175731e+03
1.700000e-06	5.261850e-06	1.786245e-08	3.831102e+01	1.174729e+03
1.710000e-06	5.252644e-06	1.784428e-08	3.824399e+01	1.173480e+03
1.720000e-06	5.241873e-06	1.782175e-08	3.816557e+01	1.171968e+03
1.730000e-06	5.229370e-06	1.779652e-08	3.807453e+01	1.170181e+03
1.740000e-06	5.214855e-06	1.776303e-08	3.796885e+01	1.168126e+03
1.750000e-06	5.198043e-06	1.769870e-08	3.784645e+01	1.165828e+03
1.760000e-06	5.178815e-06	1.766066e-08	3.770645e+01	1.163327e+03
1.770000e-06	5.157139e-06	1.763763e-08	3.754863e+01	1.160678e+03
1.780000e-06	5.133634e-06	1.760716e-08	3.737749e+01	1.157939e+03
1.790000e-06	5.109249e-06	1.760235e-08	3.719994e+01	1.155158e+03
1.800000e-06	5.083863e-06	1.751183e-08	3.701511e+01	1.152366e+03
1.810000e-06	5.056709e-06	1.744693e-08	3.681740e+01	1.149565e+03
1.820000e-06	5.027926e-06	1.745602e-08	3.660784e+01	1.146727e+03
1.830000e-06	4.997480e-06	1.738628e-08	3.638616e+01	1.143796e+03
1.840000e-06	4.964859e-06	1.740060e-08	3.614865e+01	1.140695e+03
1.850000e-06	4.930474e-06	1.741715e-08	3.589830e+01	1.137342e+03
1.860000e-06	4.894585e-06	1.728204e-08	3.563700e+01	1.133658e+03
1.870000e-06	4.856805e-06	1.722689e-08	3.536192e+01	1.129584e+03
1.880000e-06	4.817141e-06	1.715336e-08	3.507313e+01	1.125088e+03
1.890000e-06	4.775626e-06	1.705531e-08	3.477086e+01	1.120167e+03
1.900000e-06	4.732397e-06	1.704927e-08	3.445612e+01	1.114848e+03
1.910000e-06	4.687699e-06	1.696330e-08	3.413068e+01	1.109176e+03
1.920000e-06	4.641181e-06	1.688350e-08	3.379199e+01	1.103205e+03
1.930000e-06	4.592928e-06	1.676220e-08	3.344066e+01	1.096986e+03
1.940000e-06	4.543122e-06	1.660849e-08	3.307803e+01	1.090560e+03
1.950000e-06	4.491503e-06	1.657659e-08	3.270220e+01	1.083947e+03
1.960000e-06	4.437963e-06	1.646556e-08	3.231238e+01	1.077151e+03
1.970000e-06	4.382497e-06	1.635023e-08	3.190853e+01	1.070158e+03
1.980000e-06	4.325375e-06	1.625902e-08	3.149263e+01	1.062944e+03
1.990000e-06	4.266764e-06	1.611715e-08	3.106589e+01	1.055487e+03
2.000000e-06	4.206765e-06	1.601205e-08	3.062905e+01	1.047766e+03
2.010000e-06	4.145380e-06	1.586751e-08	3.018210e+01	1.039770e+03
2.020000e-06	4.082273e-06	1.576371e-08	2.972263e+01	1.031500e+03
2.030000e-06	4.017588e-06	1.563842e-08	2.925167e+01	1.022964e+03
2.040000e-06	3.951519e-06	1.547231e-08	2.877062e+01	1.014176e+03
2.050000e-06	3.884070e-06	1.536165e-08	2.827953e+01	1.005148e+03
2.060000e-06	3.815375e-06	1.521441e-08	2.777937e+01	9.958904e+02
2.070000e-06	3.745164e-06	1.508965e-08	2.726818e+01	9.864041e+02
2.080000e-06	3.673409e-06	1.493154e-08	2.674573e+01	9.766838e+02
2.090000e-06	3.600387e-06	1.475030e-08	2.621407e+01	9.667181e+02
2.100000e-06	3.526175e-06	1.460186e-08	2.567373e+01	9.564931e+02
2.110000e-06	3.450707e-06	1.444800e-08	2.512426e+01	9.459955e+02
2.120000e-06	3.373823e-06	1.430940e-08	2.456447e+01	9.352158e+02
2.130000e-06	3.295487e-06	1.413029e-08	2.399412e+01	9.241497e+02
2.140000e-06	3.215786e-06	1.394913e-08	2.341382e+01	9.127976e+02
2.150000e-06	3.134968e-06	1.376345e-08	2.282540e+01	9.011634e+02
2.160000e-06	3.053079e-06	1.357136e-08	2.222917e+01	8.892517e+02
2.170000e-06	2.970140e-06	1.340334e-08	2.162530e+01	8.770658e+02
2.180000e-06	2.886329e-06	1.323655e-08	2.101508e+01	8.646056e+02
2.190000e-06	2.801600e-06	1.304357e-08	2.039817e+01	8.518671e+02
2.200000e-06	2.715662e-06	1.281456e-08	1.977247e+01	8.388426e+02
2.210000e-06	2.628481e-06	1.260895e-08	1.913771e+01	8.255229e+02
2.220000e-06	2.540336e-06	1.241518e-08	1.849594e+01	8.118983e+02
2.230000e-06	2.451357e-06	1.220802e-08	1.784809e+01	7.979607e+02
2.240000e-06	2.361546e-06	1.198886e-08	1.719419e+01	7.837046e+02
2.250000e-06	2.270916e-06	1.176595e-08	1.653432e+01	7.691271e+02
2.260000e-06	2.179637e-06	1.153842e-08	1.586973e+01	7.542270e+02
2.270000e-06	2.087768e-06	1.129784e-08	1.520084e+01	7.390041e+02
2.280000e-06	1.995151e-06	1.107015e-08	1.452650e+01	7.234576e+02
2.290000e-06	1.901637e-06	1.084163e-08	1.384563e+01	7.075850e+02
2.300000e-06	1.807197e-06	1.058862e-08	1.315803e+01	6.913820e+02
2.310000e-06	1.712023e-06	1.032220e-08	1.246507e+01	6.748425e+02
2.320000e-06	1.616306e-06	1.006718e-08	1.176817e+01	6.579593e+02
2.330000e-06	1.520052e-06	9.816177e-09	1.106735e+01	6.407250e+02
2.340000e-06	1.423289e-06	9.548536e-09	1.036283e+01	6.231327e+02
2.350000e-06	1.326150e-06	9.267503e-09	9.655570e+00	6.051761e+02
2.360000e-06	1.228623e-06	8.983005e-09	8.945484e+00	5.868499e+02
2.370000e-06	1.130672e-06	8.696790e-09	8.232314e+00	5.681491e+02
2.380000e-06	1.032405e-06	8.407930e-09	7.516843e+00	5.490687e+02
2.390000e-06	9.338449e-07	8.120363e-09	6.799233e+00	5.296036e+02
2.400000e-06	8.349451e-07	7.824213e-09	6.079153e+00	5.097480e+02
2.410000e-06	7.357510e-07	7.510594e-09	5.356931e+00	4.894963e+02
2.420000e-06	6.363870e-07	7.187067e-09	4.633472e+00	4.688430e+02
2.430000e-06	5.369178e-07	6.865277e-09	3.909246e+00	4.477830e+02
2.440000e-06	4.373425e-07	6.543983e-09	3.184248e+00	4.263121e+02
2.450000e-06	3.376532e-07	6.213582e-09	2.458420e+00	4.044260e+02
2.460000e-06	2.378643e-07	5.871309e-09	1.731867e+00	3.821198e+02
2.470000e-06	1.379940e-07	5.521194e-09	1.004721e+00	3.593870e+02
2.480000e-06	3.806971e-08	5.166165e-09	2.771818e-01	3.362186e+02
2.490000e-06	-6.188574e-08	4.807417e-09	-4.505840e-01	3.126019e+02
2.500000e-06	-1.618502e-07	4.443053e-09	-1.178415e+00	2.885204e+02
2.510000e-06	-2.617746e-07	4.070126e-09	-1.905955e+00	2.639537e+02
2.520000e-06	-3.616516e-07	3.686581e-09	-2.633150e+00	2.388772e+02
2.530000e-06	-4.614853e-07	3.291020e-09	-3.360030e+00	2.132617e+02
2.540000e-06	-5.612230e-07	2.890232e-09	-4.086209e+00	1.870732e+02
2.550000e-06	-6.607939e-07	2.485163e-09	-4.811175e+00	1.602715e+02
2.560000e-06	-7.601416e-07	2.069394e-09	-5.534517e+00	1.328087e+02
2.570000e-06	-8.592402e-07	1.637084e-09	-6.256044e+00	1.046282e+02
2.580000e-06	-9.580252e-07	1.189826e-09	-6.975287e+00	7.566561e+01
2.590000e-06	-1.056464e-06	7.335914e-10	-7.692009e+00	4.585032e+01
2.600000e-06	-1.154537e-06	2.657721e-10	-8.406069e+00	1.511136e+01
2.610000e-06	-1.252192e-06	-2.173919e-10	-9.117087e+00	-1.661471e+01
2.620000e-06	-1.349445e-06	-7.172734e-10	-9.825175e+00	-4.937326e+01
2.630000e-06	-1.446186e-06	-1.234693e-09	-1.052954e+01	-8.317991e+01
2.640000e-06	-1.542437e-06	-1.769552e-09	-1.123033e+01	-1.180096e+02
2.650000e-06	-1.638323e-06	-2.319239e-09	-1.192847e+01	-1.537883e+02
2.660000e-06	-1.733674e-06	-2.879000e-09	-1.262271e+01	-1.903894e+02
2.670000e-06	-1.828252e-06	-3.448940e-09	-1.331132e+01	-2.276354e+02
2.680000e-06	-1.921917e-06	-4.028454e-09	-1.399329e+01	-2.653065e+02
2.690000e-06	-2.014646e-06	-4.609829e-09	-1.466844e+01	-3.031531e+02
2.700000e-06	-2.106619e-06	-5.187938e-09	-1.533809e+01	-3.409133e+02
2.710000e-06	-2.197914e-06	-5.757281e-09	-1.600280e+01	-3.783300e+02
2.720000e-06	-2.288426e-06	-6.316879e-09	-1.666181e+01	-4.151671e+02
2.730000e-06	-2.378093e-06	-6.869185e-09	-1.731467e+01	-4.512223e+02
2.740000e-06	-2.466951e-06	-7.410799e-09	-1.796163e+01	-4.863335e+02
2.750000e-06	-2.555128e-06	-7.936716e-09	-1.860364e+01	-5.203812e+02
2.760000e-06	-2.642543e-06	-8.440301e-09	-1.924010e+01	-5.532845e+02
2.770000e-06	-2.728887e-06	-8.922652e-09	-1.986876e+01	-5.849953e+02
2.780000e-06	-2.814054e-06	-9.387224e-09	-2.048885e+01	-6.154898e+02
2.790000e-06	-2.898188e-06	-9.834836e-09	-2.110142e+01	-6.447614e+02
2.800000e-06	-2.981410e-06	-1.026526e-08	-2.170735e+01	-6.728146e+02
2.810000e-06	-3.063701e-06	-1.067570e-08	-2.230651e+01	-6.996622e+02
2.820000e-06	-3.144996e-06	-1.106747e-08	-2.289841e+01	-7.253243e+02
2.830000e-06	-3.225274e-06	-1.144217e-08	-2.348290e+01	-7.498284e+02
2.840000e-06	-3.304421e-06	-1.180065e-08	-2.405917e+01	-7.732106e+02
2.850000e-06	-3.382141e-06	-1.214392e-08	-2.462504e+01	-7.955149e+02
2.860000e-06	-3.458380e-06	-1.247066e-08	-2.518012e+01	-8.167922e+02
2.870000e-06	-3.533256e-06	-1.278091e-08	-2.572529e+01	-8.370972e+02
2.880000e-06	-3.606847e-06	-1.307751e-08	-2.626110e+01	-8.564841e+02
2.890000e-06	-3.679269e-06	-1.336280e-08	-2.678840e+01	-8.750032e+02
2.900000e-06	-3.750396e-06	-1.363629e-08	-2.730627e+01	-8.926975e+02
2.910000e-06	-3.819968e-06	-1.389520e-08	-2.781281e+01	-9.096018e+02
2.920000e-06	-3.888072e-06	-1.413934e-08	-2.830867e+01	-9.257435e+02
2.930000e-06	-3.954829e-06	-1.437218e-08	-2.879472e+01	-9.411452e+02
2.940000e-06	-4.020244e-06	-1.459686e-08	-2.927100e+01	-9.558287e+02
2.950000e-06	-4.084363e-06	-1.481547e-08	-2.973785e+01	-9.698180e+02
2.960000e-06	-4.146905e-06	-1.502567e-08	-3.019321e+01	-9.831418e+02
2.970000e-06	-4.207760e-06	-1.522447e-08	-3.063629e+01	-9.958339e+02
2.980000e-06	-4.267180e-06	-1.541113e-08	-3.106892e+01	-1.007931e+03
2.990000e-06	-4.325197e-06	-1.558681e-08	-3.149134e+01	-1.019471e+03
3.000000e-06	-4.381733e-06	-1.575398e-08	-3.190297e+01	-1.030485e+03
3.010000e-06	-4.436587e-06	-1.591443e-08	-3.230235e+01	-1.041001e+03
3.020000e-06	-4.489517e-06	-1.606687e-08	-3.268774e+01	-1.051036e+03
3.030000e-06	-4.540592e-06	-1.620865e-08	-3.305961e+01	-1.060596e+03
3.040000e-06	-4.589820e-06	-1.634305e-08	-3.341803e+01	-1.069686e+03
3.050000e-06	-4.637210e-06	-1.647448e-08	-3.376307e+01	-1.078303e+03
3.060000e-06	-4.683001e-06	-1.660215e-08	-3.409647e+01	-1.086450e+03
3.070000e-06	-4.727341e-06	-1.672333e-08	-3.441931e+01	-1.094133e+03
3.080000e-06	-4.770201e-06	-1.683708e-08	-3.473137e+01	-1.101365e+03
3.090000e-06	-4.811510e-06	-1.694376e-08	-3.503214e+01	-1.108169e+03
3.100000e-06	-4.851248e-06	-1.704292e-08	-3.532147e+01	-1.114570e+03
3.110000e-06	-4.889224e-06	-1.713380e-08	-3.559796e+01	-1.120595e+03
3.120000e-06	-4.925342e-06	-1.721966e-08	-3.586093e+01	-1.126269e+03
3.130000e-06	-4.959716e-06	-1.730015e-08	-3.611120e+01	-1.131611e+03
3.140000e-06	-4.992416e-06	-1.737578e-08	-3.634929e+01	-1.136632e+03
3.150000e-06	-5.023306e-06	-1.744793e-08	-3.657420e+01	-1.141336e+03
3.160000e-06	-5.052331e-06	-1.751545e-08	-3.678553e+01	-1.145723e+03
3.170000e-06	-5.079597e-06	-1.758030e-08	-3.698405e+01	-1.149787e+03
3.180000e-06	-5.105111e-06	-1.764076e-08	-3.716981e+01	-1.153527e+03
3.190000e-06	-5.128874e-06	-1.769370e-08	-3.734283e+01	-1.156940e+03
3.200000e-06	-5.150678e-06	-1.773962e-08	-3.750159e+01	-1.160031e+03
3.210000e-06	-5.170618e-06	-1.778218e-08	-3.764676e+01	-1.162803e+03
3.220000e-06	-5.188899e-06	-1.782288e-08	-3.777987e+01	-1.165265e+03
3.230000e-06	-5.205372e-06	-1.785910e-08	-3.789980e+01	-1.167424e+03
3.240000e-06	-5.219748e-06	-1.788766e-08	-3.800447e+01	-1.169287e+03
3.250000e-06	-5.231907e-06	-1.791064e-08	-3.809300e+01	-1.170858e+03
3.260000e-06	-5.242096e-06	-1.792953e-08	-3.816719e+01	-1.172143e+03
3.270000e-06	-5.250526e-06	-1.794465e-08	-3.822857e+01	-1.173147e+03
3.280000e-06	-5.257009e-06	-1.795687e-08	-3.827577e+01	-1.173879e+03
3.290000e-06	-5.261465e-06	-1.796652e-08	-3.830821e+01	-1.174353e+03
3.300000e-06	-5.264173e-06	-1.797255e-08	-3.832793e+01	-1.174583e+03
3.310000e-06	-5.265207e-06	-1.797263e-08	-3.833546e+01	-1.174588e+03
