# Temperatura_=_38.89
# Concentracion g/m^3_=_24000.0
# C_Vs_to_Am_M_A/Vsm_=_65563218390.804596
# pendiente_HvsI_1/m_=_3716.3
# ordenada_HvsI_A/m_=_1297.0
# frecuencia_Hz_=_301621.5987380003

Tiempo_(s)	Campo_(V.s)	Magnetizacion_(V.s)	Campo_(kA/m)	Magnetizacion_(A/m)
0.000000e+00	-5.264254e-06	-1.659861e-08	-3.833591e+01	-1.084066e+03
1.000000e-08	-5.262330e-06	-1.659517e-08	-3.832190e+01	-1.083767e+03
2.000000e-08	-5.258565e-06	-1.658757e-08	-3.829448e+01	-1.083275e+03
3.000000e-08	-5.253266e-06	-1.657495e-08	-3.825589e+01	-1.082591e+03
4.000000e-08	-5.246417e-06	-1.655991e-08	-3.820601e+01	-1.081707e+03
5.000000e-08	-5.237895e-06	-1.654112e-08	-3.814395e+01	-1.080610e+03
6.000000e-08	-5.227390e-06	-1.651905e-08	-3.806745e+01	-1.079290e+03
7.000000e-08	-5.214952e-06	-1.649262e-08	-3.797687e+01	-1.077736e+03
8.000000e-08	-5.200629e-06	-1.645967e-08	-3.787257e+01	-1.075951e+03
9.000000e-08	-5.184108e-06	-1.645629e-08	-3.775226e+01	-1.073947e+03
1.000000e-07	-5.165415e-06	-1.645416e-08	-3.761613e+01	-1.071750e+03
1.100000e-07	-5.144786e-06	-1.639859e-08	-3.746590e+01	-1.069396e+03
1.200000e-07	-5.122371e-06	-1.634260e-08	-3.730267e+01	-1.066925e+03
1.300000e-07	-5.098532e-06	-1.626940e-08	-3.712907e+01	-1.064371e+03
1.400000e-07	-5.073252e-06	-1.617377e-08	-3.694497e+01	-1.061759e+03
1.500000e-07	-5.046254e-06	-1.620969e-08	-3.674837e+01	-1.059096e+03
1.600000e-07	-5.017725e-06	-1.618342e-08	-3.654061e+01	-1.056369e+03
1.700000e-07	-4.987782e-06	-1.608890e-08	-3.632255e+01	-1.053547e+03
1.800000e-07	-4.956034e-06	-1.612455e-08	-3.609136e+01	-1.050583e+03
1.900000e-07	-4.922191e-06	-1.601126e-08	-3.584490e+01	-1.047424e+03
2.000000e-07	-4.886712e-06	-1.586241e-08	-3.558653e+01	-1.044021e+03
2.100000e-07	-4.849740e-06	-1.586030e-08	-3.531729e+01	-1.040333e+03
2.200000e-07	-4.811028e-06	-1.578046e-08	-3.503538e+01	-1.036336e+03
2.300000e-07	-4.770500e-06	-1.572232e-08	-3.474024e+01	-1.032023e+03
2.400000e-07	-4.727989e-06	-1.569596e-08	-3.443066e+01	-1.027403e+03
2.500000e-07	-4.683670e-06	-1.557254e-08	-3.410791e+01	-1.022496e+03
2.600000e-07	-4.637674e-06	-1.548197e-08	-3.377296e+01	-1.017327e+03
2.700000e-07	-4.589877e-06	-1.540500e-08	-3.342489e+01	-1.011922e+03
2.800000e-07	-4.540102e-06	-1.534239e-08	-3.306241e+01	-1.006298e+03
2.900000e-07	-4.488231e-06	-1.527713e-08	-3.268467e+01	-1.000465e+03
3.000000e-07	-4.434582e-06	-1.516087e-08	-3.229398e+01	-9.944231e+02
3.100000e-07	-4.379466e-06	-1.505550e-08	-3.189261e+01	-9.881669e+02
3.200000e-07	-4.322699e-06	-1.495796e-08	-3.147922e+01	-9.816876e+02
3.300000e-07	-4.264181e-06	-1.486257e-08	-3.105307e+01	-9.749773e+02
3.400000e-07	-4.204101e-06	-1.474321e-08	-3.061555e+01	-9.680311e+02
3.500000e-07	-4.142581e-06	-1.462329e-08	-3.016754e+01	-9.608492e+02
3.600000e-07	-4.079735e-06	-1.452874e-08	-2.970987e+01	-9.534353e+02
3.700000e-07	-4.015472e-06	-1.440749e-08	-2.924190e+01	-9.457957e+02
3.800000e-07	-3.949590e-06	-1.429670e-08	-2.876212e+01	-9.379360e+02
3.900000e-07	-3.882137e-06	-1.419006e-08	-2.827091e+01	-9.298597e+02
4.000000e-07	-3.813320e-06	-1.404507e-08	-2.776976e+01	-9.215665e+02
4.100000e-07	-3.743301e-06	-1.389338e-08	-2.725986e+01	-9.130524e+02
4.200000e-07	-3.672152e-06	-1.374900e-08	-2.674173e+01	-9.043108e+02
4.300000e-07	-3.599772e-06	-1.363060e-08	-2.621464e+01	-8.953344e+02
4.400000e-07	-3.525899e-06	-1.350865e-08	-2.567667e+01	-8.861170e+02
4.500000e-07	-3.450466e-06	-1.336481e-08	-2.512735e+01	-8.766546e+02
4.600000e-07	-3.373653e-06	-1.320198e-08	-2.456797e+01	-8.669457e+02
4.700000e-07	-3.295539e-06	-1.303484e-08	-2.399912e+01	-8.569909e+02
4.800000e-07	-3.216139e-06	-1.288451e-08	-2.342091e+01	-8.467906e+02
4.900000e-07	-3.135496e-06	-1.273357e-08	-2.283364e+01	-8.363444e+02
5.000000e-07	-3.053633e-06	-1.257866e-08	-2.223749e+01	-8.256490e+02
5.100000e-07	-2.970725e-06	-1.240878e-08	-2.163373e+01	-8.146983e+02
5.200000e-07	-2.886974e-06	-1.222501e-08	-2.102383e+01	-8.034837e+02
5.300000e-07	-2.802404e-06	-1.203825e-08	-2.040797e+01	-7.919954e+02
5.400000e-07	-2.716913e-06	-1.186364e-08	-1.978539e+01	-7.802243e+02
5.500000e-07	-2.630478e-06	-1.169493e-08	-1.915595e+01	-7.681634e+02
5.600000e-07	-2.543237e-06	-1.150536e-08	-1.852063e+01	-7.558081e+02
5.700000e-07	-2.455116e-06	-1.130155e-08	-1.787890e+01	-7.431568e+02
5.800000e-07	-2.365898e-06	-1.110138e-08	-1.722919e+01	-7.302092e+02
5.900000e-07	-2.275580e-06	-1.090379e-08	-1.657147e+01	-7.169651e+02
6.000000e-07	-2.184379e-06	-1.069505e-08	-1.590731e+01	-7.034227e+02
6.100000e-07	-2.092461e-06	-1.047912e-08	-1.523794e+01	-6.895777e+02
6.200000e-07	-1.999855e-06	-1.026279e-08	-1.456355e+01	-6.754234e+02
6.300000e-07	-1.906498e-06	-1.003992e-08	-1.388370e+01	-6.609512e+02
6.400000e-07	-1.812434e-06	-9.810862e-09	-1.319870e+01	-6.461528e+02
6.500000e-07	-1.717792e-06	-9.585714e-09	-1.250949e+01	-6.310214e+02
6.600000e-07	-1.622653e-06	-9.357944e-09	-1.181665e+01	-6.155535e+02
6.700000e-07	-1.527036e-06	-9.113217e-09	-1.112034e+01	-5.997494e+02
6.800000e-07	-1.430831e-06	-8.858322e-09	-1.041975e+01	-5.836121e+02
6.900000e-07	-1.333973e-06	-8.604766e-09	-9.714399e+00	-5.671464e+02
7.000000e-07	-1.236502e-06	-8.353539e-09	-9.004585e+00	-5.503563e+02
7.100000e-07	-1.138516e-06	-8.096182e-09	-8.291021e+00	-5.332432e+02
7.200000e-07	-1.040117e-06	-7.829474e-09	-7.574451e+00	-5.158048e+02
7.300000e-07	-9.413383e-07	-7.555922e-09	-6.855113e+00	-4.980350e+02
7.400000e-07	-8.422389e-07	-7.276695e-09	-6.133441e+00	-4.799248e+02
7.500000e-07	-7.429119e-07	-6.995101e-09	-5.410111e+00	-4.614646e+02
7.600000e-07	-6.433849e-07	-6.713073e-09	-4.685325e+00	-4.426464e+02
7.700000e-07	-5.436584e-07	-6.424095e-09	-3.959087e+00	-4.234648e+02
7.800000e-07	-4.437554e-07	-6.124141e-09	-3.231563e+00	-4.039183e+02
7.900000e-07	-3.437572e-07	-5.816626e-09	-2.503345e+00	-3.840077e+02
8.000000e-07	-2.436737e-07	-5.503324e-09	-1.774506e+00	-3.637343e+02
8.100000e-07	-1.434780e-07	-5.188110e-09	-1.044851e+00	-3.430969e+02
8.200000e-07	-4.322112e-08	-4.869428e-09	-3.147494e-01	-3.220893e+02
8.300000e-07	5.707611e-08	-4.543008e-09	4.156457e-01	-3.006985e+02
8.400000e-07	1.573742e-07	-4.210278e-09	1.146047e+00	-2.789046e+02
8.500000e-07	2.576342e-07	-3.871293e-09	1.876171e+00	-2.566817e+02
8.600000e-07	3.578123e-07	-3.526439e-09	2.605699e+00	-2.340011e+02
8.700000e-07	4.578744e-07	-3.175043e-09	3.334381e+00	-2.108333e+02
8.800000e-07	5.578694e-07	-2.815605e-09	4.062575e+00	-1.871504e+02
8.900000e-07	6.577852e-07	-2.446310e-09	4.790193e+00	-1.629266e+02
9.000000e-07	7.575273e-07	-2.065376e-09	5.516545e+00	-1.381371e+02
9.100000e-07	8.570442e-07	-1.675188e-09	6.241258e+00	-1.127553e+02
9.200000e-07	9.562982e-07	-1.277471e-09	6.964055e+00	-8.674924e+01
9.300000e-07	1.055195e-06	-8.727593e-10	7.684254e+00	-6.007967e+01
9.400000e-07	1.153614e-06	-4.587252e-10	8.400973e+00	-3.269923e+01
9.500000e-07	1.251520e-06	-3.039283e-11	9.113952e+00	-4.555582e+00
9.600000e-07	1.348852e-06	4.110791e-10	9.822750e+00	2.440211e+01
9.700000e-07	1.445525e-06	8.635083e-10	1.052676e+01	5.421355e+01
9.800000e-07	1.541565e-06	1.329275e-09	1.122615e+01	8.489611e+01
9.900000e-07	1.636988e-06	1.809730e-09	1.192105e+01	1.164340e+02
1.000000e-06	1.731756e-06	2.304944e-09	1.261118e+01	1.487701e+02
1.010000e-06	1.825939e-06	2.810150e-09	1.329705e+01	1.818024e+02
1.020000e-06	1.919592e-06	3.320704e-09	1.397905e+01	2.153857e+02
1.030000e-06	2.012586e-06	3.836410e-09	1.465627e+01	2.493395e+02
1.040000e-06	2.104867e-06	4.355722e-09	1.532828e+01	2.834597e+02
1.050000e-06	2.196512e-06	4.873367e-09	1.599567e+01	3.175333e+02
1.060000e-06	2.287470e-06	5.386673e-09	1.665806e+01	3.513532e+02
1.070000e-06	2.377493e-06	5.894994e-09	1.731363e+01	3.847300e+02
1.080000e-06	2.466430e-06	6.395077e-09	1.796129e+01	4.175010e+02
1.090000e-06	2.554385e-06	6.881415e-09	1.860181e+01	4.495337e+02
1.100000e-06	2.641480e-06	7.353512e-09	1.923606e+01	4.807257e+02
1.110000e-06	2.727716e-06	7.815090e-09	1.986406e+01	5.110002e+02
1.120000e-06	2.813042e-06	8.262807e-09	2.048543e+01	5.403012e+02
1.130000e-06	2.897486e-06	8.691256e-09	2.110038e+01	5.685882e+02
1.140000e-06	2.981120e-06	9.102625e-09	2.170943e+01	5.958323e+02
1.150000e-06	3.063819e-06	9.500299e-09	2.231167e+01	6.220146e+02
1.160000e-06	3.145387e-06	9.883144e-09	2.290567e+01	6.471262e+02
1.170000e-06	3.225697e-06	1.024619e-08	2.349051e+01	6.711691e+02
1.180000e-06	3.304825e-06	1.059267e-08	2.406674e+01	6.941579e+02
1.190000e-06	3.382837e-06	1.092842e-08	2.463485e+01	7.161193e+02
1.200000e-06	3.459671e-06	1.125063e-08	2.519438e+01	7.370902e+02
1.210000e-06	3.535261e-06	1.155675e-08	2.574485e+01	7.571149e+02
1.220000e-06	3.609436e-06	1.184783e-08	2.628502e+01	7.762401e+02
1.230000e-06	3.682089e-06	1.212508e-08	2.681410e+01	7.945105e+02
1.240000e-06	3.753310e-06	1.238800e-08	2.733275e+01	8.119648e+02
1.250000e-06	3.823237e-06	1.263847e-08	2.784198e+01	8.286346e+02
1.260000e-06	3.891923e-06	1.287911e-08	2.834217e+01	8.445442e+02
1.270000e-06	3.959372e-06	1.311152e-08	2.883336e+01	8.597137e+02
1.280000e-06	4.025308e-06	1.333234e-08	2.931352e+01	8.741620e+02
1.290000e-06	4.089523e-06	1.353990e-08	2.978116e+01	8.879108e+02
1.300000e-06	4.152236e-06	1.373649e-08	3.023785e+01	9.009868e+02
1.310000e-06	4.213532e-06	1.392261e-08	3.068423e+01	9.134223e+02
1.320000e-06	4.273490e-06	1.409904e-08	3.112086e+01	9.252539e+02
1.330000e-06	4.332120e-06	1.426789e-08	3.154782e+01	9.365189e+02
1.340000e-06	4.388997e-06	1.443137e-08	3.196202e+01	9.472519e+02
1.350000e-06	4.444083e-06	1.458943e-08	3.236317e+01	9.574807e+02
1.360000e-06	4.497605e-06	1.474022e-08	3.275293e+01	9.672251e+02
1.370000e-06	4.549398e-06	1.488259e-08	3.313011e+01	9.764962e+02
1.380000e-06	4.599192e-06	1.501623e-08	3.349272e+01	9.852993e+02
1.390000e-06	4.647071e-06	1.514195e-08	3.384139e+01	9.936369e+02
1.400000e-06	4.693316e-06	1.525940e-08	3.417816e+01	1.001513e+03
1.410000e-06	4.738026e-06	1.537029e-08	3.450376e+01	1.008937e+03
1.420000e-06	4.781182e-06	1.547493e-08	3.481803e+01	1.015925e+03
1.430000e-06	4.822495e-06	1.557218e-08	3.511888e+01	1.022500e+03
1.440000e-06	4.862024e-06	1.566365e-08	3.540674e+01	1.028687e+03
1.450000e-06	4.899988e-06	1.575132e-08	3.568321e+01	1.034516e+03
1.460000e-06	4.936396e-06	1.583542e-08	3.594834e+01	1.040009e+03
1.470000e-06	4.971129e-06	1.591422e-08	3.620128e+01	1.045183e+03
1.480000e-06	5.003880e-06	1.598772e-08	3.643979e+01	1.050049e+03
1.490000e-06	5.034841e-06	1.605600e-08	3.666525e+01	1.054607e+03
1.500000e-06	5.064232e-06	1.611974e-08	3.687929e+01	1.058855e+03
1.510000e-06	5.092027e-06	1.617872e-08	3.708170e+01	1.062785e+03
1.520000e-06	5.117879e-06	1.623288e-08	3.726996e+01	1.066394e+03
1.530000e-06	5.141594e-06	1.628204e-08	3.744266e+01	1.069681e+03
1.540000e-06	5.163522e-06	1.632611e-08	3.760235e+01	1.072651e+03
1.550000e-06	5.183858e-06	1.636753e-08	3.775044e+01	1.075311e+03
1.560000e-06	5.202449e-06	1.640433e-08	3.788583e+01	1.077674e+03
1.570000e-06	5.219049e-06	1.643373e-08	3.800671e+01	1.079751e+03
1.580000e-06	5.233683e-06	1.645744e-08	3.811328e+01	1.081552e+03
1.590000e-06	5.246411e-06	1.647769e-08	3.820596e+01	1.083086e+03
1.600000e-06	5.257039e-06	1.649485e-08	3.828336e+01	1.084358e+03
1.610000e-06	5.265525e-06	1.650973e-08	3.834516e+01	1.085372e+03
1.620000e-06	5.272133e-06	1.652308e-08	3.839328e+01	1.086134e+03
1.630000e-06	5.277037e-06	1.653344e-08	3.842900e+01	1.086651e+03
1.640000e-06	5.280162e-06	1.653886e-08	3.845176e+01	1.086934e+03
1.650000e-06	5.281294e-06	1.654115e-08	3.846000e+01	1.086997e+03
1.660000e-06	5.280549e-06	1.654029e-08	3.845457e+01	1.086852e+03
1.670000e-06	5.278140e-06	1.653339e-08	3.843703e+01	1.086511e+03
1.680000e-06	5.274144e-06	1.652380e-08	3.840793e+01	1.085978e+03
1.690000e-06	5.268388e-06	1.651108e-08	3.836601e+01	1.085251e+03
1.700000e-06	5.260744e-06	1.649707e-08	3.831035e+01	1.084322e+03
1.710000e-06	5.251480e-06	1.648259e-08	3.824288e+01	1.083178e+03
1.720000e-06	5.240654e-06	1.646670e-08	3.816404e+01	1.081808e+03
1.730000e-06	5.228033e-06	1.645521e-08	3.807214e+01	1.080204e+03
1.740000e-06	5.213385e-06	1.641192e-08	3.796546e+01	1.078370e+03
1.750000e-06	5.196504e-06	1.633996e-08	3.784253e+01	1.076322e+03
1.760000e-06	5.177169e-06	1.632327e-08	3.770172e+01	1.074088e+03
1.770000e-06	5.155321e-06	1.629924e-08	3.754262e+01	1.071705e+03
1.780000e-06	5.131653e-06	1.630051e-08	3.737027e+01	1.069212e+03
1.790000e-06	5.107224e-06	1.630549e-08	3.719237e+01	1.066644e+03
1.800000e-06	5.081859e-06	1.616974e-08	3.700765e+01	1.064021e+03
1.810000e-06	5.054661e-06	1.616085e-08	3.680959e+01	1.061346e+03
1.820000e-06	5.025790e-06	1.614606e-08	3.659934e+01	1.058602e+03
1.830000e-06	4.995300e-06	1.599855e-08	3.637730e+01	1.055753e+03
1.840000e-06	4.962649e-06	1.607616e-08	3.613953e+01	1.052751e+03
1.850000e-06	4.928185e-06	1.607678e-08	3.588855e+01	1.049544e+03
1.860000e-06	4.892226e-06	1.592844e-08	3.562668e+01	1.046082e+03
1.870000e-06	4.854392e-06	1.594613e-08	3.535116e+01	1.042329e+03
1.880000e-06	4.814691e-06	1.583855e-08	3.506205e+01	1.038264e+03
1.890000e-06	4.773115e-06	1.573646e-08	3.475928e+01	1.033884e+03
1.900000e-06	4.729800e-06	1.574076e-08	3.444385e+01	1.029199e+03
1.910000e-06	4.685020e-06	1.563646e-08	3.411774e+01	1.024234e+03
1.920000e-06	4.638407e-06	1.560896e-08	3.377830e+01	1.019012e+03
1.930000e-06	4.590076e-06	1.547728e-08	3.342634e+01	1.013559e+03
1.940000e-06	4.540163e-06	1.533242e-08	3.306286e+01	1.007889e+03
1.950000e-06	4.488444e-06	1.532343e-08	3.268622e+01	1.002011e+03
1.960000e-06	4.434801e-06	1.519601e-08	3.229558e+01	9.959232e+02
1.970000e-06	4.379206e-06	1.510999e-08	3.189071e+01	9.896196e+02
1.980000e-06	4.322041e-06	1.501849e-08	3.147442e+01	9.830910e+02
1.990000e-06	4.263426e-06	1.490832e-08	3.104757e+01	9.763300e+02
2.000000e-06	4.203451e-06	1.482335e-08	3.061081e+01	9.693328e+02
2.010000e-06	4.142044e-06	1.465715e-08	3.016363e+01	9.621003e+02
2.020000e-06	4.078835e-06	1.458469e-08	2.970332e+01	9.546372e+02
2.030000e-06	4.014031e-06	1.446218e-08	2.923140e+01	9.469496e+02
2.040000e-06	3.947814e-06	1.431099e-08	2.874919e+01	9.390429e+02
2.050000e-06	3.880341e-06	1.422223e-08	2.825783e+01	9.309200e+02
2.060000e-06	3.811630e-06	1.409019e-08	2.775745e+01	9.225795e+02
2.070000e-06	3.741312e-06	1.398727e-08	2.724537e+01	9.140168e+02
2.080000e-06	3.669478e-06	1.382120e-08	2.672226e+01	9.052251e+02
2.090000e-06	3.596375e-06	1.366346e-08	2.618990e+01	8.961972e+02
2.100000e-06	3.522104e-06	1.353579e-08	2.564904e+01	8.869271e+02
2.110000e-06	3.446615e-06	1.338807e-08	2.509931e+01	8.774116e+02
2.120000e-06	3.369653e-06	1.325992e-08	2.453884e+01	8.676496e+02
2.130000e-06	3.291220e-06	1.310291e-08	2.396767e+01	8.576418e+02
2.140000e-06	3.211523e-06	1.295497e-08	2.338729e+01	8.473886e+02
2.150000e-06	3.130699e-06	1.278051e-08	2.279871e+01	8.368889e+02
2.160000e-06	3.048743e-06	1.260661e-08	2.220188e+01	8.261391e+02
2.170000e-06	2.965778e-06	1.245602e-08	2.159770e+01	8.151322e+02
2.180000e-06	2.881990e-06	1.229748e-08	2.098753e+01	8.038594e+02
2.190000e-06	2.797218e-06	1.211451e-08	2.037020e+01	7.923108e+02
2.200000e-06	2.711194e-06	1.190968e-08	1.974375e+01	7.804778e+02
2.210000e-06	2.623983e-06	1.173373e-08	1.910864e+01	7.683536e+02
2.220000e-06	2.535823e-06	1.155285e-08	1.846664e+01	7.559346e+02
2.230000e-06	2.446751e-06	1.136250e-08	1.781799e+01	7.432194e+02
2.240000e-06	2.356791e-06	1.116819e-08	1.716287e+01	7.302080e+02
2.250000e-06	2.266055e-06	1.096949e-08	1.650210e+01	7.168998e+02
2.260000e-06	2.174687e-06	1.076006e-08	1.583673e+01	7.032926e+02
2.270000e-06	2.082753e-06	1.053750e-08	1.516725e+01	6.893817e+02
2.280000e-06	1.990093e-06	1.032718e-08	1.449246e+01	6.751596e+02
2.290000e-06	1.896510e-06	1.011054e-08	1.381096e+01	6.606178e+02
2.300000e-06	1.802029e-06	9.874285e-09	1.312293e+01	6.457481e+02
2.310000e-06	1.706791e-06	9.635102e-09	1.242937e+01	6.305444e+02
2.320000e-06	1.610998e-06	9.405909e-09	1.173178e+01	6.150040e+02
2.330000e-06	1.514784e-06	9.174087e-09	1.103112e+01	5.991277e+02
2.340000e-06	1.418092e-06	8.929510e-09	1.032698e+01	5.829193e+02
2.350000e-06	1.320899e-06	8.675829e-09	9.619187e+00	5.663834e+02
2.360000e-06	1.223302e-06	8.416214e-09	8.908458e+00	5.495237e+02
2.370000e-06	1.125342e-06	8.149934e-09	8.195084e+00	5.323409e+02
2.380000e-06	1.027053e-06	7.879889e-09	7.479312e+00	5.148317e+02
2.390000e-06	9.284796e-07	7.610045e-09	6.761472e+00	4.969894e+02
2.400000e-06	8.296077e-07	7.333669e-09	6.041457e+00	4.788046e+02
2.410000e-06	7.305008e-07	7.048681e-09	5.319730e+00	4.602680e+02
2.420000e-06	6.312153e-07	6.759355e-09	4.596703e+00	4.413718e+02
2.430000e-06	5.317829e-07	6.469853e-09	3.872605e+00	4.221117e+02
2.440000e-06	4.321774e-07	6.176476e-09	3.147248e+00	4.024866e+02
2.450000e-06	3.324089e-07	5.872762e-09	2.420703e+00	3.824979e+02
2.460000e-06	2.325951e-07	5.559430e-09	1.693829e+00	3.621463e+02
2.470000e-06	1.327422e-07	5.240223e-09	9.666689e-01	3.414299e+02
2.480000e-06	3.278807e-08	4.916503e-09	2.387727e-01	3.203412e+02
2.490000e-06	-6.721292e-08	4.588634e-09	-4.894650e-01	2.988656e+02
2.500000e-06	-1.671936e-07	4.256665e-09	-1.217555e+00	2.769816e+02
2.510000e-06	-2.671586e-07	3.918801e-09	-1.945531e+00	2.546628e+02
2.520000e-06	-3.670673e-07	3.571588e-09	-2.673096e+00	2.318799e+02
2.530000e-06	-4.668546e-07	3.212461e-09	-3.399778e+00	2.086036e+02
2.540000e-06	-5.665183e-07	2.846298e-09	-4.125559e+00	1.848065e+02
2.550000e-06	-6.660446e-07	2.476579e-09	-4.850341e+00	1.604632e+02
2.560000e-06	-7.653589e-07	2.100133e-09	-5.573577e+00	1.355488e+02
2.570000e-06	-8.644217e-07	1.710962e-09	-6.294983e+00	1.100357e+02
2.580000e-06	-9.631912e-07	1.308553e-09	-7.014253e+00	8.389070e+01
2.590000e-06	-1.061641e-06	8.976355e-10	-7.731194e+00	5.707265e+01
2.600000e-06	-1.159717e-06	4.767140e-10	-8.445416e+00	2.953277e+01
2.610000e-06	-1.257353e-06	4.382007e-11	-9.156429e+00	1.218369e+00
2.620000e-06	-1.354490e-06	-4.021986e-10	-9.863810e+00	-2.791989e+01
2.630000e-06	-1.451132e-06	-8.608759e-10	-1.056759e+01	-5.791789e+01
2.640000e-06	-1.547389e-06	-1.332909e-09	-1.126856e+01	-8.878675e+01
2.650000e-06	-1.643240e-06	-1.819461e-09	-1.196657e+01	-1.205024e+02
2.660000e-06	-1.738522e-06	-2.315083e-09	-1.266045e+01	-1.529982e+02
2.670000e-06	-1.833006e-06	-2.821636e-09	-1.334851e+01	-1.861625e+02
2.680000e-06	-1.926581e-06	-3.339680e-09	-1.402995e+01	-2.198417e+02
2.690000e-06	-2.019321e-06	-3.862437e-09	-1.470531e+01	-2.538493e+02
2.700000e-06	-2.111321e-06	-4.384609e-09	-1.537528e+01	-2.879778e+02
2.710000e-06	-2.202600e-06	-4.903016e-09	-1.604001e+01	-3.220145e+02
2.720000e-06	-2.293122e-06	-5.416235e-09	-1.669921e+01	-3.557549e+02
2.730000e-06	-2.382801e-06	-5.923475e-09	-1.735228e+01	-3.890150e+02
2.740000e-06	-2.471666e-06	-6.423858e-09	-1.799943e+01	-4.216382e+02
2.750000e-06	-2.559847e-06	-6.914464e-09	-1.864159e+01	-4.534989e+02
2.760000e-06	-2.647216e-06	-7.390969e-09	-1.927784e+01	-4.845003e+02
2.770000e-06	-2.733486e-06	-7.852997e-09	-1.990608e+01	-5.145707e+02
2.780000e-06	-2.818601e-06	-8.300462e-09	-2.052591e+01	-5.436577e+02
2.790000e-06	-2.902717e-06	-8.730235e-09	-2.113847e+01	-5.717237e+02
2.800000e-06	-2.985893e-06	-9.142610e-09	-2.174419e+01	-5.987420e+02
2.810000e-06	-3.068060e-06	-9.539991e-09	-2.234255e+01	-6.246956e+02
2.820000e-06	-3.149209e-06	-9.920757e-09	-2.293350e+01	-6.495779e+02
2.830000e-06	-3.229390e-06	-1.028405e-08	-2.351740e+01	-6.733937e+02
2.840000e-06	-3.308443e-06	-1.063149e-08	-2.409309e+01	-6.961601e+02
2.850000e-06	-3.386093e-06	-1.096465e-08	-2.465856e+01	-7.179061e+02
2.860000e-06	-3.462266e-06	-1.128465e-08	-2.521328e+01	-7.386708e+02
2.870000e-06	-3.537073e-06	-1.159020e-08	-2.575804e+01	-7.584992e+02
2.880000e-06	-3.610640e-06	-1.188218e-08	-2.629378e+01	-7.774380e+02
2.890000e-06	-3.683027e-06	-1.216057e-08	-2.682093e+01	-7.955309e+02
2.900000e-06	-3.754069e-06	-1.242658e-08	-2.733828e+01	-8.128151e+02
2.910000e-06	-3.823549e-06	-1.267929e-08	-2.784425e+01	-8.293205e+02
2.920000e-06	-3.891595e-06	-1.291586e-08	-2.833979e+01	-8.450703e+02
2.930000e-06	-3.958309e-06	-1.314154e-08	-2.882562e+01	-8.600840e+02
2.940000e-06	-4.023646e-06	-1.336057e-08	-2.930142e+01	-8.743808e+02
2.950000e-06	-4.087671e-06	-1.357364e-08	-2.976767e+01	-8.879834e+02
2.960000e-06	-4.150125e-06	-1.377808e-08	-3.022248e+01	-9.009196e+02
2.970000e-06	-4.210825e-06	-1.397032e-08	-3.066451e+01	-9.132229e+02
2.980000e-06	-4.270072e-06	-1.415092e-08	-3.109597e+01	-9.249304e+02
2.990000e-06	-4.327948e-06	-1.432175e-08	-3.151744e+01	-9.360790e+02
3.000000e-06	-4.384392e-06	-1.448356e-08	-3.192849e+01	-9.467022e+02
3.010000e-06	-4.439141e-06	-1.463793e-08	-3.232718e+01	-9.568263e+02
3.020000e-06	-4.491892e-06	-1.478419e-08	-3.271133e+01	-9.664689e+02
3.030000e-06	-4.542825e-06	-1.492043e-08	-3.308224e+01	-9.756399e+02
3.040000e-06	-4.591988e-06	-1.504903e-08	-3.344026e+01	-9.843434e+02
3.050000e-06	-4.639292e-06	-1.517463e-08	-3.378474e+01	-9.925820e+02
3.060000e-06	-4.684955e-06	-1.529659e-08	-3.411727e+01	-1.000361e+03
3.070000e-06	-4.729156e-06	-1.541255e-08	-3.443916e+01	-1.007690e+03
3.080000e-06	-4.771886e-06	-1.552194e-08	-3.475033e+01	-1.014588e+03
3.090000e-06	-4.813104e-06	-1.562402e-08	-3.505050e+01	-1.021077e+03
3.100000e-06	-4.852755e-06	-1.571953e-08	-3.533924e+01	-1.027186e+03
3.110000e-06	-4.890599e-06	-1.580708e-08	-3.561484e+01	-1.032941e+03
3.120000e-06	-4.926601e-06	-1.588893e-08	-3.587701e+01	-1.038365e+03
3.130000e-06	-4.960939e-06	-1.596496e-08	-3.612707e+01	-1.043473e+03
3.140000e-06	-4.993626e-06	-1.603509e-08	-3.636511e+01	-1.048274e+03
3.150000e-06	-5.024482e-06	-1.610167e-08	-3.658981e+01	-1.052766e+03
3.160000e-06	-5.053389e-06	-1.616594e-08	-3.680033e+01	-1.056947e+03
3.170000e-06	-5.080546e-06	-1.622974e-08	-3.699809e+01	-1.060809e+03
3.180000e-06	-5.106003e-06	-1.628824e-08	-3.718348e+01	-1.064349e+03
3.190000e-06	-5.129644e-06	-1.633787e-08	-3.735563e+01	-1.067568e+03
3.200000e-06	-5.151291e-06	-1.638235e-08	-3.751327e+01	-1.070471e+03
3.210000e-06	-5.171056e-06	-1.642397e-08	-3.765721e+01	-1.073067e+03
3.220000e-06	-5.189098e-06	-1.646021e-08	-3.778860e+01	-1.075367e+03
3.230000e-06	-5.205385e-06	-1.649111e-08	-3.790720e+01	-1.077385e+03
3.240000e-06	-5.219581e-06	-1.651830e-08	-3.801058e+01	-1.079129e+03
3.250000e-06	-5.231563e-06	-1.654250e-08	-3.809784e+01	-1.080607e+03
3.260000e-06	-5.241704e-06	-1.656169e-08	-3.817169e+01	-1.081823e+03
3.270000e-06	-5.250089e-06	-1.657620e-08	-3.823275e+01	-1.082783e+03
3.280000e-06	-5.256511e-06	-1.658804e-08	-3.827952e+01	-1.083492e+03
3.290000e-06	-5.260952e-06	-1.659731e-08	-3.831186e+01	-1.083959e+03
3.300000e-06	-5.263622e-06	-1.660227e-08	-3.833131e+01	-1.084194e+03
3.310000e-06	-5.264600e-06	-1.660172e-08	-3.833843e+01	-1.084211e+03
