# Temperatura_=_39.3
# Concentracion g/m^3_=_24000.0
# C_Vs_to_Am_M_A/Vsm_=_65563218390.804596
# pendiente_HvsI_1/m_=_3716.3
# ordenada_HvsI_A/m_=_1297.0
# frecuencia_Hz_=_301625.3999874305

Tiempo_(s)	Campo_(V.s)	Magnetizacion_(V.s)	Campo_(kA/m)	Magnetizacion_(A/m)
0.000000e+00	-5.266335e-06	-1.673122e-08	-3.833187e+01	-1.092728e+03
1.000000e-08	-5.264632e-06	-1.672671e-08	-3.831948e+01	-1.092428e+03
2.000000e-08	-5.261102e-06	-1.672091e-08	-3.829378e+01	-1.091940e+03
3.000000e-08	-5.255934e-06	-1.671042e-08	-3.825617e+01	-1.091264e+03
4.000000e-08	-5.249173e-06	-1.669501e-08	-3.820696e+01	-1.090395e+03
5.000000e-08	-5.240766e-06	-1.667443e-08	-3.814576e+01	-1.089317e+03
6.000000e-08	-5.230385e-06	-1.665142e-08	-3.807021e+01	-1.088017e+03
7.000000e-08	-5.218108e-06	-1.662852e-08	-3.798084e+01	-1.086482e+03
8.000000e-08	-5.203980e-06	-1.659888e-08	-3.787801e+01	-1.084711e+03
9.000000e-08	-5.187594e-06	-1.658039e-08	-3.775875e+01	-1.082716e+03
1.000000e-07	-5.169053e-06	-1.657711e-08	-3.762379e+01	-1.080526e+03
1.100000e-07	-5.148632e-06	-1.653753e-08	-3.747515e+01	-1.078182e+03
1.200000e-07	-5.126398e-06	-1.648185e-08	-3.731332e+01	-1.075730e+03
1.300000e-07	-5.102645e-06	-1.642673e-08	-3.714043e+01	-1.073215e+03
1.400000e-07	-5.077435e-06	-1.632920e-08	-3.695694e+01	-1.070666e+03
1.500000e-07	-5.050573e-06	-1.632175e-08	-3.676141e+01	-1.068094e+03
1.600000e-07	-5.022155e-06	-1.633158e-08	-3.655457e+01	-1.065485e+03
1.700000e-07	-4.992321e-06	-1.623865e-08	-3.633742e+01	-1.062799e+03
1.800000e-07	-4.960735e-06	-1.623585e-08	-3.610751e+01	-1.059980e+03
1.900000e-07	-4.927131e-06	-1.617871e-08	-3.586292e+01	-1.056962e+03
2.000000e-07	-4.891882e-06	-1.602963e-08	-3.560636e+01	-1.053682e+03
2.100000e-07	-4.855057e-06	-1.599935e-08	-3.533832e+01	-1.050089e+03
2.200000e-07	-4.816439e-06	-1.593589e-08	-3.505723e+01	-1.046151e+03
2.300000e-07	-4.776053e-06	-1.585773e-08	-3.476327e+01	-1.041863e+03
2.400000e-07	-4.733793e-06	-1.583330e-08	-3.445568e+01	-1.037236e+03
2.500000e-07	-4.689728e-06	-1.572862e-08	-3.413494e+01	-1.032301e+03
2.600000e-07	-4.643916e-06	-1.562905e-08	-3.380150e+01	-1.027093e+03
2.700000e-07	-4.596277e-06	-1.555340e-08	-3.345474e+01	-1.021646e+03
2.800000e-07	-4.546683e-06	-1.547035e-08	-3.309377e+01	-1.015986e+03
2.900000e-07	-4.494984e-06	-1.540053e-08	-3.271747e+01	-1.010123e+03
3.000000e-07	-4.441465e-06	-1.529785e-08	-3.232792e+01	-1.004059e+03
3.100000e-07	-4.386420e-06	-1.519392e-08	-3.192727e+01	-9.977824e+02
3.200000e-07	-4.329721e-06	-1.509671e-08	-3.151457e+01	-9.912797e+02
3.300000e-07	-4.271288e-06	-1.499521e-08	-3.108926e+01	-9.845378e+02
3.400000e-07	-4.211311e-06	-1.488227e-08	-3.065271e+01	-9.775491e+02
3.500000e-07	-4.149962e-06	-1.475992e-08	-3.020617e+01	-9.703139e+02
3.600000e-07	-4.087267e-06	-1.466181e-08	-2.974983e+01	-9.628390e+02
3.700000e-07	-4.023115e-06	-1.454555e-08	-2.928290e+01	-9.551353e+02
3.800000e-07	-3.957345e-06	-1.442976e-08	-2.880418e+01	-9.472135e+02
3.900000e-07	-3.890023e-06	-1.432660e-08	-2.831416e+01	-9.390803e+02
4.000000e-07	-3.821382e-06	-1.418460e-08	-2.781455e+01	-9.307357e+02
4.100000e-07	-3.751524e-06	-1.403413e-08	-2.730607e+01	-9.221727e+02
4.200000e-07	-3.680475e-06	-1.388714e-08	-2.678894e+01	-9.133791e+02
4.300000e-07	-3.608212e-06	-1.375843e-08	-2.626295e+01	-9.043403e+02
4.400000e-07	-3.534498e-06	-1.363692e-08	-2.572642e+01	-8.950432e+02
4.500000e-07	-3.459193e-06	-1.349769e-08	-2.517830e+01	-8.854794e+02
4.600000e-07	-3.382447e-06	-1.333870e-08	-2.461969e+01	-8.756466e+02
4.700000e-07	-3.304399e-06	-1.316880e-08	-2.405160e+01	-8.655484e+02
4.800000e-07	-3.225125e-06	-1.301015e-08	-2.347460e+01	-8.551922e+02
4.900000e-07	-3.144578e-06	-1.285298e-08	-2.288832e+01	-8.445860e+02
5.000000e-07	-3.062831e-06	-1.269522e-08	-2.229332e+01	-8.337355e+02
5.100000e-07	-2.980032e-06	-1.252927e-08	-2.169065e+01	-8.226413e+02
5.200000e-07	-2.896371e-06	-1.234908e-08	-2.108171e+01	-8.112982e+02
5.300000e-07	-2.811932e-06	-1.215963e-08	-2.046710e+01	-7.996963e+02
5.400000e-07	-2.726513e-06	-1.197698e-08	-1.984537e+01	-7.878224e+02
5.500000e-07	-2.640184e-06	-1.180250e-08	-1.921701e+01	-7.756633e+02
5.600000e-07	-2.553014e-06	-1.161269e-08	-1.858253e+01	-7.632081e+02
5.700000e-07	-2.464854e-06	-1.140912e-08	-1.794084e+01	-7.504499e+02
5.800000e-07	-2.375670e-06	-1.120920e-08	-1.729170e+01	-7.373859e+02
5.900000e-07	-2.285480e-06	-1.101139e-08	-1.663524e+01	-7.240165e+02
6.000000e-07	-2.194346e-06	-1.080315e-08	-1.597190e+01	-7.103434e+02
6.100000e-07	-2.102459e-06	-1.058682e-08	-1.530309e+01	-6.963674e+02
6.200000e-07	-2.009865e-06	-1.036804e-08	-1.462913e+01	-6.820867e+02
6.300000e-07	-1.916513e-06	-1.014101e-08	-1.394965e+01	-6.674966e+02
6.400000e-07	-1.822473e-06	-9.907669e-09	-1.326516e+01	-6.525901e+02
6.500000e-07	-1.727905e-06	-9.681780e-09	-1.257684e+01	-6.373589e+02
6.600000e-07	-1.632794e-06	-9.455546e-09	-1.188456e+01	-6.217957e+02
6.700000e-07	-1.537057e-06	-9.210853e-09	-1.118772e+01	-6.058957e+02
6.800000e-07	-1.440782e-06	-8.952119e-09	-1.048696e+01	-5.896574e+02
6.900000e-07	-1.343938e-06	-8.694044e-09	-9.782067e+00	-5.730819e+02
7.000000e-07	-1.246463e-06	-8.438327e-09	-9.072580e+00	-5.561725e+02
7.100000e-07	-1.148496e-06	-8.177625e-09	-8.359512e+00	-5.389322e+02
7.200000e-07	-1.050125e-06	-7.910874e-09	-7.643507e+00	-5.213621e+02
7.300000e-07	-9.513640e-07	-7.638500e-09	-6.924657e+00	-5.034606e+02
7.400000e-07	-8.522945e-07	-7.358051e-09	-6.203564e+00	-4.852230e+02
7.500000e-07	-7.529448e-07	-7.072424e-09	-5.480431e+00	-4.666422e+02
7.600000e-07	-6.533321e-07	-6.785728e-09	-4.755384e+00	-4.477100e+02
7.700000e-07	-5.535617e-07	-6.493866e-09	-4.029188e+00	-4.284188e+02
7.800000e-07	-4.536431e-07	-6.192219e-09	-3.301915e+00	-4.087624e+02
7.900000e-07	-3.536044e-07	-5.883431e-09	-2.573767e+00	-3.887363e+02
8.000000e-07	-2.534982e-07	-5.570748e-09	-1.845128e+00	-3.683362e+02
8.100000e-07	-1.532831e-07	-5.254810e-09	-1.115696e+00	-3.475570e+02
8.200000e-07	-5.296310e-08	-4.934356e-09	-3.855005e-01	-3.263905e+02
8.300000e-07	4.740123e-08	-4.605478e-09	3.450175e-01	-3.048241e+02
8.400000e-07	1.477572e-07	-4.267524e-09	1.075474e+00	-2.828401e+02
8.500000e-07	2.480643e-07	-3.922971e-09	1.805577e+00	-2.604167e+02
8.600000e-07	3.482676e-07	-3.575349e-09	2.534923e+00	-2.375293e+02
8.700000e-07	4.484160e-07	-3.224167e-09	3.263868e+00	-2.141524e+02
8.800000e-07	5.484762e-07	-2.862432e-09	3.992173e+00	-1.902608e+02
8.900000e-07	6.483480e-07	-2.488063e-09	4.719106e+00	-1.658303e+02
9.000000e-07	7.480612e-07	-2.102914e-09	5.444885e+00	-1.408358e+02
9.100000e-07	8.475649e-07	-1.709254e-09	6.169138e+00	-1.152491e+02
9.200000e-07	9.467982e-07	-1.309482e-09	6.891424e+00	-8.903608e+01
9.300000e-07	1.045750e-06	-9.023906e-10	7.611658e+00	-6.215388e+01
9.400000e-07	1.144363e-06	-4.851978e-10	8.329431e+00	-3.455128e+01
9.500000e-07	1.242501e-06	-5.374992e-11	9.043748e+00	-6.171609e+00
9.600000e-07	1.340024e-06	3.914927e-10	9.753582e+00	2.304051e+01
9.700000e-07	1.436840e-06	8.484076e-10	1.045827e+01	5.312933e+01
9.800000e-07	1.532975e-06	1.318948e-09	1.115800e+01	8.411630e+01
9.900000e-07	1.628486e-06	1.804754e-09	1.185320e+01	1.159887e+02
1.000000e-06	1.723392e-06	2.304215e-09	1.254399e+01	1.486909e+02
1.010000e-06	1.817714e-06	2.814055e-09	1.323053e+01	1.821199e+02
1.020000e-06	1.911390e-06	3.330791e-09	1.391236e+01	2.161269e+02
1.030000e-06	2.004408e-06	3.851498e-09	1.458941e+01	2.505248e+02
1.040000e-06	2.096776e-06	4.376361e-09	1.526173e+01	2.851010e+02
1.050000e-06	2.188528e-06	4.901744e-09	1.592955e+01	3.196321e+02
1.060000e-06	2.279617e-06	5.423611e-09	1.659257e+01	3.539000e+02
1.070000e-06	2.369816e-06	5.937089e-09	1.724909e+01	3.877060e+02
1.080000e-06	2.458923e-06	6.440451e-09	1.789767e+01	4.208796e+02
1.090000e-06	2.546988e-06	6.931250e-09	1.853866e+01	4.532837e+02
1.100000e-06	2.634138e-06	7.408408e-09	1.917300e+01	4.848143e+02
1.110000e-06	2.720474e-06	7.874727e-09	1.980141e+01	5.153961e+02
1.120000e-06	2.805929e-06	8.326836e-09	2.042341e+01	5.449765e+02
1.130000e-06	2.890415e-06	8.760084e-09	2.103835e+01	5.735197e+02
1.140000e-06	2.974063e-06	9.175017e-09	2.164720e+01	6.010014e+02
1.150000e-06	3.056861e-06	9.575551e-09	2.224986e+01	6.274064e+02
1.160000e-06	3.138541e-06	9.962251e-09	2.284438e+01	6.527283e+02
1.170000e-06	3.218998e-06	1.033032e-08	2.343000e+01	6.769701e+02
1.180000e-06	3.298295e-06	1.067976e-08	2.400717e+01	7.001460e+02
1.190000e-06	3.376447e-06	1.101478e-08	2.457602e+01	7.222817e+02
1.200000e-06	3.453436e-06	1.133589e-08	2.513639e+01	7.434135e+02
1.210000e-06	3.529203e-06	1.164425e-08	2.568787e+01	7.635851e+02
1.220000e-06	3.603516e-06	1.193827e-08	2.622878e+01	7.828438e+02
1.230000e-06	3.676247e-06	1.221652e-08	2.675816e+01	8.012354e+02
1.240000e-06	3.747562e-06	1.248064e-08	2.727723e+01	8.188010e+02
1.250000e-06	3.817570e-06	1.273342e-08	2.778681e+01	8.355750e+02
1.260000e-06	3.886295e-06	1.297635e-08	2.828703e+01	8.515846e+02
1.270000e-06	3.953827e-06	1.320896e-08	2.877857e+01	8.668528e+02
1.280000e-06	4.019937e-06	1.343061e-08	2.925976e+01	8.814013e+02
1.290000e-06	4.084308e-06	1.363956e-08	2.972830e+01	8.952539e+02
1.300000e-06	4.147144e-06	1.383582e-08	3.018566e+01	9.084387e+02
1.310000e-06	4.208636e-06	1.402192e-08	3.063324e+01	9.209887e+02
1.320000e-06	4.268813e-06	1.420060e-08	3.107125e+01	9.329398e+02
1.330000e-06	4.327595e-06	1.437259e-08	3.149910e+01	9.443274e+02
1.340000e-06	4.384673e-06	1.453704e-08	3.191455e+01	9.551827e+02
1.350000e-06	4.439999e-06	1.469460e-08	3.231725e+01	9.655290e+02
1.360000e-06	4.493737e-06	1.484622e-08	3.270839e+01	9.753802e+02
1.370000e-06	4.545795e-06	1.499168e-08	3.308730e+01	9.847416e+02
1.380000e-06	4.595937e-06	1.512752e-08	3.345227e+01	9.936129e+02
1.390000e-06	4.644127e-06	1.525266e-08	3.380303e+01	1.001993e+03
1.400000e-06	4.690597e-06	1.536990e-08	3.414127e+01	1.009885e+03
1.410000e-06	4.735517e-06	1.548147e-08	3.446823e+01	1.017300e+03
1.420000e-06	4.778929e-06	1.558658e-08	3.478421e+01	1.024259e+03
1.430000e-06	4.820561e-06	1.568487e-08	3.508723e+01	1.030792e+03
1.440000e-06	4.860332e-06	1.577654e-08	3.537672e+01	1.036934e+03
1.450000e-06	4.898449e-06	1.586195e-08	3.565416e+01	1.042722e+03
1.460000e-06	4.934969e-06	1.594250e-08	3.591997e+01	1.048188e+03
1.470000e-06	4.969864e-06	1.601857e-08	3.617396e+01	1.053353e+03
1.480000e-06	5.002894e-06	1.609188e-08	3.641438e+01	1.058228e+03
1.490000e-06	5.034069e-06	1.616237e-08	3.664129e+01	1.062813e+03
1.500000e-06	5.063563e-06	1.622910e-08	3.685597e+01	1.067101e+03
1.510000e-06	5.091472e-06	1.629016e-08	3.705911e+01	1.071080e+03
1.520000e-06	5.117584e-06	1.634513e-08	3.724917e+01	1.074740e+03
1.530000e-06	5.141636e-06	1.639493e-08	3.742423e+01	1.078076e+03
1.540000e-06	5.163796e-06	1.643637e-08	3.758553e+01	1.081089e+03
1.550000e-06	5.184277e-06	1.647250e-08	3.773460e+01	1.083788e+03
1.560000e-06	5.203067e-06	1.650732e-08	3.787137e+01	1.086184e+03
1.570000e-06	5.219946e-06	1.653853e-08	3.799422e+01	1.088291e+03
1.580000e-06	5.234852e-06	1.656569e-08	3.810272e+01	1.090122e+03
1.590000e-06	5.247809e-06	1.658815e-08	3.819703e+01	1.091683e+03
1.600000e-06	5.258689e-06	1.660681e-08	3.827622e+01	1.092981e+03
1.610000e-06	5.267406e-06	1.662337e-08	3.833967e+01	1.094018e+03
1.620000e-06	5.274189e-06	1.663569e-08	3.838904e+01	1.094797e+03
1.630000e-06	5.279232e-06	1.664340e-08	3.842574e+01	1.095327e+03
1.640000e-06	5.282554e-06	1.664646e-08	3.844993e+01	1.095617e+03
1.650000e-06	5.283938e-06	1.664660e-08	3.846000e+01	1.095681e+03
1.660000e-06	5.283323e-06	1.664531e-08	3.845553e+01	1.095536e+03
1.670000e-06	5.280993e-06	1.663861e-08	3.843856e+01	1.095195e+03
1.680000e-06	5.277101e-06	1.663013e-08	3.841023e+01	1.094667e+03
1.690000e-06	5.271509e-06	1.661981e-08	3.836953e+01	1.093950e+03
1.700000e-06	5.264061e-06	1.660704e-08	3.831533e+01	1.093037e+03
1.710000e-06	5.254916e-06	1.659211e-08	3.824876e+01	1.091913e+03
1.720000e-06	5.244191e-06	1.657327e-08	3.817069e+01	1.090562e+03
1.730000e-06	5.231793e-06	1.655329e-08	3.808045e+01	1.088976e+03
1.740000e-06	5.217432e-06	1.652376e-08	3.797592e+01	1.087155e+03
1.750000e-06	5.200756e-06	1.645697e-08	3.785454e+01	1.085115e+03
1.760000e-06	5.181613e-06	1.642544e-08	3.771521e+01	1.082888e+03
1.770000e-06	5.160032e-06	1.640662e-08	3.755813e+01	1.080516e+03
1.780000e-06	5.136553e-06	1.638664e-08	3.738724e+01	1.078047e+03
1.790000e-06	5.112157e-06	1.640176e-08	3.720967e+01	1.075522e+03
1.800000e-06	5.086847e-06	1.629572e-08	3.702544e+01	1.072968e+03
1.810000e-06	5.059786e-06	1.624104e-08	3.682848e+01	1.070390e+03
1.820000e-06	5.031055e-06	1.625676e-08	3.661935e+01	1.067768e+03
1.830000e-06	5.000753e-06	1.614554e-08	3.639879e+01	1.065058e+03
1.840000e-06	4.968264e-06	1.617031e-08	3.616231e+01	1.062202e+03
1.850000e-06	4.933850e-06	1.621172e-08	3.591183e+01	1.059133e+03
1.860000e-06	4.897886e-06	1.608050e-08	3.565006e+01	1.055789e+03
1.870000e-06	4.860120e-06	1.606647e-08	3.537517e+01	1.052123e+03
1.880000e-06	4.820527e-06	1.600176e-08	3.508699e+01	1.048110e+03
1.890000e-06	4.779072e-06	1.588203e-08	3.478525e+01	1.043746e+03
1.900000e-06	4.735881e-06	1.588676e-08	3.447088e+01	1.039051e+03
1.910000e-06	4.691217e-06	1.579485e-08	3.414579e+01	1.034054e+03
1.920000e-06	4.644756e-06	1.573429e-08	3.380761e+01	1.028792e+03
1.930000e-06	4.596577e-06	1.565170e-08	3.345693e+01	1.023297e+03
1.940000e-06	4.546888e-06	1.549216e-08	3.309526e+01	1.017592e+03
1.950000e-06	4.495394e-06	1.545988e-08	3.272046e+01	1.011686e+03
1.960000e-06	4.441966e-06	1.536137e-08	3.233157e+01	1.005577e+03
1.970000e-06	4.386569e-06	1.525621e-08	3.192835e+01	9.992531e+02
1.980000e-06	4.329483e-06	1.517492e-08	3.151284e+01	9.926997e+02
1.990000e-06	4.270964e-06	1.505331e-08	3.108691e+01	9.859049e+02
2.000000e-06	4.211032e-06	1.497570e-08	3.065068e+01	9.788627e+02
2.010000e-06	4.149694e-06	1.482444e-08	3.020422e+01	9.715750e+02
2.020000e-06	4.086691e-06	1.472475e-08	2.974565e+01	9.640497e+02
2.030000e-06	4.022057e-06	1.461877e-08	2.927520e+01	9.562981e+02
2.040000e-06	3.955987e-06	1.445494e-08	2.879429e+01	9.483302e+02
2.050000e-06	3.888609e-06	1.436180e-08	2.830387e+01	9.401516e+02
2.060000e-06	3.819949e-06	1.423255e-08	2.780412e+01	9.317606e+02
2.070000e-06	3.749716e-06	1.412642e-08	2.729292e+01	9.231490e+02
2.080000e-06	3.677964e-06	1.398068e-08	2.677066e+01	9.143037e+02
2.090000e-06	3.604938e-06	1.380450e-08	2.623912e+01	9.052101e+02
2.100000e-06	3.530719e-06	1.367743e-08	2.569891e+01	8.958560e+02
2.110000e-06	3.455211e-06	1.353266e-08	2.514931e+01	8.862342e+02
2.120000e-06	3.378329e-06	1.340061e-08	2.458972e+01	8.763437e+02
2.130000e-06	3.300083e-06	1.324184e-08	2.402019e+01	8.661891e+02
2.140000e-06	3.220494e-06	1.308377e-08	2.344089e+01	8.557783e+02
2.150000e-06	3.139736e-06	1.291339e-08	2.285308e+01	8.451191e+02
2.160000e-06	3.057893e-06	1.273020e-08	2.225737e+01	8.342161e+02
2.170000e-06	2.975026e-06	1.257822e-08	2.165421e+01	8.230688e+02
2.180000e-06	2.891218e-06	1.242350e-08	2.104420e+01	8.116709e+02
2.190000e-06	2.806375e-06	1.224466e-08	2.042665e+01	8.000115e+02
2.200000e-06	2.720388e-06	1.203828e-08	1.980079e+01	7.880771e+02
2.210000e-06	2.633236e-06	1.185695e-08	1.916643e+01	7.758550e+02
2.220000e-06	2.545083e-06	1.167821e-08	1.852480e+01	7.633349e+02
2.230000e-06	2.456077e-06	1.147888e-08	1.787696e+01	7.505109e+02
2.240000e-06	2.366229e-06	1.127759e-08	1.722298e+01	7.373810e+02
2.250000e-06	2.275579e-06	1.107708e-08	1.656317e+01	7.239460e+02
2.260000e-06	2.184252e-06	1.087073e-08	1.589843e+01	7.102076e+02
2.270000e-06	2.092297e-06	1.064883e-08	1.522913e+01	6.961661e+02
2.280000e-06	1.999608e-06	1.043801e-08	1.455447e+01	6.818193e+02
2.290000e-06	1.906115e-06	1.022314e-08	1.387397e+01	6.671617e+02
2.300000e-06	1.811804e-06	9.982879e-09	1.318751e+01	6.521859e+02
2.310000e-06	1.716746e-06	9.736873e-09	1.249561e+01	6.368837e+02
2.320000e-06	1.621040e-06	9.505177e-09	1.179900e+01	6.212483e+02
2.330000e-06	1.524771e-06	9.273728e-09	1.109829e+01	6.052754e+02
2.340000e-06	1.428031e-06	9.026392e-09	1.039415e+01	5.889643e+02
2.350000e-06	1.330869e-06	8.772840e-09	9.686948e+00	5.723166e+02
2.360000e-06	1.233302e-06	8.514648e-09	8.976790e+00	5.553357e+02
2.370000e-06	1.135349e-06	8.246889e-09	8.263823e+00	5.380243e+02
2.380000e-06	1.037047e-06	7.973293e-09	7.548316e+00	5.203830e+02
2.390000e-06	9.384120e-07	7.704684e-09	6.830384e+00	5.024097e+02
2.400000e-06	8.395101e-07	7.430810e-09	6.110511e+00	4.840988e+02
2.410000e-06	7.404189e-07	7.141076e-09	5.389259e+00	4.654430e+02
2.420000e-06	6.410956e-07	6.845846e-09	4.666319e+00	4.464341e+02
2.430000e-06	5.416001e-07	6.552948e-09	3.942124e+00	4.270647e+02
2.440000e-06	4.420186e-07	6.256684e-09	3.217304e+00	4.073291e+02
2.450000e-06	3.422452e-07	5.951203e-09	2.491087e+00	3.872228e+02
2.460000e-06	2.423147e-07	5.639507e-09	1.763727e+00	3.667416e+02
2.470000e-06	1.423323e-07	5.322239e-09	1.035989e+00	3.458799e+02
2.480000e-06	4.229403e-08	4.996848e-09	3.078440e-01	3.246285e+02
2.490000e-06	-5.778687e-08	4.665168e-09	-4.206111e-01	3.029739e+02
2.500000e-06	-1.578774e-07	4.329068e-09	-1.149136e+00	2.808973e+02
2.510000e-06	-2.579216e-07	3.985901e-09	-1.877324e+00	2.583763e+02
2.520000e-06	-3.578913e-07	3.633008e-09	-2.604970e+00	2.353857e+02
2.530000e-06	-4.577258e-07	3.270951e-09	-3.331632e+00	2.119002e+02
2.540000e-06	-5.573971e-07	2.904734e-09	-4.057105e+00	1.878948e+02
2.550000e-06	-6.569443e-07	2.535147e-09	-4.781676e+00	1.633452e+02
2.560000e-06	-7.563148e-07	2.157168e-09	-5.504960e+00	1.382260e+02
2.570000e-06	-8.554412e-07	1.764125e-09	-6.226468e+00	1.125079e+02
2.580000e-06	-9.542831e-07	1.357840e-09	-6.945904e+00	8.615495e+01
2.590000e-06	-1.052820e-06	9.443016e-10	-7.663119e+00	5.912256e+01
2.600000e-06	-1.150981e-06	5.203625e-10	-8.377600e+00	3.135792e+01
2.610000e-06	-1.248663e-06	8.247513e-11	-9.088593e+00	2.803942e+00
2.620000e-06	-1.345889e-06	-3.687892e-10	-9.796275e+00	-2.659329e+01
2.630000e-06	-1.442718e-06	-8.322653e-10	-1.050106e+01	-5.687414e+01
2.640000e-06	-1.539146e-06	-1.308475e-09	-1.120293e+01	-8.805367e+01
2.650000e-06	-1.635099e-06	-1.797386e-09	-1.190133e+01	-1.201106e+02
2.660000e-06	-1.730438e-06	-2.296417e-09	-1.259528e+01	-1.529792e+02
2.670000e-06	-1.825014e-06	-2.807618e-09	-1.328366e+01	-1.865463e+02
2.680000e-06	-1.918638e-06	-3.331942e-09	-1.396512e+01	-2.206543e+02
2.690000e-06	-2.011374e-06	-3.862675e-09	-1.464011e+01	-2.551094e+02
2.700000e-06	-2.103409e-06	-4.393664e-09	-1.531000e+01	-2.896951e+02
2.710000e-06	-2.194764e-06	-4.921341e-09	-1.597494e+01	-3.241881e+02
2.720000e-06	-2.285350e-06	-5.444142e-09	-1.663429e+01	-3.583733e+02
2.730000e-06	-2.375104e-06	-5.959903e-09	-1.728758e+01	-3.920574e+02
2.740000e-06	-2.464046e-06	-6.465027e-09	-1.793496e+01	-4.250768e+02
2.750000e-06	-2.552262e-06	-6.958113e-09	-1.857705e+01	-4.573019e+02
2.760000e-06	-2.639726e-06	-7.436681e-09	-1.921367e+01	-4.886350e+02
2.770000e-06	-2.726157e-06	-7.900579e-09	-1.984278e+01	-5.190063e+02
2.780000e-06	-2.811429e-06	-8.352311e-09	-2.046344e+01	-5.483674e+02
2.790000e-06	-2.895646e-06	-8.789730e-09	-2.107643e+01	-5.766852e+02
2.800000e-06	-2.978904e-06	-9.208571e-09	-2.168243e+01	-6.039376e+02
2.810000e-06	-3.061227e-06	-9.608243e-09	-2.228164e+01	-6.301111e+02
2.820000e-06	-3.142587e-06	-9.990594e-09	-2.287383e+01	-6.552013e+02
2.830000e-06	-3.222929e-06	-1.035728e-08	-2.345861e+01	-6.792135e+02
2.840000e-06	-3.302065e-06	-1.070720e-08	-2.403461e+01	-7.021643e+02
2.850000e-06	-3.379818e-06	-1.104254e-08	-2.460055e+01	-7.240820e+02
2.860000e-06	-3.456201e-06	-1.136532e-08	-2.515652e+01	-7.450045e+02
2.870000e-06	-3.531236e-06	-1.167275e-08	-2.570267e+01	-7.649769e+02
2.880000e-06	-3.604952e-06	-1.196592e-08	-2.623922e+01	-7.840463e+02
2.890000e-06	-3.677497e-06	-1.224706e-08	-2.676726e+01	-8.022581e+02
2.900000e-06	-3.748746e-06	-1.251556e-08	-2.728585e+01	-8.196518e+02
2.910000e-06	-3.818395e-06	-1.276908e-08	-2.779281e+01	-8.362603e+02
2.920000e-06	-3.886530e-06	-1.300793e-08	-2.828874e+01	-8.521096e+02
2.930000e-06	-3.953339e-06	-1.323725e-08	-2.877502e+01	-8.672221e+02
2.940000e-06	-4.018849e-06	-1.345953e-08	-2.925185e+01	-8.816197e+02
2.950000e-06	-4.083024e-06	-1.367388e-08	-2.971895e+01	-8.953270e+02
2.960000e-06	-4.145647e-06	-1.387895e-08	-3.017476e+01	-9.083733e+02
2.970000e-06	-4.206612e-06	-1.407271e-08	-3.061851e+01	-9.207922e+02
2.980000e-06	-4.266102e-06	-1.425614e-08	-3.105151e+01	-9.326201e+02
2.990000e-06	-4.324177e-06	-1.443036e-08	-3.147422e+01	-9.438916e+02
3.000000e-06	-4.380738e-06	-1.459501e-08	-3.188591e+01	-9.546366e+02
3.010000e-06	-4.435611e-06	-1.475090e-08	-3.228531e+01	-9.648763e+02
3.020000e-06	-4.488593e-06	-1.489841e-08	-3.267095e+01	-9.746227e+02
3.030000e-06	-4.539742e-06	-1.503736e-08	-3.304325e+01	-9.838796e+02
3.040000e-06	-4.589025e-06	-1.516806e-08	-3.340196e+01	-9.926461e+02
3.050000e-06	-4.636442e-06	-1.529416e-08	-3.374710e+01	-1.000921e+03
3.060000e-06	-4.682299e-06	-1.541637e-08	-3.408087e+01	-1.008710e+03
3.070000e-06	-4.726729e-06	-1.553234e-08	-3.440427e+01	-1.016026e+03
3.080000e-06	-4.769680e-06	-1.564129e-08	-3.471689e+01	-1.022891e+03
3.090000e-06	-4.811089e-06	-1.574321e-08	-3.501829e+01	-1.029337e+03
3.100000e-06	-4.850943e-06	-1.583862e-08	-3.530838e+01	-1.035402e+03
3.110000e-06	-4.889005e-06	-1.592599e-08	-3.558542e+01	-1.041119e+03
3.120000e-06	-4.925219e-06	-1.600790e-08	-3.584900e+01	-1.046519e+03
3.130000e-06	-4.959722e-06	-1.608541e-08	-3.610014e+01	-1.051621e+03
3.140000e-06	-4.992569e-06	-1.615910e-08	-3.633922e+01	-1.056435e+03
3.150000e-06	-5.023609e-06	-1.622875e-08	-3.656515e+01	-1.060958e+03
3.160000e-06	-5.052710e-06	-1.629365e-08	-3.677697e+01	-1.065181e+03
3.170000e-06	-5.080064e-06	-1.635578e-08	-3.697607e+01	-1.069092e+03
3.180000e-06	-5.105695e-06	-1.641265e-08	-3.716263e+01	-1.072683e+03
3.190000e-06	-5.129548e-06	-1.646444e-08	-3.733625e+01	-1.075950e+03
3.200000e-06	-5.151482e-06	-1.651249e-08	-3.749590e+01	-1.078896e+03
3.210000e-06	-5.171512e-06	-1.655553e-08	-3.764169e+01	-1.081529e+03
3.220000e-06	-5.189825e-06	-1.659216e-08	-3.777499e+01	-1.083862e+03
3.230000e-06	-5.206357e-06	-1.662404e-08	-3.789532e+01	-1.085910e+03
3.240000e-06	-5.220750e-06	-1.665198e-08	-3.800008e+01	-1.087682e+03
3.250000e-06	-5.232928e-06	-1.667638e-08	-3.808872e+01	-1.089187e+03
3.260000e-06	-5.243152e-06	-1.669634e-08	-3.816313e+01	-1.090429e+03
3.270000e-06	-5.251559e-06	-1.671039e-08	-3.822432e+01	-1.091411e+03
3.280000e-06	-5.258009e-06	-1.672073e-08	-3.827127e+01	-1.092137e+03
3.290000e-06	-5.262547e-06	-1.672932e-08	-3.830431e+01	-1.092614e+03
3.300000e-06	-5.265406e-06	-1.673642e-08	-3.832511e+01	-1.092855e+03
3.310000e-06	-5.266541e-06	-1.673674e-08	-3.833337e+01	-1.092874e+03
