# Temperatura_=_37.07
# Concentracion g/m^3_=_24000.0
# C_Vs_to_Am_M_A/Vsm_=_65563218390.804596
# pendiente_HvsI_1/m_=_3716.3
# ordenada_HvsI_A/m_=_1297.0
# frecuencia_Hz_=_301622.27147941536

Tiempo_(s)	Campo_(V.s)	Magnetizacion_(V.s)	Campo_(kA/m)	Magnetizacion_(A/m)
0.000000e+00	-5.269667e-06	-1.654991e-08	-3.833407e+01	-1.080812e+03
1.000000e-08	-5.267568e-06	-1.654117e-08	-3.831881e+01	-1.080434e+03
2.000000e-08	-5.263680e-06	-1.653296e-08	-3.829052e+01	-1.079871e+03
3.000000e-08	-5.258213e-06	-1.652113e-08	-3.825076e+01	-1.079128e+03
4.000000e-08	-5.251190e-06	-1.650568e-08	-3.819967e+01	-1.078198e+03
5.000000e-08	-5.242464e-06	-1.648733e-08	-3.813619e+01	-1.077067e+03
6.000000e-08	-5.231756e-06	-1.646693e-08	-3.805830e+01	-1.075718e+03
7.000000e-08	-5.219136e-06	-1.644415e-08	-3.796649e+01	-1.074139e+03
8.000000e-08	-5.204572e-06	-1.642036e-08	-3.786055e+01	-1.072328e+03
9.000000e-08	-5.187846e-06	-1.639212e-08	-3.773887e+01	-1.070295e+03
1.000000e-07	-5.169022e-06	-1.637161e-08	-3.760194e+01	-1.068070e+03
1.100000e-07	-5.148292e-06	-1.633956e-08	-3.745113e+01	-1.065689e+03
1.200000e-07	-5.125832e-06	-1.627893e-08	-3.728775e+01	-1.063198e+03
1.300000e-07	-5.101884e-06	-1.622576e-08	-3.711354e+01	-1.060635e+03
1.400000e-07	-5.076396e-06	-1.616932e-08	-3.692813e+01	-1.058024e+03
1.500000e-07	-5.049230e-06	-1.611227e-08	-3.673051e+01	-1.055372e+03
1.600000e-07	-5.020543e-06	-1.611777e-08	-3.652183e+01	-1.052658e+03
1.700000e-07	-4.990374e-06	-1.607047e-08	-3.630236e+01	-1.049846e+03
1.800000e-07	-4.958359e-06	-1.600291e-08	-3.606947e+01	-1.046882e+03
1.900000e-07	-4.924338e-06	-1.596152e-08	-3.582199e+01	-1.043709e+03
2.000000e-07	-4.888728e-06	-1.585401e-08	-3.556294e+01	-1.040277e+03
2.100000e-07	-4.851572e-06	-1.578499e-08	-3.529265e+01	-1.036550e+03
2.200000e-07	-4.812653e-06	-1.574781e-08	-3.500954e+01	-1.032511e+03
2.300000e-07	-4.771905e-06	-1.567627e-08	-3.471312e+01	-1.028163e+03
2.400000e-07	-4.729237e-06	-1.560439e-08	-3.440273e+01	-1.023525e+03
2.500000e-07	-4.684805e-06	-1.551416e-08	-3.407951e+01	-1.018624e+03
2.600000e-07	-4.638643e-06	-1.542232e-08	-3.374371e+01	-1.013486e+03
2.700000e-07	-4.590647e-06	-1.536347e-08	-3.339456e+01	-1.008133e+03
2.800000e-07	-4.540632e-06	-1.528710e-08	-3.303073e+01	-1.002574e+03
2.900000e-07	-4.488550e-06	-1.520104e-08	-3.265186e+01	-9.968059e+02
3.000000e-07	-4.434680e-06	-1.509631e-08	-3.225998e+01	-9.908185e+02
3.100000e-07	-4.379260e-06	-1.499262e-08	-3.185683e+01	-9.845971e+02
3.200000e-07	-4.322219e-06	-1.490494e-08	-3.144189e+01	-9.781292e+02
3.300000e-07	-4.263468e-06	-1.480383e-08	-3.101450e+01	-9.714093e+02
3.400000e-07	-4.203202e-06	-1.469179e-08	-3.057610e+01	-9.644405e+02
3.500000e-07	-4.141536e-06	-1.456984e-08	-3.012751e+01	-9.572340e+02
3.600000e-07	-4.078525e-06	-1.445989e-08	-2.966914e+01	-9.498056e+02
3.700000e-07	-4.014094e-06	-1.435064e-08	-2.920044e+01	-9.421709e+02
3.800000e-07	-3.948030e-06	-1.424389e-08	-2.871986e+01	-9.343404e+02
3.900000e-07	-3.880405e-06	-1.413526e-08	-2.822792e+01	-9.263163e+02
4.000000e-07	-3.811479e-06	-1.399125e-08	-2.772652e+01	-9.180915e+02
4.100000e-07	-3.741398e-06	-1.384155e-08	-2.721672e+01	-9.096514e+02
4.200000e-07	-3.670189e-06	-1.370520e-08	-2.669871e+01	-9.009779e+02
4.300000e-07	-3.597732e-06	-1.357618e-08	-2.617162e+01	-8.920537e+02
4.400000e-07	-3.523710e-06	-1.345332e-08	-2.563315e+01	-8.828664e+02
4.500000e-07	-3.448069e-06	-1.331615e-08	-2.508290e+01	-8.734109e+02
4.600000e-07	-3.371003e-06	-1.315447e-08	-2.452229e+01	-8.636893e+02
4.700000e-07	-3.292649e-06	-1.299017e-08	-2.395230e+01	-8.537090e+02
4.800000e-07	-3.213047e-06	-1.283775e-08	-2.337324e+01	-8.434783e+02
4.900000e-07	-3.132171e-06	-1.268414e-08	-2.278491e+01	-8.330031e+02
5.000000e-07	-3.050144e-06	-1.251703e-08	-2.218820e+01	-8.222834e+02
5.100000e-07	-2.967136e-06	-1.234547e-08	-2.158436e+01	-8.113120e+02
5.200000e-07	-2.883251e-06	-1.217267e-08	-2.097415e+01	-8.000759e+02
5.300000e-07	-2.798517e-06	-1.199548e-08	-2.035775e+01	-7.885590e+02
5.400000e-07	-2.712808e-06	-1.182068e-08	-1.973426e+01	-7.767458e+02
5.500000e-07	-2.626220e-06	-1.164559e-08	-1.910438e+01	-7.646251e+02
5.600000e-07	-2.538874e-06	-1.145100e-08	-1.846898e+01	-7.521920e+02
5.700000e-07	-2.450456e-06	-1.123947e-08	-1.782579e+01	-7.394488e+02
5.800000e-07	-2.360851e-06	-1.103801e-08	-1.717396e+01	-7.264027e+02
5.900000e-07	-2.270304e-06	-1.084256e-08	-1.651527e+01	-7.130628e+02
6.000000e-07	-2.178969e-06	-1.063465e-08	-1.585086e+01	-6.994367e+02
6.100000e-07	-2.086920e-06	-1.041817e-08	-1.518125e+01	-6.855268e+02
6.200000e-07	-1.994148e-06	-1.020274e-08	-1.450638e+01	-6.713295e+02
6.300000e-07	-1.900630e-06	-9.979461e-09	-1.382609e+01	-6.568351e+02
6.400000e-07	-1.806437e-06	-9.746471e-09	-1.314089e+01	-6.420303e+02
6.500000e-07	-1.711675e-06	-9.519491e-09	-1.245154e+01	-6.269012e+02
6.600000e-07	-1.616410e-06	-9.293472e-09	-1.175854e+01	-6.114370e+02
6.700000e-07	-1.520632e-06	-9.050772e-09	-1.106180e+01	-5.956321e+02
6.800000e-07	-1.424241e-06	-8.793554e-09	-1.036061e+01	-5.794868e+02
6.900000e-07	-1.327135e-06	-8.537908e-09	-9.654214e+00	-5.630062e+02
7.000000e-07	-1.229393e-06	-8.283227e-09	-8.943191e+00	-5.461979e+02
7.100000e-07	-1.131212e-06	-8.022499e-09	-8.228976e+00	-5.290684e+02
7.200000e-07	-1.032690e-06	-7.758469e-09	-7.512278e+00	-5.116209e+02
7.300000e-07	-9.338972e-07	-7.490310e-09	-6.793614e+00	-4.938537e+02
7.400000e-07	-8.348407e-07	-7.212016e-09	-6.073031e+00	-4.757599e+02
7.500000e-07	-7.355089e-07	-6.927966e-09	-5.350443e+00	-4.573296e+02
7.600000e-07	-6.359026e-07	-6.646690e-09	-4.625860e+00	-4.385519e+02
7.700000e-07	-5.360183e-07	-6.360056e-09	-3.899253e+00	-4.194180e+02
7.800000e-07	-4.359558e-07	-6.058959e-09	-3.171351e+00	-3.999222e+02
7.900000e-07	-3.357684e-07	-5.748074e-09	-2.442540e+00	-3.800623e+02
8.000000e-07	-2.354752e-07	-5.436373e-09	-1.712959e+00	-3.598383e+02
8.100000e-07	-1.351134e-07	-5.124772e-09	-9.828794e-01	-3.392495e+02
8.200000e-07	-3.469981e-08	-4.807996e-09	-2.524230e-01	-3.182916e+02
8.300000e-07	6.576131e-08	-4.483324e-09	4.783792e-01	-2.969545e+02
8.400000e-07	1.662084e-07	-4.150578e-09	1.209079e+00	-2.752212e+02
8.500000e-07	2.666305e-07	-3.810681e-09	1.939598e+00	-2.530687e+02
8.600000e-07	3.670135e-07	-3.465452e-09	2.669832e+00	-2.304698e+02
8.700000e-07	4.672438e-07	-3.117560e-09	3.398955e+00	-2.073961e+02
8.800000e-07	5.673602e-07	-2.761848e-09	4.127249e+00	-1.838203e+02
8.900000e-07	6.673770e-07	-2.391950e-09	4.854819e+00	-1.597166e+02
9.000000e-07	7.671667e-07	-2.010456e-09	5.580737e+00	-1.350605e+02
9.100000e-07	8.666486e-07	-1.623002e-09	6.304416e+00	-1.098256e+02
9.200000e-07	9.658018e-07	-1.230518e-09	7.025704e+00	-8.398062e+01
9.300000e-07	1.064616e-06	-8.290766e-10	7.744526e+00	-5.748660e+01
9.400000e-07	1.163048e-06	-4.165236e-10	8.460566e+00	-3.029634e+01
9.500000e-07	1.261054e-06	9.978802e-12	9.173508e+00	-2.357203e+00
9.600000e-07	1.358576e-06	4.481206e-10	9.882934e+00	2.638230e+01
9.700000e-07	1.455450e-06	8.951330e-10	1.058764e+01	5.596274e+01
9.800000e-07	1.551538e-06	1.354789e-09	1.128663e+01	8.640227e+01
9.900000e-07	1.646934e-06	1.830509e-09	1.198058e+01	1.176856e+02
1.000000e-06	1.741785e-06	2.322081e-09	1.267057e+01	1.497557e+02
1.010000e-06	1.836096e-06	2.824097e-09	1.335664e+01	1.825105e+02
1.020000e-06	1.929764e-06	3.330745e-09	1.403803e+01	2.158056e+02
1.030000e-06	2.022747e-06	3.840400e-09	1.471443e+01	2.494618e+02
1.040000e-06	2.115070e-06	4.352452e-09	1.538603e+01	2.832785e+02
1.050000e-06	2.206698e-06	4.864589e-09	1.605257e+01	3.170481e+02
1.060000e-06	2.297556e-06	5.375064e-09	1.671352e+01	3.505707e+02
1.070000e-06	2.387584e-06	5.881195e-09	1.736843e+01	3.836655e+02
1.080000e-06	2.476679e-06	6.377020e-09	1.801654e+01	4.161782e+02
1.090000e-06	2.564709e-06	6.858703e-09	1.865692e+01	4.479837e+02
1.100000e-06	2.651765e-06	7.327728e-09	1.929020e+01	4.789837e+02
1.110000e-06	2.737991e-06	7.785151e-09	1.991745e+01	5.091027e+02
1.120000e-06	2.823322e-06	8.228486e-09	2.053820e+01	5.382819e+02
1.130000e-06	2.907797e-06	8.655455e-09	2.115271e+01	5.664752e+02
1.140000e-06	2.991423e-06	9.067752e-09	2.176104e+01	5.936462e+02
1.150000e-06	3.074089e-06	9.466251e-09	2.236239e+01	6.197685e+02
1.160000e-06	3.155634e-06	9.847451e-09	2.295559e+01	6.448274e+02
1.170000e-06	3.235931e-06	1.020822e-08	2.353971e+01	6.688219e+02
1.180000e-06	3.315013e-06	1.055350e-08	2.411499e+01	6.917661e+02
1.190000e-06	3.392948e-06	1.088723e-08	2.468193e+01	7.136891e+02
1.200000e-06	3.469726e-06	1.120781e-08	2.524044e+01	7.346317e+02
1.210000e-06	3.545228e-06	1.151366e-08	2.578969e+01	7.546416e+02
1.220000e-06	3.619348e-06	1.180639e-08	2.632887e+01	7.737672e+02
1.230000e-06	3.691961e-06	1.208436e-08	2.685709e+01	7.920522e+02
1.240000e-06	3.763119e-06	1.234538e-08	2.737473e+01	8.095320e+02
1.250000e-06	3.833018e-06	1.259370e-08	2.788320e+01	8.262320e+02
1.260000e-06	3.901652e-06	1.283390e-08	2.838248e+01	8.421705e+02
1.270000e-06	3.968936e-06	1.306653e-08	2.887194e+01	8.573620e+02
1.280000e-06	4.034710e-06	1.328771e-08	2.935041e+01	8.718226e+02
1.290000e-06	4.098846e-06	1.349657e-08	2.981696e+01	8.855744e+02
1.300000e-06	4.161510e-06	1.369339e-08	3.027281e+01	8.986477e+02
1.310000e-06	4.222803e-06	1.387891e-08	3.071869e+01	9.110808e+02
1.320000e-06	4.282757e-06	1.405569e-08	3.115482e+01	9.229165e+02
1.330000e-06	4.341264e-06	1.422627e-08	3.158043e+01	9.341974e+02
1.340000e-06	4.398028e-06	1.439124e-08	3.199336e+01	9.449601e+02
1.350000e-06	4.453060e-06	1.454898e-08	3.239369e+01	9.552310e+02
1.360000e-06	4.506550e-06	1.469790e-08	3.278280e+01	9.650247e+02
1.370000e-06	4.558307e-06	1.483871e-08	3.315930e+01	9.743450e+02
1.380000e-06	4.608052e-06	1.497149e-08	3.352117e+01	9.831888e+02
1.390000e-06	4.655898e-06	1.509662e-08	3.386923e+01	9.915519e+02
1.400000e-06	4.702064e-06	1.521553e-08	3.420506e+01	9.994349e+02
1.410000e-06	4.746693e-06	1.532793e-08	3.452971e+01	1.006847e+03
1.420000e-06	4.789753e-06	1.543308e-08	3.484295e+01	1.013807e+03
1.430000e-06	4.830987e-06	1.553110e-08	3.514291e+01	1.020344e+03
1.440000e-06	4.870417e-06	1.562288e-08	3.542974e+01	1.026492e+03
1.450000e-06	4.908231e-06	1.570863e-08	3.570482e+01	1.032281e+03
1.460000e-06	4.944488e-06	1.578963e-08	3.596857e+01	1.037740e+03
1.470000e-06	4.979113e-06	1.586686e-08	3.622045e+01	1.042883e+03
1.480000e-06	5.011886e-06	1.593891e-08	3.645885e+01	1.047719e+03
1.490000e-06	5.042833e-06	1.600636e-08	3.668398e+01	1.052242e+03
1.500000e-06	5.072089e-06	1.607061e-08	3.689680e+01	1.056445e+03
1.510000e-06	5.099717e-06	1.613049e-08	3.709778e+01	1.060320e+03
1.520000e-06	5.125478e-06	1.618465e-08	3.728518e+01	1.063862e+03
1.530000e-06	5.149153e-06	1.623152e-08	3.745740e+01	1.067074e+03
1.540000e-06	5.170958e-06	1.627146e-08	3.761602e+01	1.069967e+03
1.550000e-06	5.191094e-06	1.630812e-08	3.776250e+01	1.072557e+03
1.560000e-06	5.209481e-06	1.634205e-08	3.789625e+01	1.074860e+03
1.570000e-06	5.225919e-06	1.637116e-08	3.801583e+01	1.076892e+03
1.580000e-06	5.240442e-06	1.639667e-08	3.812148e+01	1.078662e+03
1.590000e-06	5.253093e-06	1.641927e-08	3.821351e+01	1.080174e+03
1.600000e-06	5.263633e-06	1.643728e-08	3.829018e+01	1.081427e+03
1.610000e-06	5.271994e-06	1.645235e-08	3.835100e+01	1.082417e+03
1.620000e-06	5.278414e-06	1.646422e-08	3.839770e+01	1.083143e+03
1.630000e-06	5.283100e-06	1.647082e-08	3.843179e+01	1.083610e+03
1.640000e-06	5.286030e-06	1.647320e-08	3.845311e+01	1.083828e+03
1.650000e-06	5.286977e-06	1.647281e-08	3.846000e+01	1.083815e+03
1.660000e-06	5.286045e-06	1.647057e-08	3.845322e+01	1.083590e+03
1.670000e-06	5.283464e-06	1.646436e-08	3.843444e+01	1.083171e+03
1.680000e-06	5.279256e-06	1.645292e-08	3.840383e+01	1.082569e+03
1.690000e-06	5.273283e-06	1.644038e-08	3.836038e+01	1.081786e+03
1.700000e-06	5.265458e-06	1.642741e-08	3.830346e+01	1.080813e+03
1.710000e-06	5.255997e-06	1.641177e-08	3.823464e+01	1.079636e+03
1.720000e-06	5.244966e-06	1.639212e-08	3.815439e+01	1.078239e+03
1.730000e-06	5.232196e-06	1.636228e-08	3.806149e+01	1.076609e+03
1.740000e-06	5.217403e-06	1.633642e-08	3.795388e+01	1.074748e+03
1.750000e-06	5.200285e-06	1.628917e-08	3.782936e+01	1.072671e+03
1.760000e-06	5.180710e-06	1.624873e-08	3.768696e+01	1.070408e+03
1.770000e-06	5.158714e-06	1.623139e-08	3.752695e+01	1.068000e+03
1.780000e-06	5.134969e-06	1.619250e-08	3.735422e+01	1.065489e+03
1.790000e-06	5.110427e-06	1.618416e-08	3.717569e+01	1.062914e+03
1.800000e-06	5.084824e-06	1.615171e-08	3.698944e+01	1.060294e+03
1.810000e-06	5.057390e-06	1.606361e-08	3.678987e+01	1.057630e+03
1.820000e-06	5.028314e-06	1.604371e-08	3.657836e+01	1.054899e+03
1.830000e-06	4.997501e-06	1.600133e-08	3.635421e+01	1.052058e+03
1.840000e-06	4.964561e-06	1.595631e-08	3.611459e+01	1.049054e+03
1.850000e-06	4.929927e-06	1.597157e-08	3.586265e+01	1.045829e+03
1.860000e-06	4.893687e-06	1.590125e-08	3.559902e+01	1.042335e+03
1.870000e-06	4.855522e-06	1.583152e-08	3.532139e+01	1.038541e+03
1.880000e-06	4.815556e-06	1.578543e-08	3.503066e+01	1.034435e+03
1.890000e-06	4.773793e-06	1.569554e-08	3.472686e+01	1.030022e+03
1.900000e-06	4.730358e-06	1.566048e-08	3.441088e+01	1.025325e+03
1.910000e-06	4.685403e-06	1.558990e-08	3.408386e+01	1.020370e+03
1.920000e-06	4.638596e-06	1.549303e-08	3.374336e+01	1.015184e+03
1.930000e-06	4.590093e-06	1.542916e-08	3.339053e+01	1.009786e+03
1.940000e-06	4.540025e-06	1.530331e-08	3.302631e+01	1.004182e+03
1.950000e-06	4.488136e-06	1.523887e-08	3.264885e+01	9.983676e+02
1.960000e-06	4.434272e-06	1.517053e-08	3.225701e+01	9.923307e+02
1.970000e-06	4.378454e-06	1.504664e-08	3.185097e+01	9.860567e+02
1.980000e-06	4.320993e-06	1.495453e-08	3.143297e+01	9.795345e+02
1.990000e-06	4.262086e-06	1.484135e-08	3.100445e+01	9.727601e+02
2.000000e-06	4.201846e-06	1.474807e-08	3.056624e+01	9.657386e+02
2.010000e-06	4.140171e-06	1.463954e-08	3.011758e+01	9.584825e+02
2.020000e-06	4.076825e-06	1.452248e-08	2.965677e+01	9.510081e+02
2.030000e-06	4.011909e-06	1.440961e-08	2.918454e+01	9.433303e+02
2.040000e-06	3.945535e-06	1.426013e-08	2.870171e+01	9.354578e+02
2.050000e-06	3.877884e-06	1.415054e-08	2.820958e+01	9.273910e+02
2.060000e-06	3.809015e-06	1.403201e-08	2.770860e+01	9.191208e+02
2.070000e-06	3.738556e-06	1.391827e-08	2.719604e+01	9.106318e+02
2.080000e-06	3.666570e-06	1.379228e-08	2.667239e+01	9.019053e+02
2.090000e-06	3.593359e-06	1.361842e-08	2.613981e+01	8.929249e+02
2.100000e-06	3.518940e-06	1.348051e-08	2.559845e+01	8.836797e+02
2.110000e-06	3.443225e-06	1.334411e-08	2.504766e+01	8.741662e+02
2.120000e-06	3.366094e-06	1.320502e-08	2.448658e+01	8.643879e+02
2.130000e-06	3.287526e-06	1.305486e-08	2.391504e+01	8.543527e+02
2.140000e-06	3.207643e-06	1.289598e-08	2.333393e+01	8.440687e+02
2.150000e-06	3.126621e-06	1.273927e-08	2.274453e+01	8.335407e+02
2.160000e-06	3.044509e-06	1.256397e-08	2.214721e+01	8.227673e+02
2.170000e-06	2.961364e-06	1.240218e-08	2.154238e+01	8.117398e+02
2.180000e-06	2.877332e-06	1.224032e-08	2.093109e+01	8.004444e+02
2.190000e-06	2.792293e-06	1.205560e-08	2.031247e+01	7.888647e+02
2.200000e-06	2.705995e-06	1.185744e-08	1.968470e+01	7.769857e+02
2.210000e-06	2.618558e-06	1.167942e-08	1.904864e+01	7.647976e+02
2.220000e-06	2.530211e-06	1.150962e-08	1.840597e+01	7.522971e+02
2.230000e-06	2.440975e-06	1.131413e-08	1.775682e+01	7.394876e+02
2.240000e-06	2.350885e-06	1.110977e-08	1.710146e+01	7.263772e+02
2.250000e-06	2.260035e-06	1.090727e-08	1.644058e+01	7.129749e+02
2.260000e-06	2.168547e-06	1.069870e-08	1.577505e+01	6.992874e+02
2.270000e-06	2.076460e-06	1.047991e-08	1.510516e+01	6.853159e+02
2.280000e-06	1.983627e-06	1.027133e-08	1.442985e+01	6.710554e+02
2.290000e-06	1.889900e-06	1.005797e-08	1.374804e+01	6.564950e+02
2.300000e-06	1.795309e-06	9.820128e-09	1.305994e+01	6.416212e+02
2.310000e-06	1.700045e-06	9.578621e-09	1.236694e+01	6.264205e+02
2.320000e-06	1.604243e-06	9.347707e-09	1.167003e+01	6.108830e+02
2.330000e-06	1.507954e-06	9.114845e-09	1.096958e+01	5.950043e+02
2.340000e-06	1.411175e-06	8.867836e-09	1.026556e+01	5.787860e+02
2.350000e-06	1.313876e-06	8.616369e-09	9.557765e+00	5.622340e+02
2.360000e-06	1.216157e-06	8.360794e-09	8.846906e+00	5.453557e+02
2.370000e-06	1.118073e-06	8.094071e-09	8.133397e+00	5.281574e+02
2.380000e-06	1.019618e-06	7.822335e-09	7.417189e+00	5.106412e+02
2.390000e-06	9.208235e-07	7.553046e-09	6.698511e+00	4.928041e+02
2.400000e-06	8.217422e-07	7.276640e-09	5.977745e+00	4.746385e+02
2.410000e-06	7.224154e-07	6.989410e-09	5.255195e+00	4.561341e+02
2.420000e-06	6.229573e-07	6.702446e-09	4.531689e+00	4.372801e+02
2.430000e-06	5.234070e-07	6.416920e-09	3.807513e+00	4.180684e+02
2.440000e-06	4.237167e-07	6.122219e-09	3.082318e+00	3.984941e+02
2.450000e-06	3.239498e-07	5.815354e-09	2.356566e+00	3.785556e+02
2.460000e-06	2.241487e-07	5.505029e-09	1.630565e+00	3.582530e+02
2.470000e-06	1.242402e-07	5.190310e-09	9.037829e-01	3.375850e+02
2.480000e-06	2.421441e-08	4.866022e-09	1.761472e-01	3.165463e+02
2.490000e-06	-7.579629e-08	4.537778e-09	-5.513784e-01	2.951254e+02
2.500000e-06	-1.757640e-07	4.208859e-09	-1.278591e+00	2.733038e+02
2.510000e-06	-2.756956e-07	3.871684e-09	-2.005542e+00	2.510574e+02
2.520000e-06	-3.755188e-07	3.523804e-09	-2.731703e+00	2.283586e+02
2.530000e-06	-4.752694e-07	3.166180e-09	-3.457337e+00	2.051790e+02
2.540000e-06	-5.749767e-07	2.802818e-09	-4.182655e+00	1.814915e+02
2.550000e-06	-6.745285e-07	2.436616e-09	-4.906842e+00	1.572710e+02
2.560000e-06	-7.738897e-07	2.063166e-09	-5.629643e+00	1.324926e+02
2.570000e-06	-8.730786e-07	1.678226e-09	-6.351191e+00	1.071292e+02
2.580000e-06	-9.719974e-07	1.278654e-09	-7.070774e+00	8.114814e+01
2.590000e-06	-1.070540e-06	8.684436e-10	-7.787620e+00	5.450856e+01
2.600000e-06	-1.168663e-06	4.499995e-10	-8.501416e+00	2.716176e+01
2.610000e-06	-1.266364e-06	2.095944e-11	-9.212137e+00	-9.453420e-01
2.620000e-06	-1.363657e-06	-4.192553e-10	-9.919895e+00	-2.986280e+01
2.630000e-06	-1.460515e-06	-8.726578e-10	-1.062448e+01	-5.962738e+01
2.640000e-06	-1.556841e-06	-1.341263e-09	-1.132521e+01	-9.025091e+01
2.650000e-06	-1.652590e-06	-1.825685e-09	-1.202173e+01	-1.217097e+02
2.660000e-06	-1.747784e-06	-2.319171e-09	-1.271422e+01	-1.539373e+02
2.670000e-06	-1.842270e-06	-2.819740e-09	-1.340155e+01	-1.868220e+02
2.680000e-06	-1.935892e-06	-3.331566e-09	-1.408260e+01	-2.202110e+02
2.690000e-06	-2.028651e-06	-3.849332e-09	-1.475737e+01	-2.539196e+02
2.700000e-06	-2.120607e-06	-4.365853e-09	-1.542631e+01	-2.877442e+02
2.710000e-06	-2.211861e-06	-4.877433e-09	-1.609013e+01	-3.214778e+02
2.720000e-06	-2.302342e-06	-5.384545e-09	-1.674834e+01	-3.549237e+02
2.730000e-06	-2.392019e-06	-5.888625e-09	-1.740069e+01	-3.879063e+02
2.740000e-06	-2.480996e-06	-6.386673e-09	-1.804795e+01	-4.202777e+02
2.750000e-06	-2.569190e-06	-6.874924e-09	-1.868951e+01	-4.519185e+02
2.760000e-06	-2.656487e-06	-7.348611e-09	-1.932455e+01	-4.827361e+02
2.770000e-06	-2.742788e-06	-7.805275e-09	-1.995235e+01	-5.126587e+02
2.780000e-06	-2.827977e-06	-8.248682e-09	-2.057206e+01	-5.416308e+02
2.790000e-06	-2.912102e-06	-8.679284e-09	-2.118402e+01	-5.696083e+02
2.800000e-06	-2.995274e-06	-9.094776e-09	-2.178906e+01	-5.965570e+02
2.810000e-06	-3.077465e-06	-9.492227e-09	-2.238695e+01	-6.224529e+02
2.820000e-06	-3.158690e-06	-9.870832e-09	-2.297782e+01	-6.472839e+02
2.830000e-06	-3.238893e-06	-1.023257e-08	-2.356126e+01	-6.710522e+02
2.840000e-06	-3.317835e-06	-1.057813e-08	-2.413552e+01	-6.937752e+02
2.850000e-06	-3.395393e-06	-1.091001e-08	-2.469971e+01	-7.154850e+02
2.860000e-06	-3.471564e-06	-1.122983e-08	-2.525382e+01	-7.362242e+02
2.870000e-06	-3.546390e-06	-1.153690e-08	-2.579814e+01	-7.560411e+02
2.880000e-06	-3.619924e-06	-1.183062e-08	-2.633306e+01	-7.749838e+02
2.890000e-06	-3.692199e-06	-1.211151e-08	-2.685882e+01	-7.930942e+02
2.900000e-06	-3.763143e-06	-1.238004e-08	-2.737490e+01	-8.104056e+02
2.910000e-06	-3.832620e-06	-1.263326e-08	-2.788031e+01	-8.269418e+02
2.920000e-06	-3.900627e-06	-1.286972e-08	-2.837503e+01	-8.427196e+02
2.930000e-06	-3.967266e-06	-1.309524e-08	-2.885979e+01	-8.577535e+02
2.940000e-06	-4.032580e-06	-1.331468e-08	-2.933491e+01	-8.720607e+02
2.950000e-06	-4.096518e-06	-1.352841e-08	-2.980003e+01	-8.856648e+02
2.960000e-06	-4.158908e-06	-1.373313e-08	-3.025389e+01	-8.985980e+02
2.970000e-06	-4.219672e-06	-1.392684e-08	-3.069591e+01	-9.109000e+02
2.980000e-06	-4.278942e-06	-1.410979e-08	-3.112707e+01	-9.226140e+02
2.990000e-06	-4.336803e-06	-1.428201e-08	-3.154798e+01	-9.337817e+02
3.000000e-06	-4.393164e-06	-1.444444e-08	-3.195798e+01	-9.444378e+02
3.010000e-06	-4.447771e-06	-1.459802e-08	-3.235521e+01	-9.546062e+02
3.020000e-06	-4.500438e-06	-1.474451e-08	-3.273833e+01	-9.642990e+02
3.030000e-06	-4.551325e-06	-1.488300e-08	-3.310851e+01	-9.735181e+02
3.040000e-06	-4.600407e-06	-1.501439e-08	-3.346556e+01	-9.822598e+02
3.050000e-06	-4.647627e-06	-1.514033e-08	-3.380906e+01	-9.905204e+02
3.060000e-06	-4.693258e-06	-1.526110e-08	-3.414100e+01	-9.983019e+02
3.070000e-06	-4.737426e-06	-1.537678e-08	-3.446230e+01	-1.005616e+03
3.080000e-06	-4.780106e-06	-1.548748e-08	-3.477278e+01	-1.012483e+03
3.090000e-06	-4.821327e-06	-1.559091e-08	-3.507264e+01	-1.018935e+03
3.100000e-06	-4.860921e-06	-1.568485e-08	-3.536067e+01	-1.025003e+03
3.110000e-06	-4.898644e-06	-1.576976e-08	-3.563508e+01	-1.030720e+03
3.120000e-06	-4.934540e-06	-1.584935e-08	-3.589620e+01	-1.036111e+03
3.130000e-06	-4.968725e-06	-1.592515e-08	-3.614488e+01	-1.041189e+03
3.140000e-06	-5.001252e-06	-1.599689e-08	-3.638150e+01	-1.045959e+03
3.150000e-06	-5.031937e-06	-1.606563e-08	-3.660471e+01	-1.050415e+03
3.160000e-06	-5.060723e-06	-1.613109e-08	-3.681412e+01	-1.054549e+03
3.170000e-06	-5.087779e-06	-1.619383e-08	-3.701094e+01	-1.058353e+03
3.180000e-06	-5.113146e-06	-1.625076e-08	-3.719547e+01	-1.061824e+03
3.190000e-06	-5.136704e-06	-1.630015e-08	-3.736684e+01	-1.064968e+03
3.200000e-06	-5.158298e-06	-1.634431e-08	-3.752393e+01	-1.067795e+03
3.210000e-06	-5.178067e-06	-1.638385e-08	-3.766773e+01	-1.070322e+03
3.220000e-06	-5.196122e-06	-1.641817e-08	-3.779907e+01	-1.072567e+03
3.230000e-06	-5.212326e-06	-1.644915e-08	-3.791695e+01	-1.074542e+03
3.240000e-06	-5.226369e-06	-1.647682e-08	-3.801911e+01	-1.076258e+03
3.250000e-06	-5.238234e-06	-1.650076e-08	-3.810542e+01	-1.077715e+03
3.260000e-06	-5.248273e-06	-1.651919e-08	-3.817844e+01	-1.078913e+03
3.270000e-06	-5.256532e-06	-1.653293e-08	-3.823852e+01	-1.079847e+03
3.280000e-06	-5.262738e-06	-1.654437e-08	-3.828367e+01	-1.080517e+03
3.290000e-06	-5.266960e-06	-1.655346e-08	-3.831438e+01	-1.080930e+03
3.300000e-06	-5.269433e-06	-1.655823e-08	-3.833237e+01	-1.081098e+03
3.310000e-06	-5.270215e-06	-1.655648e-08	-3.833806e+01	-1.081038e+03
