# Temperatura_=_67.91
# Concentracion g/m^3_=_24000.0
# C_Vs_to_Am_M_A/Vsm_=_65563218390.804596
# pendiente_HvsI_1/m_=_3716.3
# ordenada_HvsI_A/m_=_1297.0
# frecuencia_Hz_=_301606.5947055635

Tiempo_(s)	Campo_(V.s)	Magnetizacion_(V.s)	Campo_(kA/m)	Magnetizacion_(A/m)
0.000000e+00	-5.241680e-06	-1.900893e-08	-3.833646e+01	-1.242934e+03
1.000000e-08	-5.239217e-06	-1.899706e-08	-3.831845e+01	-1.242465e+03
2.000000e-08	-5.235043e-06	-1.898322e-08	-3.828792e+01	-1.241802e+03
3.000000e-08	-5.229254e-06	-1.897054e-08	-3.824558e+01	-1.240921e+03
4.000000e-08	-5.221930e-06	-1.895212e-08	-3.819201e+01	-1.239790e+03
5.000000e-08	-5.212907e-06	-1.892588e-08	-3.812602e+01	-1.238377e+03
6.000000e-08	-5.201888e-06	-1.889654e-08	-3.804543e+01	-1.236657e+03
7.000000e-08	-5.188983e-06	-1.886790e-08	-3.795105e+01	-1.234623e+03
8.000000e-08	-5.174053e-06	-1.884938e-08	-3.784186e+01	-1.232293e+03
9.000000e-08	-5.156872e-06	-1.882555e-08	-3.771620e+01	-1.229709e+03
1.000000e-07	-5.137642e-06	-1.877627e-08	-3.757555e+01	-1.226934e+03
1.100000e-07	-5.116564e-06	-1.872709e-08	-3.742139e+01	-1.224040e+03
1.200000e-07	-5.093840e-06	-1.867207e-08	-3.725519e+01	-1.221094e+03
1.300000e-07	-5.069747e-06	-1.858434e-08	-3.707899e+01	-1.218150e+03
1.400000e-07	-5.044160e-06	-1.857418e-08	-3.689185e+01	-1.215228e+03
1.500000e-07	-5.016836e-06	-1.853877e-08	-3.669200e+01	-1.212317e+03
1.600000e-07	-4.987995e-06	-1.844041e-08	-3.648107e+01	-1.209369e+03
1.700000e-07	-4.957697e-06	-1.842861e-08	-3.625947e+01	-1.206307e+03
1.800000e-07	-4.925554e-06	-1.836440e-08	-3.602438e+01	-1.203040e+03
1.900000e-07	-4.891447e-06	-1.828404e-08	-3.577494e+01	-1.199476e+03
2.000000e-07	-4.855691e-06	-1.826768e-08	-3.551342e+01	-1.195536e+03
2.100000e-07	-4.818326e-06	-1.817820e-08	-3.524014e+01	-1.191168e+03
2.200000e-07	-4.779280e-06	-1.807935e-08	-3.495457e+01	-1.186353e+03
2.300000e-07	-4.738405e-06	-1.799658e-08	-3.465562e+01	-1.181104e+03
2.400000e-07	-4.695603e-06	-1.788824e-08	-3.434258e+01	-1.175458e+03
2.500000e-07	-4.651030e-06	-1.781587e-08	-3.401658e+01	-1.169470e+03
2.600000e-07	-4.604680e-06	-1.772539e-08	-3.367759e+01	-1.163197e+03
2.700000e-07	-4.556624e-06	-1.763107e-08	-3.332612e+01	-1.156687e+03
2.800000e-07	-4.506574e-06	-1.752287e-08	-3.296007e+01	-1.149973e+03
2.900000e-07	-4.454420e-06	-1.739357e-08	-3.257862e+01	-1.143065e+03
3.000000e-07	-4.400570e-06	-1.730152e-08	-3.218478e+01	-1.135958e+03
3.100000e-07	-4.345182e-06	-1.720917e-08	-3.177968e+01	-1.128630e+03
3.200000e-07	-4.288187e-06	-1.709314e-08	-3.136283e+01	-1.121057e+03
3.300000e-07	-4.229498e-06	-1.696592e-08	-3.093359e+01	-1.113213e+03
3.400000e-07	-4.169261e-06	-1.683140e-08	-3.049303e+01	-1.105083e+03
3.500000e-07	-4.107634e-06	-1.669450e-08	-3.004231e+01	-1.096660e+03
3.600000e-07	-4.044720e-06	-1.655936e-08	-2.958216e+01	-1.087950e+03
3.700000e-07	-3.980457e-06	-1.643495e-08	-2.911216e+01	-1.078963e+03
3.800000e-07	-3.914537e-06	-1.629594e-08	-2.863004e+01	-1.069715e+03
3.900000e-07	-3.847040e-06	-1.614762e-08	-2.813638e+01	-1.060217e+03
4.000000e-07	-3.778227e-06	-1.601085e-08	-2.763310e+01	-1.050477e+03
4.100000e-07	-3.708203e-06	-1.585583e-08	-2.712096e+01	-1.040494e+03
4.200000e-07	-3.637071e-06	-1.569643e-08	-2.660072e+01	-1.030262e+03
4.300000e-07	-3.564708e-06	-1.552900e-08	-2.607147e+01	-1.019768e+03
4.400000e-07	-3.490768e-06	-1.535410e-08	-2.553069e+01	-1.009003e+03
4.500000e-07	-3.415214e-06	-1.518082e-08	-2.497811e+01	-9.979554e+02
4.600000e-07	-3.338362e-06	-1.501447e-08	-2.441602e+01	-9.866196e+02
4.700000e-07	-3.260328e-06	-1.485223e-08	-2.384530e+01	-9.749935e+02
4.800000e-07	-3.180930e-06	-1.466836e-08	-2.326460e+01	-9.630778e+02
4.900000e-07	-3.100214e-06	-1.447219e-08	-2.267426e+01	-9.508733e+02
5.000000e-07	-3.018372e-06	-1.427642e-08	-2.207569e+01	-9.383792e+02
5.100000e-07	-2.935505e-06	-1.408635e-08	-2.146962e+01	-9.255906e+02
5.200000e-07	-2.851788e-06	-1.388871e-08	-2.085733e+01	-9.124987e+02
5.300000e-07	-2.767278e-06	-1.368408e-08	-2.023925e+01	-8.990912e+02
5.400000e-07	-2.681892e-06	-1.347348e-08	-1.961475e+01	-8.853545e+02
5.500000e-07	-2.595579e-06	-1.325107e-08	-1.898348e+01	-8.712765e+02
5.600000e-07	-2.508443e-06	-1.302684e-08	-1.834619e+01	-8.568489e+02
5.700000e-07	-2.420496e-06	-1.280820e-08	-1.770296e+01	-8.420682e+02
5.800000e-07	-2.331506e-06	-1.258497e-08	-1.705211e+01	-8.269362e+02
5.900000e-07	-2.241408e-06	-1.234627e-08	-1.639315e+01	-8.114583e+02
6.000000e-07	-2.150381e-06	-1.209971e-08	-1.572740e+01	-7.956414e+02
6.100000e-07	-2.058581e-06	-1.185054e-08	-1.505599e+01	-7.794910e+02
6.200000e-07	-1.966096e-06	-1.159833e-08	-1.437958e+01	-7.630089e+02
6.300000e-07	-1.872960e-06	-1.133946e-08	-1.369840e+01	-7.461919e+02
6.400000e-07	-1.779162e-06	-1.107539e-08	-1.301239e+01	-7.290317e+02
6.500000e-07	-1.684754e-06	-1.080716e-08	-1.232191e+01	-7.115161e+02
6.600000e-07	-1.589824e-06	-1.053668e-08	-1.162761e+01	-6.936314e+02
6.700000e-07	-1.494415e-06	-1.026209e-08	-1.092982e+01	-6.753641e+02
6.800000e-07	-1.398524e-06	-9.977706e-09	-1.022849e+01	-6.567036e+02
6.900000e-07	-1.302162e-06	-9.684124e-09	-9.523722e+00	-6.376427e+02
7.000000e-07	-1.205224e-06	-9.382153e-09	-8.814737e+00	-6.181779e+02
7.100000e-07	-1.107711e-06	-9.076242e-09	-8.101544e+00	-5.983081e+02
7.200000e-07	-1.009710e-06	-8.766701e-09	-7.384788e+00	-5.780331e+02
7.300000e-07	-9.112373e-07	-8.453143e-09	-6.664584e+00	-5.573519e+02
7.400000e-07	-8.124391e-07	-8.133857e-09	-5.941996e+00	-5.362608e+02
7.500000e-07	-7.133495e-07	-7.804832e-09	-5.217277e+00	-5.147530e+02
7.600000e-07	-6.139754e-07	-7.465334e-09	-4.490477e+00	-4.928190e+02
7.700000e-07	-5.144354e-07	-7.121853e-09	-3.762464e+00	-4.704470e+02
7.800000e-07	-4.147930e-07	-6.775313e-09	-3.033702e+00	-4.476252e+02
7.900000e-07	-3.150615e-07	-6.418925e-09	-2.304289e+00	-4.243427e+02
8.000000e-07	-2.152664e-07	-6.055157e-09	-1.574410e+00	-4.005907e+02
8.100000e-07	-1.154453e-07	-5.684022e-09	-8.443411e-01	-3.763630e+02
8.200000e-07	-1.557313e-08	-5.305475e-09	-1.138983e-01	-3.516546e+02
8.300000e-07	8.431846e-08	-4.920994e-09	6.166861e-01	-3.264610e+02
8.400000e-07	1.841806e-07	-4.530333e-09	1.347055e+00	-3.007751e+02
8.500000e-07	2.840352e-07	-4.131172e-09	2.077369e+00	-2.745847e+02
8.600000e-07	3.838711e-07	-3.722271e-09	2.807547e+00	-2.478697e+02
8.700000e-07	4.836506e-07	-3.305935e-09	3.537311e+00	-2.205997e+02
8.800000e-07	5.833413e-07	-2.881662e-09	4.266427e+00	-1.927318e+02
8.900000e-07	6.828805e-07	-2.446281e-09	4.994433e+00	-1.642104e+02
9.000000e-07	7.822297e-07	-1.999691e-09	5.721051e+00	-1.349674e+02
9.100000e-07	8.813893e-07	-1.543148e-09	6.446282e+00	-1.049248e+02
9.200000e-07	9.801910e-07	-1.072361e-09	7.168895e+00	-7.399900e+01
9.300000e-07	1.078534e-06	-5.853379e-10	7.888151e+00	-4.210658e+01
9.400000e-07	1.176298e-06	-8.376152e-11	8.603174e+00	-9.172774e+00
9.500000e-07	1.273355e-06	4.308943e-10	9.313028e+00	2.485947e+01
9.600000e-07	1.369797e-06	9.630225e-10	1.001838e+01	6.001963e+01
9.700000e-07	1.465699e-06	1.516499e-09	1.071979e+01	9.630035e+01
9.800000e-07	1.561133e-06	2.086597e-09	1.141778e+01	1.336501e+02
9.900000e-07	1.656059e-06	2.669045e-09	1.211204e+01	1.719686e+02
1.000000e-06	1.750369e-06	3.261840e-09	1.280180e+01	2.111067e+02
1.010000e-06	1.844077e-06	3.866432e-09	1.348716e+01	2.508702e+02
1.020000e-06	1.937136e-06	4.479431e-09	1.416777e+01	2.910284e+02
1.030000e-06	2.029524e-06	5.093938e-09	1.484348e+01	3.313258e+02
1.040000e-06	2.121369e-06	5.703781e-09	1.551521e+01	3.714967e+02
1.050000e-06	2.212621e-06	6.305188e-09	1.618261e+01	4.112794e+02
1.060000e-06	2.302940e-06	6.896251e-09	1.684318e+01	4.504306e+02
1.070000e-06	2.392065e-06	7.474792e-09	1.749502e+01	4.887359e+02
1.080000e-06	2.480184e-06	8.040974e-09	1.813951e+01	5.260178e+02
1.090000e-06	2.567563e-06	8.593347e-09	1.877857e+01	5.621390e+02
1.100000e-06	2.654109e-06	9.128465e-09	1.941155e+01	5.970020e+02
1.110000e-06	2.739724e-06	9.640965e-09	2.003772e+01	6.305463e+02
1.120000e-06	2.824409e-06	1.012932e-08	2.065709e+01	6.627427e+02
1.130000e-06	2.908295e-06	1.059765e-08	2.127061e+01	6.935874e+02
1.140000e-06	2.991404e-06	1.104581e-08	2.187846e+01	7.230954e+02
1.150000e-06	3.073333e-06	1.147069e-08	2.247766e+01	7.512959e+02
1.160000e-06	3.154030e-06	1.187429e-08	2.306786e+01	7.782271e+02
1.170000e-06	3.233710e-06	1.226201e-08	2.365062e+01	8.039337e+02
1.180000e-06	3.312248e-06	1.263519e-08	2.422503e+01	8.284639e+02
1.190000e-06	3.389544e-06	1.299214e-08	2.479036e+01	8.518677e+02
1.200000e-06	3.465687e-06	1.333298e-08	2.534725e+01	8.741955e+02
1.210000e-06	3.540568e-06	1.365814e-08	2.589492e+01	8.954971e+02
1.220000e-06	3.613872e-06	1.396717e-08	2.643105e+01	9.158201e+02
1.230000e-06	3.685681e-06	1.426094e-08	2.695624e+01	9.352099e+02
1.240000e-06	3.756239e-06	1.454053e-08	2.747228e+01	9.537091e+02
1.250000e-06	3.825502e-06	1.480566e-08	2.797886e+01	9.713580e+02
1.260000e-06	3.893555e-06	1.505750e-08	2.847658e+01	9.881950e+02
1.270000e-06	3.960322e-06	1.529777e-08	2.896490e+01	1.004257e+03
1.280000e-06	4.025415e-06	1.552874e-08	2.944098e+01	1.019582e+03
1.290000e-06	4.088848e-06	1.575270e-08	2.990491e+01	1.034203e+03
1.300000e-06	4.150893e-06	1.596820e-08	3.035869e+01	1.048157e+03
1.310000e-06	4.211608e-06	1.617064e-08	3.080275e+01	1.061475e+03
1.320000e-06	4.271005e-06	1.636152e-08	3.123716e+01	1.074186e+03
1.330000e-06	4.328801e-06	1.654427e-08	3.165987e+01	1.086318e+03
1.340000e-06	4.384876e-06	1.671981e-08	3.206999e+01	1.097889e+03
1.350000e-06	4.439400e-06	1.688666e-08	3.246877e+01	1.108918e+03
1.360000e-06	4.492321e-06	1.704574e-08	3.285582e+01	1.119417e+03
1.370000e-06	4.543404e-06	1.719881e-08	3.322943e+01	1.129398e+03
1.380000e-06	4.592441e-06	1.734429e-08	3.358807e+01	1.138871e+03
1.390000e-06	4.639658e-06	1.748223e-08	3.393341e+01	1.147849e+03
1.400000e-06	4.685282e-06	1.761234e-08	3.426709e+01	1.156345e+03
1.410000e-06	4.729418e-06	1.773492e-08	3.458989e+01	1.164374e+03
1.420000e-06	4.771912e-06	1.785006e-08	3.490068e+01	1.171952e+03
1.430000e-06	4.812544e-06	1.795927e-08	3.519786e+01	1.179095e+03
1.440000e-06	4.851434e-06	1.806248e-08	3.548229e+01	1.185817e+03
1.450000e-06	4.888721e-06	1.815805e-08	3.575500e+01	1.192131e+03
1.460000e-06	4.924541e-06	1.824528e-08	3.601698e+01	1.198047e+03
1.470000e-06	4.958593e-06	1.832625e-08	3.626603e+01	1.203577e+03
1.480000e-06	4.990723e-06	1.840313e-08	3.650102e+01	1.208729e+03
1.490000e-06	5.021178e-06	1.847607e-08	3.672376e+01	1.213515e+03
1.500000e-06	5.050027e-06	1.854506e-08	3.693476e+01	1.217947e+03
1.510000e-06	5.077220e-06	1.860912e-08	3.713364e+01	1.222040e+03
1.520000e-06	5.102410e-06	1.866866e-08	3.731787e+01	1.225806e+03
1.530000e-06	5.125578e-06	1.872191e-08	3.748732e+01	1.229259e+03
1.540000e-06	5.147014e-06	1.876717e-08	3.764410e+01	1.232405e+03
1.550000e-06	5.166790e-06	1.880850e-08	3.778873e+01	1.235248e+03
1.560000e-06	5.184713e-06	1.884751e-08	3.791981e+01	1.237782e+03
1.570000e-06	5.200660e-06	1.888113e-08	3.803645e+01	1.240000e+03
1.580000e-06	5.214718e-06	1.890964e-08	3.813927e+01	1.241891e+03
1.590000e-06	5.226863e-06	1.893404e-08	3.822810e+01	1.243450e+03
1.600000e-06	5.236898e-06	1.895320e-08	3.830149e+01	1.244675e+03
1.610000e-06	5.244852e-06	1.896555e-08	3.835966e+01	1.245578e+03
1.620000e-06	5.250979e-06	1.897317e-08	3.840447e+01	1.246177e+03
1.630000e-06	5.255378e-06	1.898105e-08	3.843664e+01	1.246502e+03
1.640000e-06	5.257951e-06	1.898850e-08	3.845546e+01	1.246585e+03
1.650000e-06	5.258571e-06	1.899018e-08	3.846000e+01	1.246455e+03
1.660000e-06	5.257359e-06	1.898359e-08	3.845113e+01	1.246132e+03
1.670000e-06	5.254507e-06	1.897454e-08	3.843028e+01	1.245622e+03
1.680000e-06	5.250059e-06	1.896230e-08	3.839774e+01	1.244913e+03
1.690000e-06	5.243753e-06	1.894556e-08	3.835162e+01	1.243981e+03
1.700000e-06	5.235620e-06	1.892585e-08	3.829214e+01	1.242791e+03
1.710000e-06	5.225921e-06	1.890709e-08	3.822120e+01	1.241313e+03
1.720000e-06	5.214633e-06	1.888699e-08	3.813865e+01	1.239524e+03
1.730000e-06	5.201581e-06	1.885197e-08	3.804318e+01	1.237424e+03
1.740000e-06	5.186459e-06	1.879453e-08	3.793259e+01	1.235034e+03
1.750000e-06	5.168994e-06	1.876055e-08	3.780485e+01	1.232403e+03
1.760000e-06	5.149066e-06	1.872352e-08	3.765910e+01	1.229595e+03
1.770000e-06	5.126829e-06	1.869172e-08	3.749647e+01	1.226684e+03
1.780000e-06	5.103100e-06	1.867814e-08	3.732292e+01	1.223734e+03
1.790000e-06	5.078647e-06	1.857770e-08	3.714407e+01	1.220793e+03
1.800000e-06	5.052908e-06	1.853993e-08	3.695582e+01	1.217875e+03
1.810000e-06	5.025296e-06	1.852360e-08	3.675388e+01	1.214961e+03
1.820000e-06	4.996214e-06	1.843166e-08	3.654118e+01	1.211994e+03
1.830000e-06	4.965316e-06	1.842088e-08	3.631520e+01	1.208896e+03
1.840000e-06	4.932233e-06	1.836259e-08	3.607323e+01	1.205572e+03
1.850000e-06	4.897545e-06	1.825873e-08	3.581954e+01	1.201932e+03
1.860000e-06	4.861210e-06	1.823337e-08	3.555379e+01	1.197903e+03
1.870000e-06	4.822965e-06	1.815044e-08	3.527408e+01	1.193439e+03
1.880000e-06	4.782920e-06	1.810503e-08	3.498120e+01	1.188528e+03
1.890000e-06	4.741017e-06	1.806923e-08	3.467473e+01	1.183189e+03
1.900000e-06	4.697510e-06	1.793579e-08	3.435653e+01	1.177464e+03
1.910000e-06	4.652413e-06	1.786444e-08	3.402669e+01	1.171410e+03
1.920000e-06	4.605484e-06	1.775111e-08	3.368347e+01	1.165081e+03
1.930000e-06	4.556992e-06	1.764878e-08	3.332881e+01	1.158525e+03
1.940000e-06	4.506863e-06	1.760086e-08	3.296218e+01	1.151768e+03
1.950000e-06	4.454903e-06	1.745848e-08	3.258215e+01	1.144818e+03
1.960000e-06	4.401025e-06	1.734865e-08	3.218810e+01	1.137664e+03
1.970000e-06	4.345262e-06	1.723137e-08	3.178026e+01	1.130286e+03
1.980000e-06	4.287955e-06	1.709569e-08	3.136113e+01	1.122655e+03
1.990000e-06	4.229188e-06	1.700328e-08	3.093133e+01	1.114751e+03
2.000000e-06	4.169011e-06	1.687527e-08	3.049120e+01	1.106557e+03
2.010000e-06	4.107295e-06	1.675835e-08	3.003983e+01	1.098071e+03
2.020000e-06	4.043892e-06	1.660834e-08	2.957611e+01	1.089299e+03
2.030000e-06	3.979039e-06	1.645937e-08	2.910179e+01	1.080254e+03
2.040000e-06	3.912804e-06	1.632637e-08	2.861736e+01	1.070951e+03
2.050000e-06	3.845289e-06	1.617220e-08	2.812357e+01	1.061400e+03
2.060000e-06	3.776455e-06	1.604406e-08	2.762014e+01	1.051607e+03
2.070000e-06	3.706032e-06	1.587912e-08	2.710508e+01	1.041571e+03
2.080000e-06	3.634127e-06	1.572053e-08	2.657918e+01	1.031283e+03
2.090000e-06	3.561008e-06	1.557135e-08	2.604441e+01	1.020731e+03
2.100000e-06	3.486786e-06	1.540497e-08	2.550156e+01	1.009905e+03
2.110000e-06	3.411297e-06	1.523529e-08	2.494945e+01	9.987955e+02
2.120000e-06	3.334435e-06	1.504683e-08	2.438730e+01	9.873967e+02
2.130000e-06	3.256115e-06	1.487734e-08	2.381449e+01	9.757076e+02
2.140000e-06	3.176413e-06	1.469899e-08	2.323157e+01	9.637291e+02
2.150000e-06	3.095623e-06	1.451405e-08	2.264069e+01	9.514619e+02
2.160000e-06	3.013780e-06	1.432873e-08	2.204210e+01	9.389044e+02
2.170000e-06	2.930947e-06	1.413398e-08	2.143628e+01	9.260509e+02
2.180000e-06	2.847236e-06	1.392623e-08	2.082404e+01	9.128916e+02
2.190000e-06	2.762532e-06	1.371362e-08	2.020453e+01	8.994138e+02
2.200000e-06	2.676576e-06	1.351777e-08	1.957587e+01	8.856041e+02
2.210000e-06	2.589421e-06	1.330871e-08	1.893844e+01	8.714509e+02
2.220000e-06	2.501333e-06	1.308038e-08	1.829418e+01	8.569469e+02
2.230000e-06	2.412385e-06	1.284579e-08	1.764364e+01	8.420898e+02
2.240000e-06	2.322614e-06	1.261129e-08	1.698707e+01	8.268823e+02
2.250000e-06	2.232096e-06	1.237549e-08	1.632505e+01	8.113304e+02
2.260000e-06	2.140918e-06	1.214069e-08	1.565819e+01	7.954408e+02
2.270000e-06	2.049127e-06	1.190372e-08	1.498685e+01	7.792185e+02
2.280000e-06	1.956653e-06	1.165254e-08	1.431051e+01	7.626643e+02
2.290000e-06	1.863352e-06	1.138913e-08	1.362814e+01	7.457737e+02
2.300000e-06	1.769192e-06	1.112451e-08	1.293947e+01	7.285376e+02
2.310000e-06	1.674250e-06	1.085890e-08	1.224508e+01	7.109433e+02
2.320000e-06	1.578688e-06	1.058488e-08	1.154617e+01	6.929768e+02
2.330000e-06	1.482660e-06	1.030278e-08	1.084384e+01	6.746253e+02
2.340000e-06	1.386220e-06	1.001558e-08	1.013850e+01	6.558786e+02
2.350000e-06	1.289383e-06	9.725672e-09	9.430259e+00	6.367305e+02
2.360000e-06	1.192139e-06	9.432157e-09	8.719038e+00	6.171781e+02
2.370000e-06	1.094512e-06	9.131638e-09	8.005015e+00	5.972206e+02
2.380000e-06	9.965589e-07	8.819308e-09	7.288606e+00	5.768580e+02
2.390000e-06	8.982988e-07	8.499948e-09	6.569954e+00	5.560885e+02
2.400000e-06	7.997247e-07	8.179421e-09	5.849005e+00	5.349079e+02
2.410000e-06	7.009007e-07	7.855142e-09	5.126229e+00	5.133089e+02
2.420000e-06	6.018642e-07	7.521329e-09	4.401898e+00	4.912811e+02
2.430000e-06	5.026604e-07	7.177581e-09	3.676344e+00	4.688129e+02
2.440000e-06	4.033881e-07	6.826394e-09	2.950289e+00	4.458924e+02
2.450000e-06	3.040730e-07	6.468047e-09	2.223921e+00	4.225091e+02
2.460000e-06	2.046073e-07	6.106616e-09	1.496452e+00	3.986549e+02
2.470000e-06	1.049816e-07	5.741446e-09	7.678116e-01	3.743236e+02
2.480000e-06	5.301141e-09	5.367943e-09	3.877135e-02	3.495109e+02
2.490000e-06	-9.436715e-08	4.982065e-09	-6.901799e-01	3.242117e+02
2.500000e-06	-1.940074e-07	4.587504e-09	-1.418926e+00	2.984181e+02
2.510000e-06	-2.935690e-07	4.186276e-09	-2.147097e+00	2.721165e+02
2.520000e-06	-3.930267e-07	3.776271e-09	-2.874508e+00	2.452847e+02
2.530000e-06	-4.924105e-07	3.357688e-09	-3.601379e+00	2.178897e+02
2.540000e-06	-5.916544e-07	2.930656e-09	-4.327227e+00	1.898861e+02
2.550000e-06	-6.906826e-07	2.493523e-09	-5.051496e+00	1.612153e+02
2.560000e-06	-7.895063e-07	2.043267e-09	-5.774271e+00	1.318070e+02
2.570000e-06	-8.880761e-07	1.581978e-09	-6.495188e+00	1.015815e+02
2.580000e-06	-9.862992e-07	1.108616e-09	-7.213569e+00	7.045455e+01
2.590000e-06	-1.084207e-06	6.188635e-10	-7.929646e+00	3.834398e+01
2.600000e-06	-1.181738e-06	1.109513e-10	-8.642967e+00	5.177971e+00
2.610000e-06	-1.278803e-06	-4.133262e-10	-9.352873e+00	-2.909545e+01
2.620000e-06	-1.375408e-06	-9.549583e-10	-1.005942e+01	-6.449859e+01
2.630000e-06	-1.471619e-06	-1.513306e-09	-1.076309e+01	-1.010152e+02
2.640000e-06	-1.567536e-06	-2.087230e-09	-1.146460e+01	-1.385834e+02
2.650000e-06	-1.662980e-06	-2.677752e-09	-1.216266e+01	-1.770926e+02
2.660000e-06	-1.757576e-06	-3.280585e-09	-1.285451e+01	-2.163833e+02
2.670000e-06	-1.851172e-06	-3.889195e-09	-1.353906e+01	-2.562527e+02
2.680000e-06	-1.943907e-06	-4.500026e-09	-1.421729e+01	-2.964636e+02
2.690000e-06	-2.035970e-06	-5.115584e-09	-1.489063e+01	-3.367573e+02
2.700000e-06	-2.127379e-06	-5.731332e-09	-1.555917e+01	-3.768674e+02
2.710000e-06	-2.218038e-06	-6.339807e-09	-1.622223e+01	-4.165353e+02
2.720000e-06	-2.307895e-06	-6.938365e-09	-1.687942e+01	-4.555229e+02
2.730000e-06	-2.396905e-06	-7.523114e-09	-1.753042e+01	-4.936234e+02
2.740000e-06	-2.485197e-06	-8.089995e-09	-1.817617e+01	-5.306675e+02
2.750000e-06	-2.572890e-06	-8.636699e-09	-1.881754e+01	-5.665268e+02
2.760000e-06	-2.659659e-06	-9.164659e-09	-1.945215e+01	-6.011120e+02
2.770000e-06	-2.745143e-06	-9.673148e-09	-2.007735e+01	-6.343698e+02
2.780000e-06	-2.829520e-06	-1.016055e-08	-2.069447e+01	-6.662770e+02
2.790000e-06	-2.913042e-06	-1.062887e-08	-2.130533e+01	-6.968342e+02
2.800000e-06	-2.995684e-06	-1.107938e-08	-2.190976e+01	-7.260601e+02
2.810000e-06	-3.077331e-06	-1.150722e-08	-2.250690e+01	-7.539859e+02
2.820000e-06	-3.157947e-06	-1.191252e-08	-2.309651e+01	-7.806517e+02
2.830000e-06	-3.237560e-06	-1.230130e-08	-2.367878e+01	-8.061029e+02
2.840000e-06	-3.315881e-06	-1.267500e-08	-2.425160e+01	-8.303883e+02
2.850000e-06	-3.392696e-06	-1.303280e-08	-2.481341e+01	-8.535581e+02
2.860000e-06	-3.468107e-06	-1.337300e-08	-2.536495e+01	-8.756628e+02
2.870000e-06	-3.542203e-06	-1.369723e-08	-2.590687e+01	-8.967515e+02
2.880000e-06	-3.615055e-06	-1.400667e-08	-2.643969e+01	-9.168716e+02
2.890000e-06	-3.686727e-06	-1.430010e-08	-2.696388e+01	-9.360679e+02
2.900000e-06	-3.756923e-06	-1.457877e-08	-2.747729e+01	-9.543824e+02
2.910000e-06	-3.825592e-06	-1.484592e-08	-2.797952e+01	-9.718550e+02
2.920000e-06	-3.892955e-06	-1.510187e-08	-2.847219e+01	-9.885238e+02
2.930000e-06	-3.958978e-06	-1.534698e-08	-2.895507e+01	-1.004426e+03
2.940000e-06	-4.023732e-06	-1.558269e-08	-2.942866e+01	-1.019597e+03
2.950000e-06	-4.087134e-06	-1.580837e-08	-2.989237e+01	-1.034074e+03
2.960000e-06	-4.148855e-06	-1.602260e-08	-3.034379e+01	-1.047889e+03
2.970000e-06	-4.208955e-06	-1.622606e-08	-3.078335e+01	-1.061076e+03
2.980000e-06	-4.267673e-06	-1.641965e-08	-3.121280e+01	-1.073662e+03
2.990000e-06	-4.324927e-06	-1.660215e-08	-3.163154e+01	-1.085673e+03
3.000000e-06	-4.380640e-06	-1.677571e-08	-3.203901e+01	-1.097127e+03
3.010000e-06	-4.434574e-06	-1.694067e-08	-3.243347e+01	-1.108042e+03
3.020000e-06	-4.486593e-06	-1.709849e-08	-3.281392e+01	-1.118430e+03
3.030000e-06	-4.536848e-06	-1.725094e-08	-3.318148e+01	-1.128302e+03
3.040000e-06	-4.585229e-06	-1.739527e-08	-3.353533e+01	-1.137669e+03
3.050000e-06	-4.631804e-06	-1.753144e-08	-3.387597e+01	-1.146544e+03
3.060000e-06	-4.676897e-06	-1.765843e-08	-3.420577e+01	-1.154939e+03
3.070000e-06	-4.720529e-06	-1.777872e-08	-3.452488e+01	-1.162871e+03
3.080000e-06	-4.762669e-06	-1.789311e-08	-3.483308e+01	-1.170355e+03
3.090000e-06	-4.803385e-06	-1.799970e-08	-3.513087e+01	-1.177407e+03
3.100000e-06	-4.842481e-06	-1.810183e-08	-3.541681e+01	-1.184042e+03
3.110000e-06	-4.879678e-06	-1.820014e-08	-3.568886e+01	-1.190270e+03
3.120000e-06	-4.915086e-06	-1.829236e-08	-3.594783e+01	-1.196104e+03
3.130000e-06	-4.948859e-06	-1.837505e-08	-3.619484e+01	-1.201553e+03
3.140000e-06	-4.980989e-06	-1.845172e-08	-3.642982e+01	-1.206626e+03
3.150000e-06	-5.011223e-06	-1.852308e-08	-3.665095e+01	-1.211336e+03
3.160000e-06	-5.039575e-06	-1.858871e-08	-3.685831e+01	-1.215695e+03
3.170000e-06	-5.066201e-06	-1.864920e-08	-3.705305e+01	-1.219717e+03
3.180000e-06	-5.091119e-06	-1.870531e-08	-3.723529e+01	-1.223417e+03
3.190000e-06	-5.114229e-06	-1.875817e-08	-3.740431e+01	-1.226804e+03
3.200000e-06	-5.135336e-06	-1.880746e-08	-3.755869e+01	-1.229886e+03
3.210000e-06	-5.154644e-06	-1.885151e-08	-3.769990e+01	-1.232664e+03
3.220000e-06	-5.172241e-06	-1.889156e-08	-3.782860e+01	-1.235132e+03
3.230000e-06	-5.187934e-06	-1.892584e-08	-3.794338e+01	-1.237281e+03
3.240000e-06	-5.201462e-06	-1.895213e-08	-3.804232e+01	-1.239103e+03
3.250000e-06	-5.212875e-06	-1.897247e-08	-3.812578e+01	-1.240591e+03
3.260000e-06	-5.222487e-06	-1.898814e-08	-3.819609e+01	-1.241747e+03
3.270000e-06	-5.230317e-06	-1.899937e-08	-3.825336e+01	-1.242583e+03
3.280000e-06	-5.236154e-06	-1.900542e-08	-3.829604e+01	-1.243122e+03
3.290000e-06	-5.240037e-06	-1.900966e-08	-3.832444e+01	-1.243393e+03
3.300000e-06	-5.242186e-06	-1.901124e-08	-3.834016e+01	-1.243429e+03
3.310000e-06	-5.242644e-06	-1.901141e-08	-3.834351e+01	-1.243257e+03
