# Temperatura_=_65.1
# Concentracion g/m^3_=_24000.0
# C_Vs_to_Am_M_A/Vsm_=_65563218390.804596
# pendiente_HvsI_1/m_=_3716.3
# ordenada_HvsI_A/m_=_1297.0
# frecuencia_Hz_=_301609.34734737256

Tiempo_(s)	Campo_(V.s)	Magnetizacion_(V.s)	Campo_(kA/m)	Magnetizacion_(A/m)
0.000000e+00	-5.262182e-06	-1.891883e-08	-3.833296e+01	-1.237678e+03
1.000000e-08	-5.259637e-06	-1.890859e-08	-3.831441e+01	-1.237184e+03
2.000000e-08	-5.255305e-06	-1.889464e-08	-3.828286e+01	-1.236498e+03
3.000000e-08	-5.249370e-06	-1.888262e-08	-3.823963e+01	-1.235599e+03
4.000000e-08	-5.241937e-06	-1.886530e-08	-3.818548e+01	-1.234457e+03
5.000000e-08	-5.232768e-06	-1.883953e-08	-3.811869e+01	-1.233039e+03
6.000000e-08	-5.221558e-06	-1.880836e-08	-3.803702e+01	-1.231323e+03
7.000000e-08	-5.208517e-06	-1.876765e-08	-3.794203e+01	-1.229303e+03
8.000000e-08	-5.193461e-06	-1.875592e-08	-3.783235e+01	-1.226993e+03
9.000000e-08	-5.176098e-06	-1.877811e-08	-3.770587e+01	-1.224435e+03
1.000000e-07	-5.156711e-06	-1.871700e-08	-3.756464e+01	-1.221686e+03
1.100000e-07	-5.135520e-06	-1.863981e-08	-3.741027e+01	-1.218812e+03
1.200000e-07	-5.112615e-06	-1.858849e-08	-3.724342e+01	-1.215877e+03
1.300000e-07	-5.088321e-06	-1.844029e-08	-3.706644e+01	-1.212926e+03
1.400000e-07	-5.062512e-06	-1.847205e-08	-3.687844e+01	-1.209979e+03
1.500000e-07	-5.034967e-06	-1.852062e-08	-3.667778e+01	-1.207022e+03
1.600000e-07	-5.005942e-06	-1.830926e-08	-3.646635e+01	-1.204007e+03
1.700000e-07	-4.975387e-06	-1.835524e-08	-3.624377e+01	-1.200863e+03
1.800000e-07	-4.942954e-06	-1.834412e-08	-3.600751e+01	-1.197505e+03
1.900000e-07	-4.908588e-06	-1.813196e-08	-3.575716e+01	-1.193848e+03
2.000000e-07	-4.872662e-06	-1.817637e-08	-3.549545e+01	-1.189824e+03
2.100000e-07	-4.835109e-06	-1.808411e-08	-3.522189e+01	-1.185388e+03
2.200000e-07	-4.795774e-06	-1.792163e-08	-3.493536e+01	-1.180527e+03
2.300000e-07	-4.754572e-06	-1.791916e-08	-3.463522e+01	-1.175258e+03
2.400000e-07	-4.711401e-06	-1.781042e-08	-3.432073e+01	-1.169618e+03
2.500000e-07	-4.666529e-06	-1.772343e-08	-3.399386e+01	-1.163657e+03
2.600000e-07	-4.619955e-06	-1.764930e-08	-3.365458e+01	-1.157426e+03
2.700000e-07	-4.571636e-06	-1.751775e-08	-3.330260e+01	-1.150965e+03
2.800000e-07	-4.521308e-06	-1.742988e-08	-3.293598e+01	-1.144296e+03
2.900000e-07	-4.468836e-06	-1.731360e-08	-3.255374e+01	-1.137423e+03
3.000000e-07	-4.414630e-06	-1.721493e-08	-3.215887e+01	-1.130335e+03
3.100000e-07	-4.358942e-06	-1.712383e-08	-3.175320e+01	-1.123011e+03
3.200000e-07	-4.301551e-06	-1.701092e-08	-3.133513e+01	-1.115426e+03
3.300000e-07	-4.242433e-06	-1.687958e-08	-3.090448e+01	-1.107560e+03
3.400000e-07	-4.181864e-06	-1.672429e-08	-3.046326e+01	-1.099405e+03
3.500000e-07	-4.119906e-06	-1.661789e-08	-3.001192e+01	-1.090961e+03
3.600000e-07	-4.056627e-06	-1.648482e-08	-2.955096e+01	-1.082237e+03
3.700000e-07	-3.991970e-06	-1.634066e-08	-2.907995e+01	-1.073250e+03
3.800000e-07	-3.925601e-06	-1.621136e-08	-2.859648e+01	-1.064012e+03
3.900000e-07	-3.857641e-06	-1.605819e-08	-2.810142e+01	-1.054535e+03
4.000000e-07	-3.788460e-06	-1.592627e-08	-2.759746e+01	-1.044820e+03
4.100000e-07	-3.718074e-06	-1.576379e-08	-2.708473e+01	-1.034859e+03
4.200000e-07	-3.646573e-06	-1.560145e-08	-2.656387e+01	-1.024641e+03
4.300000e-07	-3.573829e-06	-1.544474e-08	-2.603396e+01	-1.014149e+03
4.400000e-07	-3.499460e-06	-1.527221e-08	-2.549221e+01	-1.003369e+03
4.500000e-07	-3.423583e-06	-1.510170e-08	-2.493948e+01	-9.922898e+02
4.600000e-07	-3.346441e-06	-1.493522e-08	-2.437752e+01	-9.809066e+02
4.700000e-07	-3.268000e-06	-1.476911e-08	-2.380611e+01	-9.692202e+02
4.800000e-07	-3.188184e-06	-1.457319e-08	-2.322469e+01	-9.572349e+02
4.900000e-07	-3.107101e-06	-1.437470e-08	-2.263403e+01	-9.449556e+02
5.000000e-07	-3.024873e-06	-1.418831e-08	-2.203503e+01	-9.323855e+02
5.100000e-07	-2.941684e-06	-1.399564e-08	-2.142903e+01	-9.195236e+02
5.200000e-07	-2.857673e-06	-1.379212e-08	-2.081704e+01	-9.063648e+02
5.300000e-07	-2.772768e-06	-1.358921e-08	-2.019854e+01	-8.929002e+02
5.400000e-07	-2.686964e-06	-1.338400e-08	-1.957349e+01	-8.791194e+02
5.500000e-07	-2.600294e-06	-1.316264e-08	-1.894213e+01	-8.650131e+02
5.600000e-07	-2.512840e-06	-1.293493e-08	-1.830506e+01	-8.505746e+02
5.700000e-07	-2.424475e-06	-1.271394e-08	-1.766136e+01	-8.358014e+02
5.800000e-07	-2.334958e-06	-1.248410e-08	-1.700926e+01	-8.206940e+02
5.900000e-07	-2.244354e-06	-1.224304e-08	-1.634925e+01	-8.052551e+02
6.000000e-07	-2.152929e-06	-1.200494e-08	-1.568325e+01	-7.894872e+02
6.100000e-07	-2.060820e-06	-1.176410e-08	-1.501227e+01	-7.733905e+02
6.200000e-07	-1.968002e-06	-1.150968e-08	-1.433614e+01	-7.569614e+02
6.300000e-07	-1.874452e-06	-1.124738e-08	-1.365466e+01	-7.401925e+02
6.400000e-07	-1.780205e-06	-1.098936e-08	-1.296810e+01	-7.230730e+02
6.500000e-07	-1.685383e-06	-1.072514e-08	-1.227736e+01	-7.055912e+02
6.600000e-07	-1.590106e-06	-1.045135e-08	-1.158331e+01	-6.877358e+02
6.700000e-07	-1.494379e-06	-1.017393e-08	-1.088598e+01	-6.694978e+02
6.800000e-07	-1.398100e-06	-9.890433e-09	-1.018461e+01	-6.508717e+02
6.900000e-07	-1.301115e-06	-9.595785e-09	-9.478119e+00	-6.318545e+02
7.000000e-07	-1.203471e-06	-9.294161e-09	-8.766822e+00	-6.124451e+02
7.100000e-07	-1.105312e-06	-8.991457e-09	-8.051770e+00	-5.926421e+02
7.200000e-07	-1.006737e-06	-8.682103e-09	-7.333692e+00	-5.724421e+02
7.300000e-07	-9.078663e-07	-8.367034e-09	-6.613455e+00	-5.518390e+02
7.400000e-07	-8.087235e-07	-8.049765e-09	-5.891237e+00	-5.308235e+02
7.500000e-07	-7.093170e-07	-7.726572e-09	-5.167100e+00	-5.093844e+02
7.600000e-07	-6.097308e-07	-7.387970e-09	-4.441653e+00	-4.875099e+02
7.700000e-07	-5.099917e-07	-7.039819e-09	-3.715092e+00	-4.651903e+02
7.800000e-07	-4.101240e-07	-6.690798e-09	-2.987595e+00	-4.424189e+02
7.900000e-07	-3.101519e-07	-6.336218e-09	-2.259336e+00	-4.191927e+02
8.000000e-07	-2.100580e-07	-5.975059e-09	-1.530191e+00	-3.955119e+02
8.100000e-07	-1.098545e-07	-5.608503e-09	-8.002473e-01	-3.713780e+02
8.200000e-07	-9.594457e-09	-5.235491e-09	-6.989190e-02	-3.467907e+02
8.300000e-07	9.067115e-08	-4.853708e-09	6.605042e-01	-3.217457e+02
8.400000e-07	1.909210e-07	-4.463633e-09	1.390786e+00	-2.962310e+02
8.500000e-07	2.911378e-07	-4.063410e-09	2.120826e+00	-2.702261e+02
8.600000e-07	3.912925e-07	-3.655502e-09	2.850415e+00	-2.437002e+02
8.700000e-07	4.913577e-07	-3.241875e-09	3.579351e+00	-2.166126e+02
8.800000e-07	5.912814e-07	-2.821183e-09	4.307256e+00	-1.889137e+02
8.900000e-07	6.910436e-07	-2.390527e-09	5.033985e+00	-1.605457e+02
9.000000e-07	7.906562e-07	-1.945857e-09	5.759624e+00	-1.314445e+02
9.100000e-07	8.900686e-07	-1.490048e-09	6.483805e+00	-1.015417e+02
9.200000e-07	9.891923e-07	-1.021009e-09	7.205883e+00	-7.076684e+01
9.300000e-07	1.087971e-06	-5.372509e-10	7.925446e+00	-3.905147e+01
9.400000e-07	1.186284e-06	-3.914513e-11	8.641621e+00	-6.334075e+00
9.500000e-07	1.283941e-06	4.723816e-10	9.353014e+00	2.743309e+01
9.600000e-07	1.380902e-06	9.995054e-10	1.005934e+01	6.227584e+01
9.700000e-07	1.477230e-06	1.545726e-09	1.076105e+01	9.818930e+01
9.800000e-07	1.572947e-06	2.108902e-09	1.145831e+01	1.351297e+02
9.900000e-07	1.668071e-06	2.686924e-09	1.215125e+01	1.730084e+02
1.000000e-06	1.762641e-06	3.275196e-09	1.284016e+01	2.116889e+02
1.010000e-06	1.856666e-06	3.871901e-09	1.352509e+01	2.509891e+02
1.020000e-06	1.950100e-06	4.474764e-09	1.420572e+01	2.906877e+02
1.030000e-06	2.042838e-06	5.081034e-09	1.488128e+01	3.305357e+02
1.040000e-06	2.134880e-06	5.684582e-09	1.555177e+01	3.702701e+02
1.050000e-06	2.226324e-06	6.279381e-09	1.621791e+01	4.096308e+02
1.060000e-06	2.317008e-06	6.865562e-09	1.687851e+01	4.483745e+02
1.070000e-06	2.406597e-06	7.440979e-09	1.753113e+01	4.862881e+02
1.080000e-06	2.495071e-06	8.002920e-09	1.817562e+01	5.231966e+02
1.090000e-06	2.582692e-06	8.550218e-09	1.881391e+01	5.589674e+02
1.100000e-06	2.669541e-06	9.079051e-09	1.944657e+01	5.935090e+02
1.110000e-06	2.755495e-06	9.586970e-09	2.007271e+01	6.267668e+02
1.120000e-06	2.840486e-06	1.007180e-08	2.069184e+01	6.587168e+02
1.130000e-06	2.924618e-06	1.053616e-08	2.130471e+01	6.893574e+02
1.140000e-06	3.007938e-06	1.098030e-08	2.191167e+01	7.187036e+02
1.150000e-06	3.090199e-06	1.140330e-08	2.251090e+01	7.467803e+02
1.160000e-06	3.171211e-06	1.180775e-08	2.310104e+01	7.736196e+02
1.170000e-06	3.251025e-06	1.219746e-08	2.368246e+01	7.992583e+02
1.180000e-06	3.329734e-06	1.257300e-08	2.425582e+01	8.237368e+02
1.190000e-06	3.407312e-06	1.293070e-08	2.482095e+01	8.470986e+02
1.200000e-06	3.483710e-06	1.326909e-08	2.537748e+01	8.693898e+02
1.210000e-06	3.558813e-06	1.359108e-08	2.592457e+01	8.906578e+02
1.220000e-06	3.632363e-06	1.389873e-08	2.646036e+01	9.109505e+02
1.230000e-06	3.704404e-06	1.419377e-08	2.698515e+01	9.303146e+02
1.240000e-06	3.775157e-06	1.447452e-08	2.750055e+01	9.487944e+02
1.250000e-06	3.844624e-06	1.474116e-08	2.800660e+01	9.664315e+02
1.260000e-06	3.912845e-06	1.499600e-08	2.850356e+01	9.832643e+02
1.270000e-06	3.979769e-06	1.523693e-08	2.899108e+01	9.993289e+02
1.280000e-06	4.045052e-06	1.546713e-08	2.946663e+01	1.014660e+03
1.290000e-06	4.108674e-06	1.568992e-08	2.993010e+01	1.029291e+03
1.300000e-06	4.170895e-06	1.590475e-08	3.038335e+01	1.043253e+03
1.310000e-06	4.231804e-06	1.610684e-08	3.082705e+01	1.056580e+03
1.320000e-06	4.291428e-06	1.629759e-08	3.126139e+01	1.069299e+03
1.330000e-06	4.349451e-06	1.648065e-08	3.168406e+01	1.081436e+03
1.340000e-06	4.405679e-06	1.665656e-08	3.209367e+01	1.093012e+03
1.350000e-06	4.460298e-06	1.682335e-08	3.249154e+01	1.104045e+03
1.360000e-06	4.513324e-06	1.698286e-08	3.287781e+01	1.114548e+03
1.370000e-06	4.564479e-06	1.713731e-08	3.325046e+01	1.124529e+03
1.380000e-06	4.613574e-06	1.728487e-08	3.360810e+01	1.133997e+03
1.390000e-06	4.660879e-06	1.742314e-08	3.395269e+01	1.142962e+03
1.400000e-06	4.706618e-06	1.755392e-08	3.428589e+01	1.151435e+03
1.410000e-06	4.750873e-06	1.767800e-08	3.460827e+01	1.159431e+03
1.420000e-06	4.793465e-06	1.779468e-08	3.491854e+01	1.166967e+03
1.430000e-06	4.834111e-06	1.790294e-08	3.521463e+01	1.174062e+03
1.440000e-06	4.873039e-06	1.800224e-08	3.549820e+01	1.180737e+03
1.450000e-06	4.910435e-06	1.809615e-08	3.577062e+01	1.187010e+03
1.460000e-06	4.946339e-06	1.818551e-08	3.603217e+01	1.192897e+03
1.470000e-06	4.980496e-06	1.827007e-08	3.628098e+01	1.198412e+03
1.480000e-06	5.012684e-06	1.834779e-08	3.651546e+01	1.203567e+03
1.490000e-06	5.043157e-06	1.842008e-08	3.673745e+01	1.208372e+03
1.500000e-06	5.072045e-06	1.848961e-08	3.694788e+01	1.212837e+03
1.510000e-06	5.099197e-06	1.855431e-08	3.714568e+01	1.216969e+03
1.520000e-06	5.124316e-06	1.861276e-08	3.732865e+01	1.220775e+03
1.530000e-06	5.147430e-06	1.866450e-08	3.749704e+01	1.224262e+03
1.540000e-06	5.168823e-06	1.871111e-08	3.765288e+01	1.227433e+03
1.550000e-06	5.188622e-06	1.875482e-08	3.779710e+01	1.230285e+03
1.560000e-06	5.206624e-06	1.879450e-08	3.792824e+01	1.232815e+03
1.570000e-06	5.222589e-06	1.882831e-08	3.804454e+01	1.235016e+03
1.580000e-06	5.236603e-06	1.885615e-08	3.814662e+01	1.236880e+03
1.590000e-06	5.248712e-06	1.887807e-08	3.823483e+01	1.238405e+03
1.600000e-06	5.258648e-06	1.889449e-08	3.830721e+01	1.239594e+03
1.610000e-06	5.266460e-06	1.890629e-08	3.836412e+01	1.240460e+03
1.620000e-06	5.272453e-06	1.891571e-08	3.840778e+01	1.241024e+03
1.630000e-06	5.276742e-06	1.892467e-08	3.843902e+01	1.241317e+03
1.640000e-06	5.279165e-06	1.893081e-08	3.845667e+01	1.241369e+03
1.650000e-06	5.279622e-06	1.893298e-08	3.846000e+01	1.241211e+03
1.660000e-06	5.278291e-06	1.892658e-08	3.845031e+01	1.240862e+03
1.670000e-06	5.275286e-06	1.891679e-08	3.842842e+01	1.240327e+03
1.680000e-06	5.270653e-06	1.890468e-08	3.839466e+01	1.239597e+03
1.690000e-06	5.264158e-06	1.888694e-08	3.834735e+01	1.238648e+03
1.700000e-06	5.255882e-06	1.886719e-08	3.828706e+01	1.237448e+03
1.710000e-06	5.246129e-06	1.885095e-08	3.821601e+01	1.235967e+03
1.720000e-06	5.234727e-06	1.884052e-08	3.813296e+01	1.234185e+03
1.730000e-06	5.221409e-06	1.881254e-08	3.803594e+01	1.232099e+03
1.740000e-06	5.206039e-06	1.870153e-08	3.792397e+01	1.229732e+03
1.750000e-06	5.188370e-06	1.867314e-08	3.779526e+01	1.227126e+03
1.760000e-06	5.168154e-06	1.866422e-08	3.764800e+01	1.224343e+03
1.770000e-06	5.145602e-06	1.863519e-08	3.748371e+01	1.221451e+03
1.780000e-06	5.121706e-06	1.869918e-08	3.730964e+01	1.218508e+03
1.790000e-06	5.097148e-06	1.850828e-08	3.713075e+01	1.215557e+03
1.800000e-06	5.071209e-06	1.842338e-08	3.694179e+01	1.212609e+03
1.810000e-06	5.043395e-06	1.852768e-08	3.673918e+01	1.209644e+03
1.820000e-06	5.014014e-06	1.830338e-08	3.652515e+01	1.206607e+03
1.830000e-06	4.982761e-06	1.829792e-08	3.629749e+01	1.203424e+03
1.840000e-06	4.949436e-06	1.836601e-08	3.605473e+01	1.200008e+03
1.850000e-06	4.914515e-06	1.811855e-08	3.580034e+01	1.196276e+03
1.860000e-06	4.877869e-06	1.815184e-08	3.553339e+01	1.192165e+03
1.870000e-06	4.839217e-06	1.811424e-08	3.525182e+01	1.187637e+03
1.880000e-06	4.798835e-06	1.795266e-08	3.495766e+01	1.182686e+03
1.890000e-06	4.756682e-06	1.800693e-08	3.465059e+01	1.177332e+03
1.900000e-06	4.712963e-06	1.782904e-08	3.433211e+01	1.171619e+03
1.910000e-06	4.667646e-06	1.775779e-08	3.400199e+01	1.165595e+03
1.920000e-06	4.620360e-06	1.772092e-08	3.365754e+01	1.159311e+03
1.930000e-06	4.571515e-06	1.751034e-08	3.330171e+01	1.152803e+03
1.940000e-06	4.521087e-06	1.752961e-08	3.293437e+01	1.146089e+03
1.950000e-06	4.468837e-06	1.738543e-08	3.255375e+01	1.139171e+03
1.960000e-06	4.414609e-06	1.722597e-08	3.215872e+01	1.132034e+03
1.970000e-06	4.358485e-06	1.714584e-08	3.174987e+01	1.124655e+03
1.980000e-06	4.300871e-06	1.698916e-08	3.133018e+01	1.117010e+03
1.990000e-06	4.241775e-06	1.695096e-08	3.089968e+01	1.109082e+03
2.000000e-06	4.181345e-06	1.677069e-08	3.045948e+01	1.100863e+03
2.010000e-06	4.119351e-06	1.665008e-08	3.000787e+01	1.092357e+03
2.020000e-06	4.055621e-06	1.654393e-08	2.954363e+01	1.083575e+03
2.030000e-06	3.990410e-06	1.634147e-08	2.906859e+01	1.074532e+03
2.040000e-06	3.923739e-06	1.624497e-08	2.858292e+01	1.065242e+03
2.050000e-06	3.855900e-06	1.607647e-08	2.808873e+01	1.055713e+03
2.060000e-06	3.786727e-06	1.596155e-08	2.758484e+01	1.045944e+03
2.070000e-06	3.715851e-06	1.579104e-08	2.706853e+01	1.035929e+03
2.080000e-06	3.643565e-06	1.560012e-08	2.654196e+01	1.025653e+03
2.090000e-06	3.570128e-06	1.549788e-08	2.600700e+01	1.015099e+03
2.100000e-06	3.495540e-06	1.531115e-08	2.546366e+01	1.004255e+03
2.110000e-06	3.419585e-06	1.513791e-08	2.491035e+01	9.931099e+02
2.120000e-06	3.342147e-06	1.494490e-08	2.434625e+01	9.816607e+02
2.130000e-06	3.263321e-06	1.478649e-08	2.377203e+01	9.699089e+02
2.140000e-06	3.183263e-06	1.461538e-08	2.318884e+01	9.578592e+02
2.150000e-06	3.102144e-06	1.440706e-08	2.259792e+01	9.455166e+02
2.160000e-06	3.019929e-06	1.423549e-08	2.199901e+01	9.328833e+02
2.170000e-06	2.936715e-06	1.403055e-08	2.139283e+01	9.199575e+02
2.180000e-06	2.852601e-06	1.381673e-08	2.078009e+01	9.067331e+02
2.190000e-06	2.767410e-06	1.360079e-08	2.015951e+01	8.932007e+02
2.200000e-06	2.680948e-06	1.341250e-08	1.952967e+01	8.793499e+02
2.210000e-06	2.593433e-06	1.320610e-08	1.889215e+01	8.651720e+02
2.220000e-06	2.505068e-06	1.296801e-08	1.824845e+01	8.506610e+02
2.230000e-06	2.415801e-06	1.274427e-08	1.759817e+01	8.358151e+02
2.240000e-06	2.325680e-06	1.251303e-08	1.694167e+01	8.206355e+02
2.250000e-06	2.234775e-06	1.227183e-08	1.627947e+01	8.051251e+02
2.260000e-06	2.143230e-06	1.202599e-08	1.561260e+01	7.892859e+02
2.270000e-06	2.051086e-06	1.179160e-08	1.494137e+01	7.731175e+02
2.280000e-06	1.958161e-06	1.154508e-08	1.426444e+01	7.566154e+02
2.290000e-06	1.864276e-06	1.128153e-08	1.358053e+01	7.397714e+02
2.300000e-06	1.769508e-06	1.101886e-08	1.289018e+01	7.225744e+02
2.310000e-06	1.674077e-06	1.075306e-08	1.219500e+01	7.050125e+02
2.320000e-06	1.578155e-06	1.047500e-08	1.149625e+01	6.870749e+02
2.330000e-06	1.481798e-06	1.019043e-08	1.079432e+01	6.687532e+02
2.340000e-06	1.385017e-06	9.913036e-09	1.008931e+01	6.500425e+02
2.350000e-06	1.287833e-06	9.627328e-09	9.381367e+00	6.309405e+02
2.360000e-06	1.190188e-06	9.329173e-09	8.670057e+00	6.114460e+02
2.370000e-06	1.092117e-06	9.026795e-09	7.955653e+00	5.915574e+02
2.380000e-06	9.937159e-07	8.719563e-09	7.238835e+00	5.712708e+02
2.390000e-06	8.950202e-07	8.403713e-09	6.519876e+00	5.505793e+02
2.400000e-06	7.960347e-07	8.081747e-09	5.798804e+00	5.294731e+02
2.410000e-06	6.968109e-07	7.758921e-09	5.075998e+00	5.079407e+02
2.420000e-06	5.974245e-07	7.427199e-09	4.352006e+00	4.859707e+02
2.430000e-06	4.978991e-07	7.083443e-09	3.627002e+00	4.635538e+02
2.440000e-06	3.982851e-07	6.734360e-09	2.901353e+00	4.406841e+02
2.450000e-06	2.986111e-07	6.378067e-09	2.175266e+00	4.173595e+02
2.460000e-06	1.988139e-07	6.012309e-09	1.448282e+00	3.935806e+02
2.470000e-06	9.894454e-08	5.642960e-09	7.207727e-01	3.693488e+02
2.480000e-06	-9.193861e-10	5.272674e-09	-6.697372e-03	3.446631e+02
2.490000e-06	-1.008276e-07	4.894516e-09	-7.344901e-01	3.195178e+02
2.500000e-06	-2.007301e-07	4.504860e-09	-1.462241e+00	2.938992e+02
2.510000e-06	-3.005950e-07	4.105955e-09	-2.189718e+00	2.677847e+02
2.520000e-06	-4.004406e-07	3.696891e-09	-2.917054e+00	2.411413e+02
2.530000e-06	-5.001920e-07	3.277473e-09	-3.643705e+00	2.139263e+02
2.540000e-06	-5.997683e-07	2.851313e-09	-4.369080e+00	1.860882e+02
2.550000e-06	-6.991380e-07	2.419034e-09	-5.092950e+00	1.575678e+02
2.560000e-06	-7.982676e-07	1.974567e-09	-5.815070e+00	1.282998e+02
2.570000e-06	-8.971393e-07	1.515407e-09	-6.535312e+00	9.821511e+01
2.580000e-06	-9.956826e-07	1.043990e-09	-7.253162e+00	6.724343e+01
2.590000e-06	-1.093849e-06	5.581244e-10	-7.968263e+00	3.531726e+01
2.600000e-06	-1.191678e-06	5.383834e-11	-8.680916e+00	2.377417e+00
2.610000e-06	-1.289141e-06	-4.665554e-10	-9.390893e+00	-3.161987e+01
2.620000e-06	-1.386144e-06	-1.003080e-09	-1.009752e+01	-6.669458e+01
2.630000e-06	-1.482663e-06	-1.555434e-09	-1.080062e+01	-1.028341e+02
2.640000e-06	-1.578775e-06	-2.123662e-09	-1.150076e+01	-1.399856e+02
2.650000e-06	-1.674457e-06	-2.707131e-09	-1.219777e+01	-1.780501e+02
2.660000e-06	-1.769513e-06	-3.303372e-09	-1.289022e+01	-2.168811e+02
2.670000e-06	-1.863686e-06	-3.908965e-09	-1.357623e+01	-2.562874e+02
2.680000e-06	-1.956886e-06	-4.514345e-09	-1.425516e+01	-2.960406e+02
2.690000e-06	-2.049242e-06	-5.120112e-09	-1.492793e+01	-3.358874e+02
2.700000e-06	-2.140879e-06	-5.725927e-09	-1.559547e+01	-3.755642e+02
2.710000e-06	-2.231814e-06	-6.327510e-09	-1.625790e+01	-4.148131e+02
2.720000e-06	-2.321940e-06	-6.921495e-09	-1.691443e+01	-4.533966e+02
2.730000e-06	-2.411219e-06	-7.501152e-09	-1.756479e+01	-4.911090e+02
2.740000e-06	-2.499746e-06	-8.062449e-09	-1.820968e+01	-5.277844e+02
2.750000e-06	-2.587594e-06	-8.604638e-09	-1.884962e+01	-5.632991e+02
2.760000e-06	-2.674636e-06	-9.127353e-09	-1.948369e+01	-5.975699e+02
2.770000e-06	-2.760537e-06	-9.631461e-09	-2.010944e+01	-6.305495e+02
2.780000e-06	-2.845231e-06	-1.011607e-08	-2.072640e+01	-6.622193e+02
2.790000e-06	-2.928993e-06	-1.058008e-08	-2.133658e+01	-6.925818e+02
2.800000e-06	-3.011882e-06	-1.102613e-08	-2.194040e+01	-7.216544e+02
2.810000e-06	-3.093749e-06	-1.145181e-08	-2.253676e+01	-7.494640e+02
2.820000e-06	-3.174604e-06	-1.185778e-08	-2.312576e+01	-7.760437e+02
2.830000e-06	-3.254483e-06	-1.224726e-08	-2.370765e+01	-8.014312e+02
2.840000e-06	-3.333063e-06	-1.261876e-08	-2.428007e+01	-8.256676e+02
2.850000e-06	-3.410157e-06	-1.297360e-08	-2.484167e+01	-8.487969e+02
2.860000e-06	-3.485874e-06	-1.331311e-08	-2.539324e+01	-8.708656e+02
2.870000e-06	-3.560265e-06	-1.363662e-08	-2.593515e+01	-8.919216e+02
2.880000e-06	-3.633380e-06	-1.394412e-08	-2.646777e+01	-9.120123e+02
2.890000e-06	-3.705308e-06	-1.423682e-08	-2.699173e+01	-9.311842e+02
2.900000e-06	-3.775876e-06	-1.451567e-08	-2.750579e+01	-9.494809e+02
2.910000e-06	-3.844832e-06	-1.478295e-08	-2.800811e+01	-9.669434e+02
2.920000e-06	-3.912377e-06	-1.503912e-08	-2.850015e+01	-9.836096e+02
2.930000e-06	-3.978606e-06	-1.528352e-08	-2.898260e+01	-9.995150e+02
2.940000e-06	-4.043486e-06	-1.551761e-08	-2.945523e+01	-1.014694e+03
2.950000e-06	-4.107034e-06	-1.574334e-08	-2.991815e+01	-1.029180e+03
2.960000e-06	-4.168898e-06	-1.595866e-08	-3.036881e+01	-1.043005e+03
2.970000e-06	-4.229064e-06	-1.616236e-08	-3.080709e+01	-1.056199e+03
2.980000e-06	-4.287881e-06	-1.635499e-08	-3.123555e+01	-1.068792e+03
2.990000e-06	-4.345294e-06	-1.653738e-08	-3.165378e+01	-1.080809e+03
3.000000e-06	-4.401200e-06	-1.671166e-08	-3.206104e+01	-1.092268e+03
3.010000e-06	-4.455310e-06	-1.687739e-08	-3.245520e+01	-1.103188e+03
3.020000e-06	-4.507457e-06	-1.703461e-08	-3.283508e+01	-1.113578e+03
3.030000e-06	-4.557843e-06	-1.718598e-08	-3.320212e+01	-1.123450e+03
3.040000e-06	-4.606359e-06	-1.732936e-08	-3.355554e+01	-1.132810e+03
3.050000e-06	-4.653047e-06	-1.746275e-08	-3.389564e+01	-1.141670e+03
3.060000e-06	-4.698227e-06	-1.758725e-08	-3.422477e+01	-1.150040e+03
3.070000e-06	-4.741982e-06	-1.770674e-08	-3.454350e+01	-1.157937e+03
3.080000e-06	-4.784206e-06	-1.782027e-08	-3.485109e+01	-1.165378e+03
3.090000e-06	-4.824922e-06	-1.792768e-08	-3.514769e+01	-1.172382e+03
3.100000e-06	-4.864021e-06	-1.802884e-08	-3.543251e+01	-1.178970e+03
3.110000e-06	-4.901253e-06	-1.812320e-08	-3.570373e+01	-1.185160e+03
3.120000e-06	-4.936707e-06	-1.821219e-08	-3.596200e+01	-1.190967e+03
3.130000e-06	-4.970481e-06	-1.829388e-08	-3.620803e+01	-1.196405e+03
3.140000e-06	-5.002551e-06	-1.837215e-08	-3.644165e+01	-1.201485e+03
3.150000e-06	-5.032712e-06	-1.844519e-08	-3.666136e+01	-1.206218e+03
3.160000e-06	-5.060989e-06	-1.851261e-08	-3.686734e+01	-1.210611e+03
3.170000e-06	-5.087569e-06	-1.857323e-08	-3.706097e+01	-1.214673e+03
3.180000e-06	-5.112447e-06	-1.862814e-08	-3.724220e+01	-1.218412e+03
3.190000e-06	-5.135489e-06	-1.867975e-08	-3.741005e+01	-1.221832e+03
3.200000e-06	-5.156503e-06	-1.872949e-08	-3.756312e+01	-1.224935e+03
3.210000e-06	-5.175739e-06	-1.877399e-08	-3.770325e+01	-1.227720e+03
3.220000e-06	-5.193293e-06	-1.881191e-08	-3.783113e+01	-1.230181e+03
3.230000e-06	-5.208925e-06	-1.884353e-08	-3.794500e+01	-1.232311e+03
3.240000e-06	-5.222379e-06	-1.887027e-08	-3.804301e+01	-1.234104e+03
3.250000e-06	-5.233709e-06	-1.889242e-08	-3.812555e+01	-1.235557e+03
3.260000e-06	-5.243236e-06	-1.890908e-08	-3.819494e+01	-1.236676e+03
3.270000e-06	-5.250975e-06	-1.891930e-08	-3.825132e+01	-1.237476e+03
3.280000e-06	-5.256736e-06	-1.892385e-08	-3.829328e+01	-1.237981e+03
3.290000e-06	-5.260579e-06	-1.892767e-08	-3.832128e+01	-1.238220e+03
3.300000e-06	-5.262717e-06	-1.892697e-08	-3.833685e+01	-1.238226e+03
3.310000e-06	-5.263165e-06	-1.892300e-08	-3.834012e+01	-1.238027e+03
