# Temperatura_=_67.21
# Concentracion g/m^3_=_24000.0
# C_Vs_to_Am_M_A/Vsm_=_65563218390.804596
# pendiente_HvsI_1/m_=_3716.3
# ordenada_HvsI_A/m_=_1297.0
# frecuencia_Hz_=_301604.07377042243

Tiempo_(s)	Campo_(V.s)	Magnetizacion_(V.s)	Campo_(kA/m)	Magnetizacion_(A/m)
0.000000e+00	-5.269666e-06	-1.903454e-08	-3.833904e+01	-1.244953e+03
1.000000e-08	-5.267246e-06	-1.902611e-08	-3.832143e+01	-1.244517e+03
2.000000e-08	-5.263054e-06	-1.901230e-08	-3.829093e+01	-1.243887e+03
3.000000e-08	-5.257276e-06	-1.899936e-08	-3.824890e+01	-1.243043e+03
4.000000e-08	-5.249913e-06	-1.898295e-08	-3.819532e+01	-1.241954e+03
5.000000e-08	-5.240813e-06	-1.895770e-08	-3.812912e+01	-1.240590e+03
6.000000e-08	-5.229709e-06	-1.892884e-08	-3.804833e+01	-1.238927e+03
7.000000e-08	-5.216689e-06	-1.889809e-08	-3.795361e+01	-1.236957e+03
8.000000e-08	-5.201666e-06	-1.887231e-08	-3.784431e+01	-1.234695e+03
9.000000e-08	-5.184414e-06	-1.887262e-08	-3.771879e+01	-1.232180e+03
1.000000e-07	-5.165115e-06	-1.883382e-08	-3.757838e+01	-1.229468e+03
1.100000e-07	-5.143992e-06	-1.876165e-08	-3.742471e+01	-1.226623e+03
1.200000e-07	-5.121185e-06	-1.871443e-08	-3.725878e+01	-1.223709e+03
1.300000e-07	-5.096945e-06	-1.860960e-08	-3.708242e+01	-1.220771e+03
1.400000e-07	-5.071166e-06	-1.855589e-08	-3.689486e+01	-1.217829e+03
1.500000e-07	-5.043684e-06	-1.860976e-08	-3.669493e+01	-1.214872e+03
1.600000e-07	-5.014723e-06	-1.849120e-08	-3.648422e+01	-1.211856e+03
1.700000e-07	-4.984298e-06	-1.843682e-08	-3.626286e+01	-1.208711e+03
1.800000e-07	-4.951964e-06	-1.845906e-08	-3.602762e+01	-1.205356e+03
1.900000e-07	-4.917591e-06	-1.830523e-08	-3.577754e+01	-1.201710e+03
2.000000e-07	-4.881629e-06	-1.824890e-08	-3.551590e+01	-1.197704e+03
2.100000e-07	-4.844048e-06	-1.819966e-08	-3.524248e+01	-1.193294e+03
2.200000e-07	-4.804783e-06	-1.805715e-08	-3.495681e+01	-1.188466e+03
2.300000e-07	-4.763722e-06	-1.801318e-08	-3.465808e+01	-1.183232e+03
2.400000e-07	-4.720692e-06	-1.795621e-08	-3.434502e+01	-1.177628e+03
2.500000e-07	-4.675941e-06	-1.784492e-08	-3.401944e+01	-1.171698e+03
2.600000e-07	-4.629461e-06	-1.776064e-08	-3.368127e+01	-1.165489e+03
2.700000e-07	-4.581091e-06	-1.764591e-08	-3.332937e+01	-1.159038e+03
2.800000e-07	-4.530669e-06	-1.754294e-08	-3.296252e+01	-1.152368e+03
2.900000e-07	-4.478224e-06	-1.744088e-08	-3.258096e+01	-1.145481e+03
3.000000e-07	-4.424020e-06	-1.734137e-08	-3.218660e+01	-1.138369e+03
3.100000e-07	-4.368267e-06	-1.723704e-08	-3.178098e+01	-1.131013e+03
3.200000e-07	-4.310879e-06	-1.711667e-08	-3.136346e+01	-1.123391e+03
3.300000e-07	-4.251789e-06	-1.699744e-08	-3.093356e+01	-1.115488e+03
3.400000e-07	-4.191196e-06	-1.685043e-08	-3.049271e+01	-1.107295e+03
3.500000e-07	-4.129238e-06	-1.672832e-08	-3.004194e+01	-1.098816e+03
3.600000e-07	-4.065984e-06	-1.660681e-08	-2.958174e+01	-1.090060e+03
3.700000e-07	-4.001298e-06	-1.646258e-08	-2.911113e+01	-1.081042e+03
3.800000e-07	-3.934919e-06	-1.632944e-08	-2.862819e+01	-1.071776e+03
3.900000e-07	-3.866982e-06	-1.618571e-08	-2.813392e+01	-1.062270e+03
4.000000e-07	-3.797793e-06	-1.603731e-08	-2.763054e+01	-1.052525e+03
4.100000e-07	-3.727395e-06	-1.587521e-08	-2.711837e+01	-1.042534e+03
4.200000e-07	-3.655898e-06	-1.570847e-08	-2.659820e+01	-1.032284e+03
4.300000e-07	-3.583144e-06	-1.555087e-08	-2.606888e+01	-1.021761e+03
4.400000e-07	-3.508725e-06	-1.539046e-08	-2.552745e+01	-1.010953e+03
4.500000e-07	-3.432745e-06	-1.522529e-08	-2.497466e+01	-9.998523e+02
4.600000e-07	-3.355476e-06	-1.505353e-08	-2.441250e+01	-9.884556e+02
4.700000e-07	-3.276966e-06	-1.487560e-08	-2.384131e+01	-9.767660e+02
4.800000e-07	-3.197138e-06	-1.468558e-08	-2.326052e+01	-9.647886e+02
4.900000e-07	-3.116024e-06	-1.448857e-08	-2.267038e+01	-9.525279e+02
5.000000e-07	-3.033761e-06	-1.430118e-08	-2.207189e+01	-9.399851e+02
5.100000e-07	-2.950553e-06	-1.411212e-08	-2.146651e+01	-9.271560e+02
5.200000e-07	-2.866525e-06	-1.391012e-08	-2.085517e+01	-9.140308e+02
5.300000e-07	-2.781613e-06	-1.370237e-08	-2.023741e+01	-9.005961e+02
5.400000e-07	-2.695772e-06	-1.349386e-08	-1.961288e+01	-8.868372e+02
5.500000e-07	-2.609018e-06	-1.327895e-08	-1.898171e+01	-8.727415e+02
5.600000e-07	-2.521468e-06	-1.305218e-08	-1.834474e+01	-8.583006e+02
5.700000e-07	-2.432965e-06	-1.282450e-08	-1.770085e+01	-8.435121e+02
5.800000e-07	-2.343278e-06	-1.259440e-08	-1.704833e+01	-8.283786e+02
5.900000e-07	-2.252569e-06	-1.235961e-08	-1.638839e+01	-8.129062e+02
6.000000e-07	-2.161115e-06	-1.211990e-08	-1.572302e+01	-7.971015e+02
6.100000e-07	-2.068934e-06	-1.187420e-08	-1.505237e+01	-7.809688e+02
6.200000e-07	-1.976022e-06	-1.162041e-08	-1.437639e+01	-7.645075e+02
6.300000e-07	-1.882446e-06	-1.135778e-08	-1.369559e+01	-7.477115e+02
6.400000e-07	-1.788212e-06	-1.109496e-08	-1.301000e+01	-7.305698e+02
6.500000e-07	-1.693397e-06	-1.083167e-08	-1.232017e+01	-7.130681e+02
6.600000e-07	-1.598073e-06	-1.056471e-08	-1.162666e+01	-6.951917e+02
6.700000e-07	-1.502233e-06	-1.028821e-08	-1.092937e+01	-6.769276e+02
6.800000e-07	-1.405791e-06	-9.999742e-09	-1.022772e+01	-6.582667e+02
6.900000e-07	-1.308673e-06	-9.701400e-09	-9.521148e+00	-6.392039e+02
7.000000e-07	-1.210890e-06	-9.399153e-09	-8.809737e+00	-6.197377e+02
7.100000e-07	-1.112579e-06	-9.095913e-09	-8.094484e+00	-5.998680e+02
7.200000e-07	-1.013874e-06	-8.788612e-09	-7.376362e+00	-5.795943e+02
7.300000e-07	-9.148498e-07	-8.476027e-09	-6.655917e+00	-5.589132e+02
7.400000e-07	-8.155550e-07	-8.155943e-09	-5.933505e+00	-5.378183e+02
7.500000e-07	-7.160579e-07	-7.828036e-09	-5.209622e+00	-5.162993e+02
7.600000e-07	-6.163900e-07	-7.489518e-09	-4.484496e+00	-4.943436e+02
7.700000e-07	-5.165654e-07	-7.143748e-09	-3.758230e+00	-4.719382e+02
7.800000e-07	-4.166132e-07	-6.792667e-09	-3.031036e+00	-4.490719e+02
7.900000e-07	-3.165202e-07	-6.434413e-09	-2.302818e+00	-4.257363e+02
8.000000e-07	-2.162879e-07	-6.071586e-09	-1.573585e+00	-4.019266e+02
8.100000e-07	-1.159337e-07	-5.704312e-09	-8.434664e-01	-3.776411e+02
8.200000e-07	-1.553735e-08	-5.329351e-09	-1.130407e-01	-3.528788e+02
8.300000e-07	8.488217e-08	-4.945479e-09	6.175535e-01	-3.276367e+02
8.400000e-07	1.852726e-07	-4.553367e-09	1.347936e+00	-3.019070e+02
8.500000e-07	2.855828e-07	-4.151830e-09	2.077735e+00	-2.756735e+02
8.600000e-07	3.858276e-07	-3.742721e-09	2.807058e+00	-2.489096e+02
8.700000e-07	4.859986e-07	-3.326987e-09	3.535844e+00	-2.215769e+02
8.800000e-07	5.860861e-07	-2.902167e-09	4.264023e+00	-1.936246e+02
8.900000e-07	6.860164e-07	-2.464841e-09	4.991058e+00	-1.649904e+02
9.000000e-07	7.857380e-07	-2.015303e-09	5.716574e+00	-1.356022e+02
9.100000e-07	8.852304e-07	-1.554201e-09	6.440423e+00	-1.053813e+02
9.200000e-07	9.843976e-07	-1.079473e-09	7.161907e+00	-7.424666e+01
9.300000e-07	1.083171e-06	-5.910299e-10	7.880522e+00	-4.212008e+01
9.400000e-07	1.181555e-06	-8.761334e-11	8.596309e+00	-8.933432e+00
9.500000e-07	1.279409e-06	4.319899e-10	9.308237e+00	2.536348e+01
9.600000e-07	1.376609e-06	9.708929e-10	1.001541e+01	6.079425e+01
9.700000e-07	1.473159e-06	1.528005e-09	1.071785e+01	9.734735e+01
9.800000e-07	1.569109e-06	2.099506e-09	1.141593e+01	1.349688e+02
9.900000e-07	1.664470e-06	2.685842e-09	1.210972e+01	1.735576e+02
1.000000e-06	1.759218e-06	3.285162e-09	1.279905e+01	2.129639e+02
1.010000e-06	1.853385e-06	3.894707e-09	1.348416e+01	2.529928e+02
1.020000e-06	1.946953e-06	4.510565e-09	1.416490e+01	2.934110e+02
1.030000e-06	2.039857e-06	5.126758e-09	1.484082e+01	3.339590e+02
1.040000e-06	2.132109e-06	5.739111e-09	1.551199e+01	3.743646e+02
1.050000e-06	2.223684e-06	6.344906e-09	1.617824e+01	4.143592e+02
1.060000e-06	2.314485e-06	6.940380e-09	1.683885e+01	4.536918e+02
1.070000e-06	2.404356e-06	7.522841e-09	1.749270e+01	4.921419e+02
1.080000e-06	2.493186e-06	8.090487e-09	1.813898e+01	5.295282e+02
1.090000e-06	2.581077e-06	8.642454e-09	1.877842e+01	5.657128e+02
1.100000e-06	2.668105e-06	9.175859e-09	1.941158e+01	6.006011e+02
1.110000e-06	2.754215e-06	9.689294e-09	2.003808e+01	6.341385e+02
1.120000e-06	2.839374e-06	1.018044e-08	2.065764e+01	6.663036e+02
1.130000e-06	2.923645e-06	1.064822e-08	2.127075e+01	6.971012e+02
1.140000e-06	3.007041e-06	1.109277e-08	2.187749e+01	7.265547e+02
1.150000e-06	3.089419e-06	1.151620e-08	2.247682e+01	7.546993e+02
1.160000e-06	3.170670e-06	1.192232e-08	2.306796e+01	7.815770e+02
1.170000e-06	3.250761e-06	1.231193e-08	2.365065e+01	8.072335e+02
1.180000e-06	3.329714e-06	1.268463e-08	2.422507e+01	8.317157e+02
1.190000e-06	3.407440e-06	1.304084e-08	2.479056e+01	8.550709e+02
1.200000e-06	3.483949e-06	1.338052e-08	2.534720e+01	8.773465e+02
1.210000e-06	3.559300e-06	1.370319e-08	2.589540e+01	8.985893e+02
1.220000e-06	3.633134e-06	1.401142e-08	2.643258e+01	9.188459e+02
1.230000e-06	3.705369e-06	1.430689e-08	2.695812e+01	9.381621e+02
1.240000e-06	3.776243e-06	1.458614e-08	2.747376e+01	9.565827e+02
1.250000e-06	3.845852e-06	1.484900e-08	2.798019e+01	9.741515e+02
1.260000e-06	3.914254e-06	1.509925e-08	2.847784e+01	9.909108e+02
1.270000e-06	3.981329e-06	1.533903e-08	2.896584e+01	1.006902e+03
1.280000e-06	4.046769e-06	1.556910e-08	2.944194e+01	1.022163e+03
1.290000e-06	4.110592e-06	1.579060e-08	2.990628e+01	1.036733e+03
1.300000e-06	4.172987e-06	1.600415e-08	3.036023e+01	1.050644e+03
1.310000e-06	4.233983e-06	1.620670e-08	3.080401e+01	1.063927e+03
1.320000e-06	4.293670e-06	1.639860e-08	3.123826e+01	1.076609e+03
1.330000e-06	4.351825e-06	1.658168e-08	3.166136e+01	1.088710e+03
1.340000e-06	4.408195e-06	1.675662e-08	3.207148e+01	1.100249e+03
1.350000e-06	4.462898e-06	1.692148e-08	3.246946e+01	1.111238e+03
1.360000e-06	4.516044e-06	1.707864e-08	3.285612e+01	1.121689e+03
1.370000e-06	4.567443e-06	1.723026e-08	3.323007e+01	1.131613e+03
1.380000e-06	4.616785e-06	1.737475e-08	3.358905e+01	1.141021e+03
1.390000e-06	4.664264e-06	1.751224e-08	3.393448e+01	1.149927e+03
1.400000e-06	4.710179e-06	1.764315e-08	3.426853e+01	1.158348e+03
1.410000e-06	4.754561e-06	1.776685e-08	3.459143e+01	1.166302e+03
1.420000e-06	4.797324e-06	1.788205e-08	3.490255e+01	1.173809e+03
1.430000e-06	4.838204e-06	1.798891e-08	3.519997e+01	1.180887e+03
1.440000e-06	4.877303e-06	1.808756e-08	3.548443e+01	1.187555e+03
1.450000e-06	4.914834e-06	1.818090e-08	3.575748e+01	1.193825e+03
1.460000e-06	4.950808e-06	1.826979e-08	3.601921e+01	1.199708e+03
1.470000e-06	4.985028e-06	1.835263e-08	3.626818e+01	1.205215e+03
1.480000e-06	5.017348e-06	1.843003e-08	3.650331e+01	1.210352e+03
1.490000e-06	5.047950e-06	1.850190e-08	3.672596e+01	1.215130e+03
1.500000e-06	5.076938e-06	1.856983e-08	3.693686e+01	1.219559e+03
1.510000e-06	5.104262e-06	1.863360e-08	3.713565e+01	1.223652e+03
1.520000e-06	5.129626e-06	1.869250e-08	3.732019e+01	1.227422e+03
1.530000e-06	5.152946e-06	1.874513e-08	3.748985e+01	1.230880e+03
1.540000e-06	5.174488e-06	1.879183e-08	3.764658e+01	1.234034e+03
1.550000e-06	5.194375e-06	1.883443e-08	3.779126e+01	1.236889e+03
1.560000e-06	5.212434e-06	1.887326e-08	3.792265e+01	1.239440e+03
1.570000e-06	5.228486e-06	1.890796e-08	3.803943e+01	1.241680e+03
1.580000e-06	5.242604e-06	1.893841e-08	3.814215e+01	1.243600e+03
1.590000e-06	5.254784e-06	1.896244e-08	3.823076e+01	1.245193e+03
1.600000e-06	5.264813e-06	1.897773e-08	3.830373e+01	1.246458e+03
1.610000e-06	5.272737e-06	1.898903e-08	3.836138e+01	1.247402e+03
1.620000e-06	5.278821e-06	1.900008e-08	3.840564e+01	1.248045e+03
1.630000e-06	5.283203e-06	1.901095e-08	3.843752e+01	1.248413e+03
1.640000e-06	5.285747e-06	1.901748e-08	3.845603e+01	1.248536e+03
1.650000e-06	5.286292e-06	1.901879e-08	3.846000e+01	1.248443e+03
1.660000e-06	5.285030e-06	1.901384e-08	3.845082e+01	1.248155e+03
1.670000e-06	5.282149e-06	1.900324e-08	3.842985e+01	1.247678e+03
1.680000e-06	5.277700e-06	1.899112e-08	3.839749e+01	1.247004e+03
1.690000e-06	5.271361e-06	1.897633e-08	3.835137e+01	1.246109e+03
1.700000e-06	5.263160e-06	1.895937e-08	3.829170e+01	1.244963e+03
1.710000e-06	5.253427e-06	1.894187e-08	3.822089e+01	1.243536e+03
1.720000e-06	5.242065e-06	1.892029e-08	3.813823e+01	1.241806e+03
1.730000e-06	5.228860e-06	1.889808e-08	3.804215e+01	1.239771e+03
1.740000e-06	5.213589e-06	1.882180e-08	3.793105e+01	1.237450e+03
1.750000e-06	5.196004e-06	1.877105e-08	3.780311e+01	1.234887e+03
1.760000e-06	5.175910e-06	1.875928e-08	3.765692e+01	1.232140e+03
1.770000e-06	5.153513e-06	1.871745e-08	3.749397e+01	1.229275e+03
1.780000e-06	5.129667e-06	1.874904e-08	3.732049e+01	1.226351e+03
1.790000e-06	5.105105e-06	1.866563e-08	3.714179e+01	1.223411e+03
1.800000e-06	5.079261e-06	1.851814e-08	3.695376e+01	1.220468e+03
1.810000e-06	5.051515e-06	1.856832e-08	3.675190e+01	1.217502e+03
1.820000e-06	5.022160e-06	1.848747e-08	3.653833e+01	1.214464e+03
1.830000e-06	4.990970e-06	1.839890e-08	3.631141e+01	1.211280e+03
1.840000e-06	4.957686e-06	1.845876e-08	3.606925e+01	1.207869e+03
1.850000e-06	4.922790e-06	1.833402e-08	3.581537e+01	1.204150e+03
1.860000e-06	4.886229e-06	1.826886e-08	3.554937e+01	1.200059e+03
1.870000e-06	4.847694e-06	1.826693e-08	3.526901e+01	1.195559e+03
1.880000e-06	4.807391e-06	1.812292e-08	3.497579e+01	1.190642e+03
1.890000e-06	4.765324e-06	1.808556e-08	3.466974e+01	1.185324e+03
1.900000e-06	4.721647e-06	1.799765e-08	3.435197e+01	1.179645e+03
1.910000e-06	4.676328e-06	1.787895e-08	3.402225e+01	1.173651e+03
1.920000e-06	4.629104e-06	1.784248e-08	3.367868e+01	1.167387e+03
1.930000e-06	4.580281e-06	1.769210e-08	3.332347e+01	1.160887e+03
1.940000e-06	4.529841e-06	1.761993e-08	3.295650e+01	1.154169e+03
1.950000e-06	4.477533e-06	1.752300e-08	3.257594e+01	1.147235e+03
1.960000e-06	4.423267e-06	1.736975e-08	3.218113e+01	1.140072e+03
1.970000e-06	4.367148e-06	1.727768e-08	3.177284e+01	1.132660e+03
1.980000e-06	4.309497e-06	1.713935e-08	3.135341e+01	1.124978e+03
1.990000e-06	4.250456e-06	1.705587e-08	3.092385e+01	1.117012e+03
2.000000e-06	4.190048e-06	1.691868e-08	3.048436e+01	1.108757e+03
2.010000e-06	4.128079e-06	1.676403e-08	3.003351e+01	1.100216e+03
2.020000e-06	4.064394e-06	1.666173e-08	2.957018e+01	1.091402e+03
2.030000e-06	3.999207e-06	1.649079e-08	2.909591e+01	1.082330e+03
2.040000e-06	3.932582e-06	1.636099e-08	2.861119e+01	1.073011e+03
2.050000e-06	3.864705e-06	1.621780e-08	2.811735e+01	1.063453e+03
2.060000e-06	3.795506e-06	1.607660e-08	2.761390e+01	1.053655e+03
2.070000e-06	3.724649e-06	1.593317e-08	2.709839e+01	1.043609e+03
2.080000e-06	3.652388e-06	1.574646e-08	2.657266e+01	1.033301e+03
2.090000e-06	3.578924e-06	1.560431e-08	2.603818e+01	1.022718e+03
2.100000e-06	3.504255e-06	1.543359e-08	2.549493e+01	1.011847e+03
2.110000e-06	3.428253e-06	1.525650e-08	2.494198e+01	1.000682e+03
2.120000e-06	3.350715e-06	1.508022e-08	2.437786e+01	9.892211e+02
2.130000e-06	3.271755e-06	1.490932e-08	2.380339e+01	9.774686e+02
2.140000e-06	3.191650e-06	1.474491e-08	2.322059e+01	9.654294e+02
2.150000e-06	3.110492e-06	1.454368e-08	2.263013e+01	9.531076e+02
2.160000e-06	3.028240e-06	1.435180e-08	2.203172e+01	9.405033e+02
2.170000e-06	2.945031e-06	1.415311e-08	2.142634e+01	9.276109e+02
2.180000e-06	2.860926e-06	1.394582e-08	2.081444e+01	9.144199e+02
2.190000e-06	2.775765e-06	1.373798e-08	2.019485e+01	9.009162e+02
2.200000e-06	2.689335e-06	1.353732e-08	1.956604e+01	8.870853e+02
2.210000e-06	2.601766e-06	1.333277e-08	1.892894e+01	8.729154e+02
2.220000e-06	2.513293e-06	1.310285e-08	1.828526e+01	8.583993e+02
2.230000e-06	2.423908e-06	1.287188e-08	1.763495e+01	8.435357e+02
2.240000e-06	2.333692e-06	1.263907e-08	1.697859e+01	8.283283e+02
2.250000e-06	2.242775e-06	1.240352e-08	1.631713e+01	8.127834e+02
2.260000e-06	2.151219e-06	1.216160e-08	1.565103e+01	7.969075e+02
2.270000e-06	2.058979e-06	1.191852e-08	1.497994e+01	7.807038e+02
2.280000e-06	1.965906e-06	1.167175e-08	1.430280e+01	7.641708e+02
2.290000e-06	1.871939e-06	1.141264e-08	1.361915e+01	7.473011e+02
2.300000e-06	1.777154e-06	1.114647e-08	1.292955e+01	7.300827e+02
2.310000e-06	1.681744e-06	1.087558e-08	1.223540e+01	7.125012e+02
2.320000e-06	1.585861e-06	1.060070e-08	1.153780e+01	6.945419e+02
2.330000e-06	1.489445e-06	1.031984e-08	1.083634e+01	6.761927e+02
2.340000e-06	1.392521e-06	1.003922e-08	1.013117e+01	6.574452e+02
2.350000e-06	1.295162e-06	9.754452e-09	9.422845e+00	6.382953e+02
2.360000e-06	1.197331e-06	9.458546e-09	8.711089e+00	6.187419e+02
2.370000e-06	1.099126e-06	9.151683e-09	7.996604e+00	5.987850e+02
2.380000e-06	1.000686e-06	8.838098e-09	7.280415e+00	5.784235e+02
2.390000e-06	9.019905e-07	8.521721e-09	6.562360e+00	5.576538e+02
2.400000e-06	8.029663e-07	8.199886e-09	5.841917e+00	5.364682e+02
2.410000e-06	7.036891e-07	7.872865e-09	5.119634e+00	5.148559e+02
2.420000e-06	6.042662e-07	7.539339e-09	4.396291e+00	4.928042e+02
2.430000e-06	5.047070e-07	7.198611e-09	3.671956e+00	4.703002e+02
2.440000e-06	4.050011e-07	6.849701e-09	2.946553e+00	4.473331e+02
2.450000e-06	3.052327e-07	6.490938e-09	2.220697e+00	4.238954e+02
2.460000e-06	2.054375e-07	6.126062e-09	1.494644e+00	3.999832e+02
2.470000e-06	1.055224e-07	5.755985e-09	7.677197e-01	3.755948e+02
2.480000e-06	5.518983e-09	5.379905e-09	4.015292e-02	3.507293e+02
2.490000e-06	-9.447540e-08	4.994836e-09	-6.873483e-01	3.253830e+02
2.500000e-06	-1.944212e-07	4.599263e-09	-1.414496e+00	2.995462e+02
2.510000e-06	-2.942909e-07	4.195440e-09	-2.141090e+00	2.732009e+02
2.520000e-06	-3.940905e-07	3.783262e-09	-2.867174e+00	2.463181e+02
2.530000e-06	-4.938571e-07	3.362997e-09	-3.593018e+00	2.188566e+02
2.540000e-06	-5.935299e-07	2.936255e-09	-4.318179e+00	1.907630e+02
2.550000e-06	-6.930091e-07	2.500467e-09	-5.041933e+00	1.619728e+02
2.560000e-06	-7.923035e-07	2.049331e-09	-5.764341e+00	1.324122e+02
2.570000e-06	-8.913572e-07	1.582202e-09	-6.484998e+00	1.020016e+02
2.580000e-06	-9.900755e-07	1.102765e-09	-7.203216e+00	7.065998e+01
2.590000e-06	-1.088375e-06	6.099958e-10	-7.918389e+00	3.831075e+01
2.600000e-06	-1.186279e-06	9.853146e-11	-8.630682e+00	4.888901e+00
2.610000e-06	-1.283849e-06	-4.305933e-10	-9.340543e+00	-2.965081e+01
2.620000e-06	-1.381010e-06	-9.757031e-10	-1.004743e+01	-6.532515e+01
2.630000e-06	-1.477710e-06	-1.536516e-09	-1.075097e+01	-1.021140e+02
2.640000e-06	-1.573939e-06	-2.114054e-09	-1.145107e+01	-1.399537e+02
2.650000e-06	-1.669704e-06	-2.707606e-09	-1.214780e+01	-1.787326e+02
2.660000e-06	-1.764892e-06	-3.313811e-09	-1.284033e+01	-2.182910e+02
2.670000e-06	-1.859351e-06	-3.929336e-09	-1.352756e+01	-2.584247e+02
2.680000e-06	-1.952924e-06	-4.548106e-09	-1.420835e+01	-2.988940e+02
2.690000e-06	-2.045526e-06	-5.167005e-09	-1.488206e+01	-3.394352e+02
2.700000e-06	-2.137314e-06	-5.784053e-09	-1.554986e+01	-3.797758e+02
2.710000e-06	-2.228466e-06	-6.394674e-09	-1.621302e+01	-4.196495e+02
2.720000e-06	-2.318889e-06	-6.994747e-09	-1.687089e+01	-4.588111e+02
2.730000e-06	-2.408404e-06	-7.580451e-09	-1.752215e+01	-4.970478e+02
2.740000e-06	-2.497106e-06	-8.148827e-09	-1.816749e+01	-5.341875e+02
2.750000e-06	-2.585096e-06	-8.698101e-09	-1.880766e+01	-5.701016e+02
2.760000e-06	-2.672234e-06	-9.226902e-09	-1.944162e+01	-6.047045e+02
2.770000e-06	-2.758315e-06	-9.735261e-09	-2.006790e+01	-6.379493e+02
2.780000e-06	-2.843234e-06	-1.022289e-08	-2.068573e+01	-6.698210e+02
2.790000e-06	-2.927112e-06	-1.068998e-08	-2.129597e+01	-7.003289e+02
2.800000e-06	-3.010102e-06	-1.113820e-08	-2.189976e+01	-7.294994e+02
2.810000e-06	-3.092152e-06	-1.156608e-08	-2.249671e+01	-7.573695e+02
2.820000e-06	-3.173187e-06	-1.197133e-08	-2.308627e+01	-7.839823e+02
2.830000e-06	-3.253197e-06	-1.235640e-08	-2.366838e+01	-8.093840e+02
2.840000e-06	-3.332015e-06	-1.272546e-08	-2.424181e+01	-8.336214e+02
2.850000e-06	-3.409400e-06	-1.308253e-08	-2.480482e+01	-8.567421e+02
2.860000e-06	-3.485361e-06	-1.342558e-08	-2.535747e+01	-8.787932e+02
2.870000e-06	-3.559974e-06	-1.374987e-08	-2.590031e+01	-8.998215e+02
2.880000e-06	-3.633257e-06	-1.405689e-08	-2.643347e+01	-9.198736e+02
2.890000e-06	-3.705329e-06	-1.434962e-08	-2.695782e+01	-9.389948e+02
2.900000e-06	-3.776097e-06	-1.462803e-08	-2.747269e+01	-9.572300e+02
2.910000e-06	-3.845299e-06	-1.489235e-08	-2.797616e+01	-9.746225e+02
2.920000e-06	-3.913028e-06	-1.514529e-08	-2.846892e+01	-9.912145e+02
2.930000e-06	-3.979450e-06	-1.538894e-08	-2.895217e+01	-1.007047e+03
2.940000e-06	-4.044555e-06	-1.562270e-08	-2.942584e+01	-1.022158e+03
2.950000e-06	-4.108273e-06	-1.584776e-08	-2.988941e+01	-1.036584e+03
2.960000e-06	-4.170325e-06	-1.606341e-08	-3.034087e+01	-1.050359e+03
2.970000e-06	-4.230724e-06	-1.626727e-08	-3.078030e+01	-1.063512e+03
2.980000e-06	-4.289728e-06	-1.645885e-08	-3.120957e+01	-1.076068e+03
2.990000e-06	-4.347301e-06	-1.664038e-08	-3.162845e+01	-1.088049e+03
3.000000e-06	-4.403373e-06	-1.681494e-08	-3.203639e+01	-1.099469e+03
3.010000e-06	-4.457709e-06	-1.698065e-08	-3.243171e+01	-1.110343e+03
3.020000e-06	-4.510087e-06	-1.713634e-08	-3.281278e+01	-1.120681e+03
3.030000e-06	-4.560652e-06	-1.728522e-08	-3.318066e+01	-1.130494e+03
3.040000e-06	-4.609381e-06	-1.742744e-08	-3.353518e+01	-1.139794e+03
3.050000e-06	-4.656268e-06	-1.756226e-08	-3.387630e+01	-1.148595e+03
3.060000e-06	-4.701572e-06	-1.768867e-08	-3.420591e+01	-1.156915e+03
3.070000e-06	-4.745446e-06	-1.780897e-08	-3.452511e+01	-1.164772e+03
3.080000e-06	-4.787855e-06	-1.792251e-08	-3.483366e+01	-1.172187e+03
3.090000e-06	-4.828745e-06	-1.802855e-08	-3.513115e+01	-1.179177e+03
3.100000e-06	-4.868021e-06	-1.812947e-08	-3.541690e+01	-1.185759e+03
3.110000e-06	-4.905451e-06	-1.822514e-08	-3.568922e+01	-1.191946e+03
3.120000e-06	-4.941043e-06	-1.831458e-08	-3.594817e+01	-1.197748e+03
3.130000e-06	-4.974972e-06	-1.839647e-08	-3.619501e+01	-1.203176e+03
3.140000e-06	-5.007240e-06	-1.847416e-08	-3.642978e+01	-1.208236e+03
3.150000e-06	-5.037685e-06	-1.854613e-08	-3.665127e+01	-1.212939e+03
3.160000e-06	-5.066229e-06	-1.861234e-08	-3.685895e+01	-1.217296e+03
3.170000e-06	-5.092984e-06	-1.867268e-08	-3.705360e+01	-1.221319e+03
3.180000e-06	-5.118004e-06	-1.872820e-08	-3.723563e+01	-1.225022e+03
3.190000e-06	-5.141176e-06	-1.878064e-08	-3.740422e+01	-1.228415e+03
3.200000e-06	-5.162385e-06	-1.883042e-08	-3.755852e+01	-1.231506e+03
3.210000e-06	-5.181766e-06	-1.887532e-08	-3.769952e+01	-1.234297e+03
3.220000e-06	-5.199436e-06	-1.891299e-08	-3.782808e+01	-1.236783e+03
3.230000e-06	-5.215243e-06	-1.894520e-08	-3.794309e+01	-1.238956e+03
3.240000e-06	-5.228888e-06	-1.897304e-08	-3.804236e+01	-1.240807e+03
3.250000e-06	-5.240427e-06	-1.899513e-08	-3.812631e+01	-1.242330e+03
3.260000e-06	-5.250136e-06	-1.901171e-08	-3.819695e+01	-1.243526e+03
3.270000e-06	-5.258007e-06	-1.902453e-08	-3.825421e+01	-1.244405e+03
3.280000e-06	-5.263861e-06	-1.903394e-08	-3.829681e+01	-1.244987e+03
3.290000e-06	-5.267795e-06	-1.904003e-08	-3.832542e+01	-1.245300e+03
3.300000e-06	-5.270013e-06	-1.904004e-08	-3.834156e+01	-1.245375e+03
3.310000e-06	-5.270530e-06	-1.903776e-08	-3.834532e+01	-1.245240e+03
