# Temperatura_=_59.6
# Concentracion g/m^3_=_24000.0
# C_Vs_to_Am_M_A/Vsm_=_65563218390.804596
# pendiente_HvsI_1/m_=_3716.3
# ordenada_HvsI_A/m_=_1297.0
# frecuencia_Hz_=_301610.54717534705

Tiempo_(s)	Campo_(V.s)	Magnetizacion_(V.s)	Campo_(kA/m)	Magnetizacion_(A/m)
0.000000e+00	-5.271310e-06	-1.833997e-08	-3.833662e+01	-1.199607e+03
1.000000e-08	-5.269052e-06	-1.833424e-08	-3.832020e+01	-1.199149e+03
2.000000e-08	-5.264971e-06	-1.832067e-08	-3.829052e+01	-1.198498e+03
3.000000e-08	-5.259265e-06	-1.830870e-08	-3.824902e+01	-1.197644e+03
4.000000e-08	-5.252040e-06	-1.829389e-08	-3.819647e+01	-1.196565e+03
5.000000e-08	-5.243158e-06	-1.826921e-08	-3.813188e+01	-1.195238e+03
6.000000e-08	-5.232253e-06	-1.823960e-08	-3.805257e+01	-1.193639e+03
7.000000e-08	-5.219448e-06	-1.820428e-08	-3.795944e+01	-1.191756e+03
8.000000e-08	-5.204715e-06	-1.817901e-08	-3.785229e+01	-1.189595e+03
9.000000e-08	-5.187705e-06	-1.820747e-08	-3.772859e+01	-1.187178e+03
1.000000e-07	-5.168600e-06	-1.817218e-08	-3.758964e+01	-1.184550e+03
1.100000e-07	-5.147663e-06	-1.808343e-08	-3.743738e+01	-1.181764e+03
1.200000e-07	-5.124965e-06	-1.804349e-08	-3.727230e+01	-1.178878e+03
1.300000e-07	-5.100859e-06	-1.790006e-08	-3.709699e+01	-1.175940e+03
1.400000e-07	-5.075246e-06	-1.784902e-08	-3.691071e+01	-1.172979e+03
1.500000e-07	-5.047856e-06	-1.797409e-08	-3.671151e+01	-1.170000e+03
1.600000e-07	-5.018998e-06	-1.779885e-08	-3.650163e+01	-1.166975e+03
1.700000e-07	-4.988779e-06	-1.775408e-08	-3.628186e+01	-1.163856e+03
1.800000e-07	-4.956696e-06	-1.783070e-08	-3.604853e+01	-1.160574e+03
1.900000e-07	-4.922514e-06	-1.759217e-08	-3.579994e+01	-1.157055e+03
2.000000e-07	-4.886743e-06	-1.756518e-08	-3.553978e+01	-1.153231e+03
2.100000e-07	-4.849463e-06	-1.755621e-08	-3.526866e+01	-1.149053e+03
2.200000e-07	-4.810468e-06	-1.736652e-08	-3.498506e+01	-1.144491e+03
2.300000e-07	-4.769558e-06	-1.736066e-08	-3.468753e+01	-1.139545e+03
2.400000e-07	-4.726670e-06	-1.730782e-08	-3.437562e+01	-1.134234e+03
2.500000e-07	-4.682053e-06	-1.717297e-08	-3.405114e+01	-1.128592e+03
2.600000e-07	-4.635685e-06	-1.711793e-08	-3.371392e+01	-1.122658e+03
2.700000e-07	-4.587483e-06	-1.698710e-08	-3.336336e+01	-1.116467e+03
2.800000e-07	-4.537244e-06	-1.688818e-08	-3.299798e+01	-1.110043e+03
2.900000e-07	-4.484899e-06	-1.680412e-08	-3.261730e+01	-1.103398e+03
3.000000e-07	-4.430843e-06	-1.669411e-08	-3.222416e+01	-1.096529e+03
3.100000e-07	-4.375310e-06	-1.659362e-08	-3.182029e+01	-1.089426e+03
3.200000e-07	-4.318105e-06	-1.649654e-08	-3.140425e+01	-1.082072e+03
3.300000e-07	-4.259158e-06	-1.638509e-08	-3.097555e+01	-1.074455e+03
3.400000e-07	-4.198728e-06	-1.621684e-08	-3.053606e+01	-1.066568e+03
3.500000e-07	-4.136888e-06	-1.610749e-08	-3.008632e+01	-1.058411e+03
3.600000e-07	-4.073697e-06	-1.599613e-08	-2.962675e+01	-1.049993e+03
3.700000e-07	-4.009138e-06	-1.584340e-08	-2.915723e+01	-1.041325e+03
3.800000e-07	-3.942904e-06	-1.572731e-08	-2.867553e+01	-1.032416e+03
3.900000e-07	-3.875046e-06	-1.559210e-08	-2.818202e+01	-1.023273e+03
4.000000e-07	-3.805908e-06	-1.545040e-08	-2.767920e+01	-1.013894e+03
4.100000e-07	-3.735600e-06	-1.529452e-08	-2.716787e+01	-1.004274e+03
4.200000e-07	-3.664151e-06	-1.512939e-08	-2.664825e+01	-9.943984e+02
4.300000e-07	-3.591486e-06	-1.498303e-08	-2.611978e+01	-9.842551e+02
4.400000e-07	-3.517281e-06	-1.482779e-08	-2.558010e+01	-9.738320e+02
4.500000e-07	-3.441474e-06	-1.466134e-08	-2.502878e+01	-9.631220e+02
4.600000e-07	-3.364312e-06	-1.449114e-08	-2.446761e+01	-9.521240e+02
4.700000e-07	-3.285898e-06	-1.432347e-08	-2.389733e+01	-9.408416e+02
4.800000e-07	-3.206221e-06	-1.414152e-08	-2.331786e+01	-9.292811e+02
4.900000e-07	-3.125231e-06	-1.394949e-08	-2.272885e+01	-9.174479e+02
5.000000e-07	-3.043062e-06	-1.377353e-08	-2.213126e+01	-9.053432e+02
5.100000e-07	-2.959924e-06	-1.358933e-08	-2.152662e+01	-8.929627e+02
5.200000e-07	-2.875892e-06	-1.338830e-08	-2.091548e+01	-8.802956e+02
5.300000e-07	-2.791009e-06	-1.318573e-08	-2.029815e+01	-8.673266e+02
5.400000e-07	-2.705202e-06	-1.298990e-08	-1.967410e+01	-8.540392e+02
5.500000e-07	-2.618533e-06	-1.278743e-08	-1.904378e+01	-8.404185e+02
5.600000e-07	-2.531039e-06	-1.256450e-08	-1.840747e+01	-8.264553e+02
5.700000e-07	-2.442546e-06	-1.234249e-08	-1.776389e+01	-8.121468e+02
5.800000e-07	-2.352989e-06	-1.211987e-08	-1.711256e+01	-7.974970e+02
5.900000e-07	-2.262396e-06	-1.189011e-08	-1.645371e+01	-7.825148e+02
6.000000e-07	-2.170891e-06	-1.165638e-08	-1.578823e+01	-7.672105e+02
6.100000e-07	-2.078649e-06	-1.142391e-08	-1.511738e+01	-7.515923e+02
6.200000e-07	-1.985748e-06	-1.118425e-08	-1.444174e+01	-7.356638e+02
6.300000e-07	-1.892122e-06	-1.092847e-08	-1.376082e+01	-7.194219e+02
6.400000e-07	-1.797817e-06	-1.067331e-08	-1.307497e+01	-7.028573e+02
6.500000e-07	-1.702989e-06	-1.042145e-08	-1.238531e+01	-6.859561e+02
6.600000e-07	-1.607641e-06	-1.016260e-08	-1.169188e+01	-6.687029e+02
6.700000e-07	-1.511700e-06	-9.889539e-09	-1.099413e+01	-6.510835e+02
6.800000e-07	-1.415134e-06	-9.608967e-09	-1.029184e+01	-6.330876e+02
6.900000e-07	-1.317969e-06	-9.324064e-09	-9.585184e+00	-6.147099e+02
7.000000e-07	-1.220237e-06	-9.037219e-09	-8.874411e+00	-5.959493e+02
7.100000e-07	-1.122038e-06	-8.748871e-09	-8.160240e+00	-5.768079e+02
7.200000e-07	-1.023437e-06	-8.454417e-09	-7.443142e+00	-5.572879e+02
7.300000e-07	-9.245090e-07	-8.152849e-09	-6.723670e+00	-5.373897e+02
7.400000e-07	-8.253024e-07	-7.842318e-09	-6.002171e+00	-5.171097e+02
7.500000e-07	-7.258111e-07	-7.528595e-09	-5.278602e+00	-4.964400e+02
7.600000e-07	-6.261067e-07	-7.207378e-09	-4.553482e+00	-4.753691e+02
7.700000e-07	-5.262021e-07	-6.875120e-09	-3.826907e+00	-4.538833e+02
7.800000e-07	-4.261209e-07	-6.536306e-09	-3.099047e+00	-4.319692e+02
7.900000e-07	-3.259167e-07	-6.193275e-09	-2.370292e+00	-4.096155e+02
8.000000e-07	-2.255954e-07	-5.846177e-09	-1.640686e+00	-3.868140e+02
8.100000e-07	-1.251446e-07	-5.494044e-09	-9.101384e-01	-3.635597e+02
8.200000e-07	-2.465301e-08	-5.136145e-09	-1.792938e-01	-3.398500e+02
8.300000e-07	7.584260e-08	-4.769525e-09	5.515799e-01	-3.156820e+02
8.400000e-07	1.763978e-07	-4.392780e-09	1.282887e+00	-2.910501e+02
8.500000e-07	2.769281e-07	-4.008199e-09	2.014013e+00	-2.659434e+02
8.600000e-07	3.773745e-07	-3.618572e-09	2.744529e+00	-2.403435e+02
8.700000e-07	4.776870e-07	-3.220118e-09	3.474071e+00	-2.142224e+02
8.800000e-07	5.778452e-07	-2.811246e-09	4.202491e+00	-1.875422e+02
8.900000e-07	6.778466e-07	-2.393052e-09	4.929770e+00	-1.602548e+02
9.000000e-07	7.776311e-07	-1.966018e-09	5.655472e+00	-1.323027e+02
9.100000e-07	8.771831e-07	-1.531358e-09	6.379484e+00	-1.036205e+02
9.200000e-07	9.764021e-07	-1.085651e-09	7.101073e+00	-7.413812e+01
9.300000e-07	1.075261e-06	-6.261912e-10	7.820043e+00	-4.378420e+01
9.400000e-07	1.173735e-06	-1.497724e-10	8.536213e+00	-1.249217e+01
9.500000e-07	1.271679e-06	3.437423e-10	9.248533e+00	1.979282e+01
9.600000e-07	1.368961e-06	8.514650e-10	9.956033e+00	5.310557e+01
9.700000e-07	1.465534e-06	1.373480e-09	1.065838e+01	8.745198e+01
9.800000e-07	1.561484e-06	1.911670e-09	1.135619e+01	1.228009e+02
9.900000e-07	1.656855e-06	2.465003e-09	1.204980e+01	1.590777e+02
1.000000e-06	1.751695e-06	3.030318e-09	1.273954e+01	1.961617e+02
1.010000e-06	1.845988e-06	3.605354e-09	1.342531e+01	2.338871e+02
1.020000e-06	1.939625e-06	4.184853e-09	1.410630e+01	2.720489e+02
1.030000e-06	2.032583e-06	4.765107e-09	1.478235e+01	3.104136e+02
1.040000e-06	2.124914e-06	5.344829e-09	1.545385e+01	3.487322e+02
1.050000e-06	2.216649e-06	5.922349e-09	1.612101e+01	3.867557e+02
1.060000e-06	2.307648e-06	6.492036e-09	1.678281e+01	4.242495e+02
1.070000e-06	2.397646e-06	7.049004e-09	1.743734e+01	4.610057e+02
1.080000e-06	2.486552e-06	7.593301e-09	1.808393e+01	4.968520e+02
1.090000e-06	2.574491e-06	8.125232e-09	1.872348e+01	5.316554e+02
1.100000e-06	2.661512e-06	8.640764e-09	1.935636e+01	5.653222e+02
1.110000e-06	2.747648e-06	9.134901e-09	1.998280e+01	5.977935e+02
1.120000e-06	2.832924e-06	9.607548e-09	2.060298e+01	6.290393e+02
1.130000e-06	2.917358e-06	1.006234e-08	2.121705e+01	6.590513e+02
1.140000e-06	3.000914e-06	1.049865e-08	2.182472e+01	6.878362e+02
1.150000e-06	3.083441e-06	1.091549e-08	2.242492e+01	7.154106e+02
1.160000e-06	3.164851e-06	1.131484e-08	2.301699e+01	7.417977e+02
1.170000e-06	3.245043e-06	1.169885e-08	2.360020e+01	7.670258e+02
1.180000e-06	3.324058e-06	1.206710e-08	2.417485e+01	7.911277e+02
1.190000e-06	3.401934e-06	1.241816e-08	2.474122e+01	8.141403e+02
1.200000e-06	3.478640e-06	1.275134e-08	2.529908e+01	8.361048e+02
1.210000e-06	3.554100e-06	1.306944e-08	2.584788e+01	8.570654e+02
1.220000e-06	3.628035e-06	1.337343e-08	2.638558e+01	8.770678e+02
1.230000e-06	3.700422e-06	1.366329e-08	2.691204e+01	8.961576e+02
1.240000e-06	3.771478e-06	1.393830e-08	2.742880e+01	9.143784e+02
1.250000e-06	3.841236e-06	1.419909e-08	2.793613e+01	9.317707e+02
1.260000e-06	3.909753e-06	1.444871e-08	2.843444e+01	9.483717e+02
1.270000e-06	3.976965e-06	1.468849e-08	2.892325e+01	9.642155e+02
1.280000e-06	4.042536e-06	1.491829e-08	2.940012e+01	9.793344e+02
1.290000e-06	4.106416e-06	1.513721e-08	2.986470e+01	9.937597e+02
1.300000e-06	4.168884e-06	1.534598e-08	3.031902e+01	1.007522e+03
1.310000e-06	4.230010e-06	1.554306e-08	3.076356e+01	1.020652e+03
1.320000e-06	4.289823e-06	1.573100e-08	3.119856e+01	1.033180e+03
1.330000e-06	4.348103e-06	1.591021e-08	3.162242e+01	1.045132e+03
1.340000e-06	4.404640e-06	1.608370e-08	3.203360e+01	1.056531e+03
1.350000e-06	4.459583e-06	1.625047e-08	3.243318e+01	1.067396e+03
1.360000e-06	4.512951e-06	1.640944e-08	3.282131e+01	1.077740e+03
1.370000e-06	4.564509e-06	1.656201e-08	3.319628e+01	1.087574e+03
1.380000e-06	4.614052e-06	1.670545e-08	3.355659e+01	1.096903e+03
1.390000e-06	4.661705e-06	1.684025e-08	3.390315e+01	1.105735e+03
1.400000e-06	4.707716e-06	1.696632e-08	3.423777e+01	1.114080e+03
1.410000e-06	4.752248e-06	1.708537e-08	3.456164e+01	1.121949e+03
1.420000e-06	4.795164e-06	1.719936e-08	3.487375e+01	1.129359e+03
1.430000e-06	4.836201e-06	1.730823e-08	3.517221e+01	1.136330e+03
1.440000e-06	4.875483e-06	1.740812e-08	3.545789e+01	1.142883e+03
1.450000e-06	4.913153e-06	1.749896e-08	3.573185e+01	1.149039e+03
1.460000e-06	4.949314e-06	1.758595e-08	3.599484e+01	1.154818e+03
1.470000e-06	4.983754e-06	1.766978e-08	3.624531e+01	1.160236e+03
1.480000e-06	5.016228e-06	1.774646e-08	3.648149e+01	1.165305e+03
1.490000e-06	5.046968e-06	1.781642e-08	3.670505e+01	1.170034e+03
1.500000e-06	5.076087e-06	1.788438e-08	3.691682e+01	1.174429e+03
1.510000e-06	5.103574e-06	1.794893e-08	3.711673e+01	1.178498e+03
1.520000e-06	5.129152e-06	1.800602e-08	3.730275e+01	1.182245e+03
1.530000e-06	5.152671e-06	1.805531e-08	3.747380e+01	1.185676e+03
1.540000e-06	5.174330e-06	1.810115e-08	3.763132e+01	1.188796e+03
1.550000e-06	5.194348e-06	1.814587e-08	3.777690e+01	1.191608e+03
1.560000e-06	5.212569e-06	1.818654e-08	3.790942e+01	1.194111e+03
1.570000e-06	5.228788e-06	1.822022e-08	3.802737e+01	1.196306e+03
1.580000e-06	5.243091e-06	1.824959e-08	3.813139e+01	1.198188e+03
1.590000e-06	5.255450e-06	1.827300e-08	3.822128e+01	1.199755e+03
1.600000e-06	5.265629e-06	1.828811e-08	3.829531e+01	1.201007e+03
1.610000e-06	5.273703e-06	1.829814e-08	3.835402e+01	1.201952e+03
1.620000e-06	5.280012e-06	1.830781e-08	3.839991e+01	1.202601e+03
1.630000e-06	5.284663e-06	1.831888e-08	3.843374e+01	1.202976e+03
1.640000e-06	5.287493e-06	1.832551e-08	3.845431e+01	1.203100e+03
1.650000e-06	5.288275e-06	1.832892e-08	3.846000e+01	1.202999e+03
1.660000e-06	5.287200e-06	1.832394e-08	3.845218e+01	1.202692e+03
1.670000e-06	5.284479e-06	1.831145e-08	3.843239e+01	1.202192e+03
1.680000e-06	5.280159e-06	1.829955e-08	3.840097e+01	1.201498e+03
1.690000e-06	5.273970e-06	1.828315e-08	3.835596e+01	1.200597e+03
1.700000e-06	5.265903e-06	1.826550e-08	3.829729e+01	1.199467e+03
1.710000e-06	5.256312e-06	1.824969e-08	3.822754e+01	1.198082e+03
1.720000e-06	5.245106e-06	1.823422e-08	3.814605e+01	1.196422e+03
1.730000e-06	5.232081e-06	1.822400e-08	3.805132e+01	1.194477e+03
1.740000e-06	5.217066e-06	1.811837e-08	3.794212e+01	1.192258e+03
1.750000e-06	5.199764e-06	1.805820e-08	3.781629e+01	1.189791e+03
1.760000e-06	5.179953e-06	1.806591e-08	3.767221e+01	1.187123e+03
1.770000e-06	5.157696e-06	1.802036e-08	3.751034e+01	1.184311e+03
1.780000e-06	5.133842e-06	1.810155e-08	3.733686e+01	1.181409e+03
1.790000e-06	5.109349e-06	1.799065e-08	3.715873e+01	1.178463e+03
1.800000e-06	5.083699e-06	1.779073e-08	3.697218e+01	1.175499e+03
1.810000e-06	5.056065e-06	1.792028e-08	3.677121e+01	1.172512e+03
1.820000e-06	5.026763e-06	1.778486e-08	3.655811e+01	1.169471e+03
1.830000e-06	4.995687e-06	1.765847e-08	3.633210e+01	1.166323e+03
1.840000e-06	4.962471e-06	1.782388e-08	3.609053e+01	1.162995e+03
1.850000e-06	4.927639e-06	1.763105e-08	3.583720e+01	1.159415e+03
1.860000e-06	4.891246e-06	1.755839e-08	3.557253e+01	1.155518e+03
1.870000e-06	4.852900e-06	1.762545e-08	3.529365e+01	1.151258e+03
1.880000e-06	4.812764e-06	1.741455e-08	3.500175e+01	1.146613e+03
1.890000e-06	4.770834e-06	1.742815e-08	3.469681e+01	1.141586e+03
1.900000e-06	4.727264e-06	1.734902e-08	3.437994e+01	1.136200e+03
1.910000e-06	4.682158e-06	1.719915e-08	3.405190e+01	1.130491e+03
1.920000e-06	4.635127e-06	1.723082e-08	3.370986e+01	1.124498e+03
1.930000e-06	4.586467e-06	1.702274e-08	3.335596e+01	1.118255e+03
1.940000e-06	4.536217e-06	1.696165e-08	3.299051e+01	1.111782e+03
1.950000e-06	4.484064e-06	1.690565e-08	3.261122e+01	1.105089e+03
1.960000e-06	4.429965e-06	1.672350e-08	3.221777e+01	1.098171e+03
1.970000e-06	4.373971e-06	1.664639e-08	3.181055e+01	1.091014e+03
1.980000e-06	4.316431e-06	1.649632e-08	3.139208e+01	1.083604e+03
1.990000e-06	4.257468e-06	1.645156e-08	3.096326e+01	1.075928e+03
2.000000e-06	4.197131e-06	1.630971e-08	3.052445e+01	1.067982e+03
2.010000e-06	4.135305e-06	1.613787e-08	3.007480e+01	1.059768e+03
2.020000e-06	4.071736e-06	1.607734e-08	2.961249e+01	1.051295e+03
2.030000e-06	4.006647e-06	1.587500e-08	2.913912e+01	1.042573e+03
2.040000e-06	3.940182e-06	1.575719e-08	2.865573e+01	1.033613e+03
2.050000e-06	3.872444e-06	1.562566e-08	2.816309e+01	1.024419e+03
2.060000e-06	3.803369e-06	1.549377e-08	2.766074e+01	1.014989e+03
2.070000e-06	3.732702e-06	1.537029e-08	2.714680e+01	1.005314e+03
2.080000e-06	3.660593e-06	1.515725e-08	2.662237e+01	9.953815e+02
2.090000e-06	3.587231e-06	1.503830e-08	2.608883e+01	9.851783e+02
2.100000e-06	3.512636e-06	1.487933e-08	2.554632e+01	9.746933e+02
2.110000e-06	3.436694e-06	1.470613e-08	2.499402e+01	9.639208e+02
2.120000e-06	3.359292e-06	1.453315e-08	2.443110e+01	9.528606e+02
2.130000e-06	3.280492e-06	1.436434e-08	2.385801e+01	9.415172e+02
2.140000e-06	3.200439e-06	1.421367e-08	2.327581e+01	9.298971e+02
2.150000e-06	3.119315e-06	1.400492e-08	2.268582e+01	9.180050e+02
2.160000e-06	3.037140e-06	1.382880e-08	2.208819e+01	9.058411e+02
2.170000e-06	2.953983e-06	1.364726e-08	2.148341e+01	8.933994e+02
2.180000e-06	2.869859e-06	1.344967e-08	2.087160e+01	8.806682e+02
2.190000e-06	2.784586e-06	1.323870e-08	2.025144e+01	8.676316e+02
2.200000e-06	2.698153e-06	1.303722e-08	1.962284e+01	8.542730e+02
2.210000e-06	2.610663e-06	1.284732e-08	1.898655e+01	8.405788e+02
2.220000e-06	2.522233e-06	1.262146e-08	1.834343e+01	8.265407e+02
2.230000e-06	2.432909e-06	1.240055e-08	1.769380e+01	8.121577e+02
2.240000e-06	2.342715e-06	1.217926e-08	1.703785e+01	7.974351e+02
2.250000e-06	2.251795e-06	1.195247e-08	1.637662e+01	7.823822e+02
2.260000e-06	2.160276e-06	1.171005e-08	1.571103e+01	7.670093e+02
2.270000e-06	2.068054e-06	1.147024e-08	1.504032e+01	7.513237e+02
2.280000e-06	1.974986e-06	1.123718e-08	1.436347e+01	7.353278e+02
2.290000e-06	1.881070e-06	1.098534e-08	1.368044e+01	7.190169e+02
2.300000e-06	1.786403e-06	1.072525e-08	1.299196e+01	7.023806e+02
2.310000e-06	1.691069e-06	1.046588e-08	1.229863e+01	6.854045e+02
2.320000e-06	1.595150e-06	1.020472e-08	1.160103e+01	6.680731e+02
2.330000e-06	1.498686e-06	9.932934e-09	1.089949e+01	6.503729e+02
2.340000e-06	1.401735e-06	9.660660e-09	1.019439e+01	6.322947e+02
2.350000e-06	1.304386e-06	9.384361e-09	9.486401e+00	6.138341e+02
2.360000e-06	1.206619e-06	9.095442e-09	8.775368e+00	5.949909e+02
2.370000e-06	1.108451e-06	8.798043e-09	8.061423e+00	5.757675e+02
2.380000e-06	1.009978e-06	8.499256e-09	7.345262e+00	5.561657e+02
2.390000e-06	9.112143e-07	8.198367e-09	6.626982e+00	5.361853e+02
2.400000e-06	8.121794e-07	7.886190e-09	5.906732e+00	5.158218e+02
2.410000e-06	7.129441e-07	7.570159e-09	5.185024e+00	4.950664e+02
2.420000e-06	6.135381e-07	7.251251e-09	4.462075e+00	4.739070e+02
2.430000e-06	5.140051e-07	6.922520e-09	3.738201e+00	4.523297e+02
2.440000e-06	4.143726e-07	6.586730e-09	3.013605e+00	4.303215e+02
2.450000e-06	3.146226e-07	6.245431e-09	2.288154e+00	4.078716e+02
2.460000e-06	2.147476e-07	5.894730e-09	1.561794e+00	3.849726e+02
2.470000e-06	1.147454e-07	5.535483e-09	8.345080e-01	3.616202e+02
2.480000e-06	1.462213e-08	5.172570e-09	1.063423e-01	3.378117e+02
2.490000e-06	-8.552509e-08	4.807337e-09	-6.219978e-01	3.135441e+02
2.500000e-06	-1.856511e-07	4.433524e-09	-1.350183e+00	2.888108e+02
2.510000e-06	-2.857413e-07	4.047532e-09	-2.078109e+00	2.635995e+02
2.520000e-06	-3.857256e-07	3.654199e-09	-2.805264e+00	2.378898e+02
2.530000e-06	-4.856080e-07	3.251063e-09	-3.531678e+00	2.116516e+02
2.540000e-06	-5.853474e-07	2.840234e-09	-4.257052e+00	1.848449e+02
2.550000e-06	-6.848507e-07	2.425032e-09	-4.980709e+00	1.574194e+02
2.560000e-06	-7.841090e-07	1.997553e-09	-5.702584e+00	1.293158e+02
2.570000e-06	-8.831067e-07	1.554904e-09	-6.422564e+00	1.004674e+02
2.580000e-06	-9.818716e-07	1.098994e-09	-7.140851e+00	7.080335e+01
2.590000e-06	-1.080357e-06	6.335018e-10	-7.857106e+00	4.025294e+01
2.600000e-06	-1.178425e-06	1.548482e-10	-8.570322e+00	8.751404e+00
2.610000e-06	-1.276057e-06	-3.420511e-10	-9.280370e+00	-2.375254e+01
2.620000e-06	-1.373212e-06	-8.544755e-10	-9.986951e+00	-5.728824e+01
2.630000e-06	-1.469919e-06	-1.382355e-09	-1.069027e+01	-9.185428e+01
2.640000e-06	-1.566251e-06	-1.926932e-09	-1.139086e+01	-1.274106e+02
2.650000e-06	-1.662106e-06	-2.485284e-09	-1.208799e+01	-1.638730e+02
2.660000e-06	-1.757344e-06	-3.053363e-09	-1.278063e+01	-2.011106e+02
2.670000e-06	-1.851844e-06	-3.632533e-09	-1.346789e+01	-2.389487e+02
2.680000e-06	-1.945496e-06	-4.218547e-09	-1.414900e+01	-2.771752e+02
2.690000e-06	-2.038289e-06	-4.803452e-09	-1.482385e+01	-3.155520e+02
2.700000e-06	-2.130278e-06	-5.385394e-09	-1.549286e+01	-3.538289e+02
2.710000e-06	-2.221507e-06	-5.964244e-09	-1.615634e+01	-3.917587e+02
2.720000e-06	-2.311937e-06	-6.538094e-09	-1.681401e+01	-4.291116e+02
2.730000e-06	-2.401515e-06	-7.100340e-09	-1.746548e+01	-4.656868e+02
2.740000e-06	-2.490306e-06	-7.646738e-09	-1.811123e+01	-5.013202e+02
2.750000e-06	-2.578364e-06	-8.177008e-09	-1.875165e+01	-5.358875e+02
2.760000e-06	-2.665639e-06	-8.687922e-09	-1.938637e+01	-5.693028e+02
2.770000e-06	-2.751918e-06	-9.177726e-09	-2.001386e+01	-6.015140e+02
2.780000e-06	-2.837057e-06	-9.651447e-09	-2.063304e+01	-6.324963e+02
2.790000e-06	-2.921159e-06	-1.010900e-08	-2.124469e+01	-6.622452e+02
2.800000e-06	-3.004290e-06	-1.054784e-08	-2.184928e+01	-6.907698e+02
2.810000e-06	-3.086396e-06	-1.096607e-08	-2.244641e+01	-7.180884e+02
2.820000e-06	-3.167496e-06	-1.136406e-08	-2.303622e+01	-7.442255e+02
2.830000e-06	-3.247616e-06	-1.174383e-08	-2.361892e+01	-7.692101e+02
2.840000e-06	-3.326548e-06	-1.210748e-08	-2.419296e+01	-7.930761e+02
2.850000e-06	-3.403999e-06	-1.245977e-08	-2.475624e+01	-8.158613e+02
2.860000e-06	-3.479987e-06	-1.279785e-08	-2.530888e+01	-8.376077e+02
2.870000e-06	-3.554651e-06	-1.311692e-08	-2.585189e+01	-8.583598e+02
2.880000e-06	-3.628030e-06	-1.341929e-08	-2.638555e+01	-8.781637e+02
2.890000e-06	-3.700190e-06	-1.370958e-08	-2.691035e+01	-8.970645e+02
2.900000e-06	-3.771017e-06	-1.398642e-08	-2.742545e+01	-9.151053e+02
2.910000e-06	-3.840327e-06	-1.424808e-08	-2.792952e+01	-9.323258e+02
2.920000e-06	-3.908195e-06	-1.449773e-08	-2.842310e+01	-9.487625e+02
2.930000e-06	-3.974742e-06	-1.473880e-08	-2.890708e+01	-9.644492e+02
2.940000e-06	-4.039957e-06	-1.497099e-08	-2.938137e+01	-9.794176e+02
2.950000e-06	-4.103799e-06	-1.519423e-08	-2.984567e+01	-9.936990e+02
2.960000e-06	-4.166080e-06	-1.540793e-08	-3.029862e+01	-1.007324e+03
2.970000e-06	-4.226666e-06	-1.561036e-08	-3.073925e+01	-1.020324e+03
2.980000e-06	-4.285783e-06	-1.580117e-08	-3.116918e+01	-1.032726e+03
2.990000e-06	-4.343502e-06	-1.598062e-08	-3.158896e+01	-1.044559e+03
3.000000e-06	-4.399727e-06	-1.615124e-08	-3.199786e+01	-1.055843e+03
3.010000e-06	-4.454236e-06	-1.631338e-08	-3.239429e+01	-1.066596e+03
3.020000e-06	-4.506779e-06	-1.646621e-08	-3.277642e+01	-1.076831e+03
3.030000e-06	-4.557545e-06	-1.661459e-08	-3.314563e+01	-1.086557e+03
3.040000e-06	-4.606451e-06	-1.675770e-08	-3.350130e+01	-1.095780e+03
3.050000e-06	-4.653433e-06	-1.689209e-08	-3.384299e+01	-1.104508e+03
3.060000e-06	-4.698880e-06	-1.701598e-08	-3.417351e+01	-1.112750e+03
3.070000e-06	-4.742926e-06	-1.713398e-08	-3.449384e+01	-1.120520e+03
3.080000e-06	-4.785510e-06	-1.724696e-08	-3.480355e+01	-1.127835e+03
3.090000e-06	-4.826562e-06	-1.735284e-08	-3.510210e+01	-1.134715e+03
3.100000e-06	-4.865969e-06	-1.745128e-08	-3.538870e+01	-1.141182e+03
3.110000e-06	-4.903535e-06	-1.754299e-08	-3.566190e+01	-1.147257e+03
3.120000e-06	-4.939289e-06	-1.762894e-08	-3.592193e+01	-1.152958e+03
3.130000e-06	-4.973382e-06	-1.770939e-08	-3.616988e+01	-1.158301e+03
3.140000e-06	-5.005804e-06	-1.778670e-08	-3.640568e+01	-1.163297e+03
3.150000e-06	-5.036338e-06	-1.785822e-08	-3.662774e+01	-1.167955e+03
3.160000e-06	-5.064984e-06	-1.792527e-08	-3.683608e+01	-1.172281e+03
3.170000e-06	-5.091889e-06	-1.798682e-08	-3.703175e+01	-1.176281e+03
3.180000e-06	-5.117053e-06	-1.804278e-08	-3.721476e+01	-1.179961e+03
3.190000e-06	-5.140398e-06	-1.809359e-08	-3.738453e+01	-1.183326e+03
3.200000e-06	-5.161752e-06	-1.814138e-08	-3.753984e+01	-1.186380e+03
3.210000e-06	-5.181307e-06	-1.818425e-08	-3.768206e+01	-1.189126e+03
3.220000e-06	-5.199151e-06	-1.822020e-08	-3.781183e+01	-1.191565e+03
3.230000e-06	-5.215169e-06	-1.825310e-08	-3.792832e+01	-1.193693e+03
3.240000e-06	-5.229080e-06	-1.828285e-08	-3.802949e+01	-1.195509e+03
3.250000e-06	-5.240798e-06	-1.830610e-08	-3.811472e+01	-1.197009e+03
3.260000e-06	-5.250633e-06	-1.832245e-08	-3.818624e+01	-1.198195e+03
3.270000e-06	-5.258704e-06	-1.833385e-08	-3.824494e+01	-1.199076e+03
3.280000e-06	-5.264826e-06	-1.834198e-08	-3.828946e+01	-1.199666e+03
3.290000e-06	-5.268941e-06	-1.834719e-08	-3.831939e+01	-1.199985e+03
3.300000e-06	-5.271299e-06	-1.834693e-08	-3.833654e+01	-1.200060e+03
3.310000e-06	-5.271996e-06	-1.834320e-08	-3.834161e+01	-1.199914e+03
