# Temperatura_=_83.15
# Concentracion g/m^3_=_26700.0
# C_Vs_to_Am_M_A/Vsm_=_65563218390.804596
# pendiente_HvsI_1/m_=_3716.3
# ordenada_HvsI_A/m_=_1297.0
# frecuencia_Hz_=_302476.69219084416

Tiempo_(s)	Campo_(V.s)	Magnetizacion_(V.s)	Campo_(kA/m)	Magnetizacion_(A/m)
0.000000e+00	-7.885526e-06	-2.660793e-08	-5.687219e+01	-1.742321e+03
1.000000e-08	-7.883288e-06	-2.660623e-08	-5.685605e+01	-1.741794e+03
2.000000e-08	-7.878386e-06	-2.658934e-08	-5.682069e+01	-1.741034e+03
3.000000e-08	-7.870946e-06	-2.656941e-08	-5.676703e+01	-1.740018e+03
4.000000e-08	-7.860762e-06	-2.654970e-08	-5.669358e+01	-1.738727e+03
5.000000e-08	-7.847737e-06	-2.652469e-08	-5.659964e+01	-1.737147e+03
6.000000e-08	-7.831879e-06	-2.648835e-08	-5.648527e+01	-1.735272e+03
7.000000e-08	-7.813452e-06	-2.643765e-08	-5.635237e+01	-1.733109e+03
8.000000e-08	-7.792772e-06	-2.639476e-08	-5.620322e+01	-1.730676e+03
9.000000e-08	-7.769458e-06	-2.644499e-08	-5.603508e+01	-1.728000e+03
1.000000e-07	-7.743008e-06	-2.640940e-08	-5.584432e+01	-1.725117e+03
1.100000e-07	-7.713480e-06	-2.631076e-08	-5.563135e+01	-1.722066e+03
1.200000e-07	-7.681126e-06	-2.625962e-08	-5.539801e+01	-1.718891e+03
1.300000e-07	-7.646078e-06	-2.621186e-08	-5.514524e+01	-1.715626e+03
1.400000e-07	-7.608606e-06	-2.611469e-08	-5.487498e+01	-1.712294e+03
1.500000e-07	-7.569021e-06	-2.599606e-08	-5.458948e+01	-1.708898e+03
1.600000e-07	-7.527151e-06	-2.607923e-08	-5.428751e+01	-1.705418e+03
1.700000e-07	-7.482600e-06	-2.594970e-08	-5.396619e+01	-1.701806e+03
1.800000e-07	-7.435335e-06	-2.586511e-08	-5.362531e+01	-1.697992e+03
1.900000e-07	-7.385193e-06	-2.588876e-08	-5.326367e+01	-1.693890e+03
2.000000e-07	-7.332089e-06	-2.567797e-08	-5.288067e+01	-1.689413e+03
2.100000e-07	-7.276287e-06	-2.562807e-08	-5.247822e+01	-1.684485e+03
2.200000e-07	-7.217809e-06	-2.554249e-08	-5.205646e+01	-1.679053e+03
2.300000e-07	-7.156703e-06	-2.543791e-08	-5.161575e+01	-1.673103e+03
2.400000e-07	-7.093001e-06	-2.536963e-08	-5.115632e+01	-1.666654e+03
2.500000e-07	-7.026555e-06	-2.523415e-08	-5.067709e+01	-1.659760e+03
2.600000e-07	-6.957455e-06	-2.517216e-08	-5.017873e+01	-1.652495e+03
2.700000e-07	-6.885698e-06	-2.504916e-08	-4.966120e+01	-1.644933e+03
2.800000e-07	-6.811165e-06	-2.491906e-08	-4.912365e+01	-1.637138e+03
2.900000e-07	-6.733913e-06	-2.477572e-08	-4.856649e+01	-1.629142e+03
3.000000e-07	-6.653976e-06	-2.467807e-08	-4.798997e+01	-1.620945e+03
3.100000e-07	-6.571514e-06	-2.457686e-08	-4.739524e+01	-1.612512e+03
3.200000e-07	-6.486841e-06	-2.438190e-08	-4.678456e+01	-1.603786e+03
3.300000e-07	-6.399939e-06	-2.427318e-08	-4.615780e+01	-1.594701e+03
3.400000e-07	-6.310727e-06	-2.412390e-08	-4.551438e+01	-1.585202e+03
3.500000e-07	-6.219239e-06	-2.396131e-08	-4.485455e+01	-1.575257e+03
3.600000e-07	-6.125484e-06	-2.379057e-08	-4.417837e+01	-1.564864e+03
3.700000e-07	-6.029518e-06	-2.363813e-08	-4.348624e+01	-1.554048e+03
3.800000e-07	-5.931294e-06	-2.349698e-08	-4.277783e+01	-1.542855e+03
3.900000e-07	-5.830922e-06	-2.331363e-08	-4.205392e+01	-1.531331e+03
4.000000e-07	-5.728546e-06	-2.313372e-08	-4.131556e+01	-1.519512e+03
4.100000e-07	-5.624194e-06	-2.293623e-08	-4.056295e+01	-1.507407e+03
4.200000e-07	-5.517855e-06	-2.276182e-08	-3.979601e+01	-1.494999e+03
4.300000e-07	-5.409549e-06	-2.254930e-08	-3.901488e+01	-1.482240e+03
4.400000e-07	-5.299308e-06	-2.234308e-08	-3.821980e+01	-1.469071e+03
4.500000e-07	-5.187099e-06	-2.214270e-08	-3.741053e+01	-1.455429e+03
4.600000e-07	-5.072961e-06	-2.193395e-08	-3.658733e+01	-1.441270e+03
4.700000e-07	-4.956844e-06	-2.170130e-08	-3.574987e+01	-1.426571e+03
4.800000e-07	-4.838750e-06	-2.146268e-08	-3.489815e+01	-1.411336e+03
4.900000e-07	-4.718857e-06	-2.124334e-08	-3.403346e+01	-1.395593e+03
5.000000e-07	-4.597370e-06	-2.100039e-08	-3.315727e+01	-1.379375e+03
5.100000e-07	-4.474237e-06	-2.074141e-08	-3.226920e+01	-1.362710e+03
5.200000e-07	-4.349409e-06	-2.047280e-08	-3.136892e+01	-1.345606e+03
5.300000e-07	-4.222978e-06	-2.021816e-08	-3.045706e+01	-1.328045e+03
5.400000e-07	-4.094984e-06	-1.993831e-08	-2.953395e+01	-1.309984e+03
5.500000e-07	-3.965535e-06	-1.964498e-08	-2.860033e+01	-1.291363e+03
5.600000e-07	-3.834626e-06	-1.935568e-08	-2.765618e+01	-1.272122e+03
5.700000e-07	-3.702219e-06	-1.905767e-08	-2.670123e+01	-1.252215e+03
5.800000e-07	-3.568389e-06	-1.873659e-08	-2.573603e+01	-1.231618e+03
5.900000e-07	-3.433176e-06	-1.840462e-08	-2.476084e+01	-1.210336e+03
6.000000e-07	-3.296672e-06	-1.808449e-08	-2.377634e+01	-1.188395e+03
6.100000e-07	-3.159002e-06	-1.774740e-08	-2.278343e+01	-1.165828e+03
6.200000e-07	-3.019997e-06	-1.738998e-08	-2.178090e+01	-1.142659e+03
6.300000e-07	-2.879563e-06	-1.702388e-08	-2.076805e+01	-1.118888e+03
6.400000e-07	-2.737963e-06	-1.665627e-08	-1.974681e+01	-1.094482e+03
6.500000e-07	-2.595389e-06	-1.626797e-08	-1.871853e+01	-1.069375e+03
6.600000e-07	-2.451937e-06	-1.586594e-08	-1.768392e+01	-1.043481e+03
6.700000e-07	-2.307624e-06	-1.545911e-08	-1.664311e+01	-1.016708e+03
6.800000e-07	-2.162377e-06	-1.503593e-08	-1.559555e+01	-9.889797e+02
6.900000e-07	-2.016355e-06	-1.459540e-08	-1.454240e+01	-9.602460e+02
7.000000e-07	-1.869683e-06	-1.414296e-08	-1.348457e+01	-9.304911e+02
7.100000e-07	-1.722407e-06	-1.368580e-08	-1.242239e+01	-8.997253e+02
7.200000e-07	-1.574619e-06	-1.320537e-08	-1.135650e+01	-8.679692e+02
7.300000e-07	-1.426343e-06	-1.270497e-08	-1.028711e+01	-8.352330e+02
7.400000e-07	-1.277647e-06	-1.219025e-08	-9.214679e+00	-8.014972e+02
7.500000e-07	-1.128539e-06	-1.165854e-08	-8.139278e+00	-7.667029e+02
7.600000e-07	-9.790811e-07	-1.110920e-08	-7.061353e+00	-7.307542e+02
7.700000e-07	-8.293370e-07	-1.054197e-08	-5.981365e+00	-6.935342e+02
7.800000e-07	-6.792590e-07	-9.954145e-09	-4.898969e+00	-6.549315e+02
7.900000e-07	-5.289327e-07	-9.338126e-09	-3.814781e+00	-6.148669e+02
8.000000e-07	-3.784301e-07	-8.704169e-09	-2.729323e+00	-5.733132e+02
8.100000e-07	-2.277838e-07	-8.054574e-09	-1.642828e+00	-5.302986e+02
8.200000e-07	-7.701550e-08	-7.386349e-09	-5.554531e-01	-4.858885e+02
8.300000e-07	7.384101e-08	-6.693255e-09	5.325580e-01	-4.401482e+02
8.400000e-07	2.246740e-07	-5.977606e-09	1.620399e+00	-3.930925e+02
8.500000e-07	3.754622e-07	-5.236107e-09	2.707917e+00	-3.446357e+02
8.600000e-07	5.261520e-07	-4.463465e-09	3.794727e+00	-2.945563e+02
8.700000e-07	6.766700e-07	-3.663738e-09	4.880296e+00	-2.424895e+02
8.800000e-07	8.269971e-07	-2.831158e-09	5.964489e+00	-1.879579e+02
8.900000e-07	9.770775e-07	-1.954408e-09	7.046902e+00	-1.304370e+02
9.000000e-07	1.126860e-06	-1.025260e-09	8.127165e+00	-6.945178e+01
9.100000e-07	1.276294e-06	-4.522849e-11	9.204921e+00	-4.683647e+00
9.200000e-07	1.425273e-06	9.916269e-10	1.027939e+01	6.392955e+01
9.300000e-07	1.573760e-06	2.087956e-09	1.135031e+01	1.361237e+02
9.400000e-07	1.721677e-06	3.236994e-09	1.241712e+01	2.112840e+02
9.500000e-07	1.868905e-06	4.421873e-09	1.347896e+01	2.884753e+02
9.600000e-07	2.015415e-06	5.620261e-09	1.453562e+01	3.665229e+02
9.700000e-07	2.161245e-06	6.808953e-09	1.558738e+01	4.441327e+02
9.800000e-07	2.306335e-06	7.962989e-09	1.663380e+01	5.200296e+02
9.900000e-07	2.450512e-06	9.068424e-09	1.767364e+01	5.930897e+02
1.000000e-06	2.593671e-06	1.011417e-08	1.870614e+01	6.624452e+02
1.010000e-06	2.735815e-06	1.109668e-08	1.973132e+01	7.275439e+02
1.020000e-06	2.876931e-06	1.201225e-08	2.074907e+01	7.881598e+02
1.030000e-06	3.016865e-06	1.286612e-08	2.175831e+01	8.443540e+02
1.040000e-06	3.155494e-06	1.365984e-08	2.275813e+01	8.964022e+02
1.050000e-06	3.292883e-06	1.439572e-08	2.374901e+01	9.447040e+02
1.060000e-06	3.429073e-06	1.508288e-08	2.473125e+01	9.896943e+02
1.070000e-06	3.563922e-06	1.572525e-08	2.570381e+01	1.031773e+03
1.080000e-06	3.697470e-06	1.632354e-08	2.666698e+01	1.071263e+03
1.090000e-06	3.829772e-06	1.688014e-08	2.762118e+01	1.108398e+03
1.100000e-06	3.960620e-06	1.740600e-08	2.856488e+01	1.143337e+03
1.110000e-06	4.090046e-06	1.790163e-08	2.949833e+01	1.176196e+03
1.120000e-06	4.218153e-06	1.836772e-08	3.042227e+01	1.207078e+03
1.130000e-06	4.344783e-06	1.880743e-08	3.133555e+01	1.236102e+03
1.140000e-06	4.469924e-06	1.922356e-08	3.223809e+01	1.263416e+03
1.150000e-06	4.593497e-06	1.961836e-08	3.312933e+01	1.289193e+03
1.160000e-06	4.715405e-06	1.999103e-08	3.400856e+01	1.313616e+03
1.170000e-06	4.835707e-06	2.034542e-08	3.487620e+01	1.336856e+03
1.180000e-06	4.954283e-06	2.068579e-08	3.573140e+01	1.359053e+03
1.190000e-06	5.070986e-06	2.100976e-08	3.657309e+01	1.380304e+03
1.200000e-06	5.185700e-06	2.131828e-08	3.740043e+01	1.400658e+03
1.210000e-06	5.298409e-06	2.161450e-08	3.821331e+01	1.420132e+03
1.220000e-06	5.409136e-06	2.189687e-08	3.901190e+01	1.438725e+03
1.230000e-06	5.517973e-06	2.216408e-08	3.979686e+01	1.456437e+03
1.240000e-06	5.624871e-06	2.241843e-08	4.056783e+01	1.473285e+03
1.250000e-06	5.729681e-06	2.266213e-08	4.132375e+01	1.489311e+03
1.260000e-06	5.832425e-06	2.289529e-08	4.206476e+01	1.504581e+03
1.270000e-06	5.933109e-06	2.311871e-08	4.279092e+01	1.519171e+03
1.280000e-06	6.031523e-06	2.333256e-08	4.350070e+01	1.533160e+03
1.290000e-06	6.127560e-06	2.353533e-08	4.419334e+01	1.546607e+03
1.300000e-06	6.221406e-06	2.373059e-08	4.487018e+01	1.559549e+03
1.310000e-06	6.313092e-06	2.392015e-08	4.553144e+01	1.571997e+03
1.320000e-06	6.402523e-06	2.410029e-08	4.617643e+01	1.583940e+03
1.330000e-06	6.489638e-06	2.427054e-08	4.680473e+01	1.595359e+03
1.340000e-06	6.574514e-06	2.443484e-08	4.741687e+01	1.606236e+03
1.350000e-06	6.657136e-06	2.459453e-08	4.801276e+01	1.616570e+03
1.360000e-06	6.737325e-06	2.474611e-08	4.859110e+01	1.626374e+03
1.370000e-06	6.815030e-06	2.488826e-08	4.915153e+01	1.635684e+03
1.380000e-06	6.890135e-06	2.502460e-08	4.969321e+01	1.644542e+03
1.390000e-06	6.962592e-06	2.515683e-08	5.021578e+01	1.652990e+03
1.400000e-06	7.032561e-06	2.528114e-08	5.072041e+01	1.661060e+03
1.410000e-06	7.100094e-06	2.539866e-08	5.120747e+01	1.668765e+03
1.420000e-06	7.165075e-06	2.551211e-08	5.167613e+01	1.676100e+03
1.430000e-06	7.227523e-06	2.562013e-08	5.212652e+01	1.683043e+03
1.440000e-06	7.287593e-06	2.572001e-08	5.255976e+01	1.689570e+03
1.450000e-06	7.345100e-06	2.581255e-08	5.297451e+01	1.695660e+03
1.460000e-06	7.399886e-06	2.589890e-08	5.336964e+01	1.701310e+03
1.470000e-06	7.451840e-06	2.597807e-08	5.374435e+01	1.706531e+03
1.480000e-06	7.500795e-06	2.605079e-08	5.409742e+01	1.711357e+03
1.490000e-06	7.546912e-06	2.611787e-08	5.443003e+01	1.715830e+03
1.500000e-06	7.590378e-06	2.618311e-08	5.474352e+01	1.719994e+03
1.510000e-06	7.631095e-06	2.624622e-08	5.503717e+01	1.723886e+03
1.520000e-06	7.669043e-06	2.630412e-08	5.531086e+01	1.727522e+03
1.530000e-06	7.704383e-06	2.635551e-08	5.556574e+01	1.730901e+03
1.540000e-06	7.737021e-06	2.640190e-08	5.580113e+01	1.734001e+03
1.550000e-06	7.766922e-06	2.644488e-08	5.601679e+01	1.736790e+03
1.560000e-06	7.794079e-06	2.648246e-08	5.621265e+01	1.739235e+03
1.570000e-06	7.818321e-06	2.651447e-08	5.638749e+01	1.741310e+03
1.580000e-06	7.839745e-06	2.654140e-08	5.654200e+01	1.743006e+03
1.590000e-06	7.858483e-06	2.656295e-08	5.667715e+01	1.744332e+03
1.600000e-06	7.874394e-06	2.657712e-08	5.679190e+01	1.745313e+03
1.610000e-06	7.887302e-06	2.658695e-08	5.688500e+01	1.745986e+03
1.620000e-06	7.897051e-06	2.659654e-08	5.695531e+01	1.746391e+03
1.630000e-06	7.903770e-06	2.660316e-08	5.700377e+01	1.746561e+03
1.640000e-06	7.907778e-06	2.660565e-08	5.703267e+01	1.746518e+03
1.650000e-06	7.909002e-06	2.660636e-08	5.704150e+01	1.746271e+03
1.660000e-06	7.907469e-06	2.659495e-08	5.703044e+01	1.745813e+03
1.670000e-06	7.903387e-06	2.658060e-08	5.700100e+01	1.745130e+03
1.680000e-06	7.896652e-06	2.656614e-08	5.695243e+01	1.744198e+03
1.690000e-06	7.887244e-06	2.654679e-08	5.688458e+01	1.742997e+03
1.700000e-06	7.875121e-06	2.652428e-08	5.679714e+01	1.741509e+03
1.710000e-06	7.860193e-06	2.650635e-08	5.668948e+01	1.739728e+03
1.720000e-06	7.842784e-06	2.650291e-08	5.656392e+01	1.737656e+03
1.730000e-06	7.823093e-06	2.646286e-08	5.642190e+01	1.735307e+03
1.740000e-06	7.800678e-06	2.633428e-08	5.626024e+01	1.732704e+03
1.750000e-06	7.774880e-06	2.632457e-08	5.607418e+01	1.729883e+03
1.760000e-06	7.745478e-06	2.630671e-08	5.586213e+01	1.726881e+03
1.770000e-06	7.713010e-06	2.622877e-08	5.562796e+01	1.723740e+03
1.780000e-06	7.678192e-06	2.619880e-08	5.537685e+01	1.720500e+03
1.790000e-06	7.641263e-06	2.624631e-08	5.511050e+01	1.717187e+03
1.800000e-06	7.602321e-06	2.606864e-08	5.482965e+01	1.713813e+03
1.810000e-06	7.561128e-06	2.603256e-08	5.453255e+01	1.710363e+03
1.820000e-06	7.517326e-06	2.609075e-08	5.421665e+01	1.706799e+03
1.830000e-06	7.470974e-06	2.588150e-08	5.388235e+01	1.703058e+03
1.840000e-06	7.421825e-06	2.600639e-08	5.352787e+01	1.699058e+03
1.850000e-06	7.369772e-06	2.590235e-08	5.315245e+01	1.694710e+03
1.860000e-06	7.314885e-06	2.584409e-08	5.275660e+01	1.689933e+03
1.870000e-06	7.257171e-06	2.582747e-08	5.234035e+01	1.684665e+03
1.880000e-06	7.196928e-06	2.558293e-08	5.190586e+01	1.678880e+03
1.890000e-06	7.133982e-06	2.558938e-08	5.145188e+01	1.672587e+03
1.900000e-06	7.068217e-06	2.542092e-08	5.097757e+01	1.665828e+03
1.910000e-06	6.999720e-06	2.535010e-08	5.048356e+01	1.658673e+03
1.920000e-06	6.928453e-06	2.526088e-08	4.996956e+01	1.651198e+03
1.930000e-06	6.854596e-06	2.511131e-08	4.943688e+01	1.643472e+03
1.940000e-06	6.778089e-06	2.504374e-08	4.888510e+01	1.635538e+03
1.950000e-06	6.698878e-06	2.482530e-08	4.831381e+01	1.627407e+03
1.960000e-06	6.617088e-06	2.477541e-08	4.772393e+01	1.619055e+03
1.970000e-06	6.532863e-06	2.460636e-08	4.711648e+01	1.610429e+03
1.980000e-06	6.446236e-06	2.446808e-08	4.649170e+01	1.601465e+03
1.990000e-06	6.357259e-06	2.434608e-08	4.584998e+01	1.592104e+03
2.000000e-06	6.266110e-06	2.417981e-08	4.519259e+01	1.582303e+03
2.010000e-06	6.172772e-06	2.405646e-08	4.451942e+01	1.572052e+03
2.020000e-06	6.077181e-06	2.384822e-08	4.382999e+01	1.561367e+03
2.030000e-06	5.979383e-06	2.370467e-08	4.312465e+01	1.550289e+03
2.040000e-06	5.879505e-06	2.350920e-08	4.240431e+01	1.538866e+03
2.050000e-06	5.777582e-06	2.335189e-08	4.166922e+01	1.527138e+03
2.060000e-06	5.673607e-06	2.316187e-08	4.091933e+01	1.515125e+03
2.070000e-06	5.567658e-06	2.297929e-08	4.015520e+01	1.502818e+03
2.080000e-06	5.459801e-06	2.279488e-08	3.937731e+01	1.490177e+03
2.090000e-06	5.350090e-06	2.257537e-08	3.858605e+01	1.477146e+03
2.100000e-06	5.238419e-06	2.236469e-08	3.778066e+01	1.463661e+03
2.110000e-06	5.124710e-06	2.214671e-08	3.696056e+01	1.449671e+03
2.120000e-06	5.009064e-06	2.194564e-08	3.612650e+01	1.435146e+03
2.130000e-06	4.891525e-06	2.170971e-08	3.527878e+01	1.420081e+03
2.140000e-06	4.772049e-06	2.147498e-08	3.441709e+01	1.404497e+03
2.150000e-06	4.650779e-06	2.122541e-08	3.354246e+01	1.388427e+03
2.160000e-06	4.527763e-06	2.098120e-08	3.265524e+01	1.371903e+03
2.170000e-06	4.403058e-06	2.070879e-08	3.175585e+01	1.354940e+03
2.180000e-06	4.276835e-06	2.044514e-08	3.084550e+01	1.337528e+03
2.190000e-06	4.149028e-06	2.017742e-08	2.992372e+01	1.319633e+03
2.200000e-06	4.019710e-06	1.989023e-08	2.899105e+01	1.301198e+03
2.210000e-06	3.888890e-06	1.958521e-08	2.804755e+01	1.282162e+03
2.220000e-06	3.756596e-06	1.928559e-08	2.709341e+01	1.262472e+03
2.230000e-06	3.623021e-06	1.899150e-08	2.613004e+01	1.242097e+03
2.240000e-06	3.488191e-06	1.867000e-08	2.515761e+01	1.221032e+03
2.250000e-06	3.351972e-06	1.833590e-08	2.417517e+01	1.199299e+03
2.260000e-06	3.214389e-06	1.799615e-08	2.318290e+01	1.176929e+03
2.270000e-06	3.075589e-06	1.765087e-08	2.218184e+01	1.153951e+03
2.280000e-06	2.935627e-06	1.728455e-08	2.117240e+01	1.130375e+03
2.290000e-06	2.794570e-06	1.691772e-08	2.015507e+01	1.106178e+03
2.300000e-06	2.652506e-06	1.653936e-08	1.913047e+01	1.081305e+03
2.310000e-06	2.509471e-06	1.614129e-08	1.809887e+01	1.055673e+03
2.320000e-06	2.365444e-06	1.572771e-08	1.706011e+01	1.029191e+03
2.330000e-06	2.220520e-06	1.531295e-08	1.601489e+01	1.001776e+03
2.340000e-06	2.074899e-06	1.488873e-08	1.496464e+01	9.733677e+02
2.350000e-06	1.928617e-06	1.444067e-08	1.390962e+01	9.439402e+02
2.360000e-06	1.781639e-06	1.397830e-08	1.284958e+01	9.134964e+02
2.370000e-06	1.634062e-06	1.350312e-08	1.178522e+01	8.820558e+02
2.380000e-06	1.485965e-06	1.300771e-08	1.071711e+01	8.496343e+02
2.390000e-06	1.337389e-06	1.249331e-08	9.645550e+00	8.162235e+02
2.400000e-06	1.188392e-06	1.196347e-08	8.570950e+00	7.817776e+02
2.410000e-06	1.038992e-06	1.141438e-08	7.493442e+00	7.462113e+02
2.420000e-06	8.892735e-07	1.084446e-08	6.413640e+00	7.094122e+02
2.430000e-06	7.393336e-07	1.025782e-08	5.332240e+00	6.712639e+02
2.440000e-06	5.892010e-07	9.658904e-09	4.249450e+00	6.316742e+02
2.450000e-06	4.389124e-07	9.039248e-09	3.165535e+00	5.905978e+02
2.460000e-06	2.884722e-07	8.393381e-09	2.080526e+00	5.480461e+02
2.470000e-06	1.379060e-07	7.724652e-09	9.946089e-01	5.040757e+02
2.480000e-06	-1.271762e-08	7.034835e-09	-9.172232e-02	4.587570e+02
2.490000e-06	-1.633972e-07	6.323999e-09	-1.178457e+00	4.121270e+02
2.500000e-06	-3.140378e-07	5.590729e-09	-2.264911e+00	3.641371e+02
2.510000e-06	-4.645677e-07	4.829978e-09	-3.350567e+00	3.146116e+02
2.520000e-06	-6.150116e-07	4.035866e-09	-4.435602e+00	2.632305e+02
2.530000e-06	-7.652691e-07	3.208345e-09	-5.519292e+00	2.095470e+02
2.540000e-06	-9.153059e-07	2.344567e-09	-6.601392e+00	1.530426e+02
2.550000e-06	-1.065066e-06	1.437591e-09	-7.681496e+00	9.321457e+01
2.560000e-06	-1.214487e-06	4.790157e-10	-8.759151e+00	2.968248e+01
2.570000e-06	-1.363494e-06	-5.378556e-10	-9.833823e+00	-3.770772e+01
2.580000e-06	-1.512008e-06	-1.615013e-09	-1.090494e+01	-1.088018e+02
2.590000e-06	-1.660033e-06	-2.749524e-09	-1.197253e+01	-1.830973e+02
2.600000e-06	-1.807435e-06	-3.926474e-09	-1.303563e+01	-2.597553e+02
2.610000e-06	-1.954088e-06	-5.127143e-09	-1.409332e+01	-3.376665e+02
2.620000e-06	-2.100051e-06	-6.329877e-09	-1.514604e+01	-4.155605e+02
2.630000e-06	-2.245318e-06	-7.507964e-09	-1.619374e+01	-4.921411e+02
2.640000e-06	-2.389685e-06	-8.638592e-09	-1.723495e+01	-5.662224e+02
2.650000e-06	-2.532931e-06	-9.710943e-09	-1.826806e+01	-6.368454e+02
2.660000e-06	-2.675106e-06	-1.072129e-08	-1.929346e+01	-7.033531e+02
2.670000e-06	-2.816317e-06	-1.166510e-08	-2.031191e+01	-7.654166e+02
2.680000e-06	-2.956402e-06	-1.254613e-08	-2.132223e+01	-8.230113e+02
2.690000e-06	-3.095315e-06	-1.336921e-08	-2.232410e+01	-8.763534e+02
2.700000e-06	-3.233111e-06	-1.413383e-08	-2.331792e+01	-9.258127e+02
2.710000e-06	-3.369725e-06	-1.484208e-08	-2.430322e+01	-9.718217e+02
2.720000e-06	-3.504959e-06	-1.550412e-08	-2.527855e+01	-1.014798e+03
2.730000e-06	-3.638861e-06	-1.612748e-08	-2.624428e+01	-1.055091e+03
2.740000e-06	-3.771543e-06	-1.670981e-08	-2.720121e+01	-1.092963e+03
2.750000e-06	-3.902874e-06	-1.725430e-08	-2.814841e+01	-1.128595e+03
2.760000e-06	-4.032887e-06	-1.776586e-08	-2.908609e+01	-1.162112e+03
2.770000e-06	-4.161621e-06	-1.824346e-08	-3.001455e+01	-1.193618e+03
2.780000e-06	-4.288806e-06	-1.869056e-08	-3.093183e+01	-1.223226e+03
2.790000e-06	-4.414489e-06	-1.911563e-08	-3.183829e+01	-1.251072e+03
2.800000e-06	-4.538685e-06	-1.952259e-08	-3.273402e+01	-1.277324e+03
2.810000e-06	-4.661179e-06	-1.990951e-08	-3.361747e+01	-1.302163e+03
2.820000e-06	-4.782052e-06	-2.027571e-08	-3.448923e+01	-1.325767e+03
2.830000e-06	-4.901146e-06	-2.062237e-08	-3.534817e+01	-1.348288e+03
2.840000e-06	-5.018303e-06	-2.095043e-08	-3.619313e+01	-1.369835e+03
2.850000e-06	-5.133496e-06	-2.126079e-08	-3.702393e+01	-1.390475e+03
2.860000e-06	-5.246603e-06	-2.155728e-08	-3.783968e+01	-1.410233e+03
2.870000e-06	-5.357642e-06	-2.184371e-08	-3.864052e+01	-1.429111e+03
2.880000e-06	-5.466749e-06	-2.211841e-08	-3.942742e+01	-1.447105e+03
2.890000e-06	-5.573992e-06	-2.237976e-08	-4.020088e+01	-1.464228e+03
2.900000e-06	-5.679326e-06	-2.262962e-08	-4.096058e+01	-1.480513e+03
2.910000e-06	-5.782489e-06	-2.286953e-08	-4.170461e+01	-1.496019e+03
2.920000e-06	-5.883412e-06	-2.309894e-08	-4.243249e+01	-1.510820e+03
2.930000e-06	-5.982305e-06	-2.331756e-08	-4.314573e+01	-1.524995e+03
2.940000e-06	-6.079159e-06	-2.352818e-08	-4.384426e+01	-1.538611e+03
2.950000e-06	-6.173732e-06	-2.373188e-08	-4.452634e+01	-1.551714e+03
2.960000e-06	-6.265934e-06	-2.392574e-08	-4.519132e+01	-1.564322e+03
2.970000e-06	-6.355955e-06	-2.410817e-08	-4.584058e+01	-1.576430e+03
2.980000e-06	-6.443765e-06	-2.428104e-08	-4.647388e+01	-1.588021e+03
2.990000e-06	-6.529203e-06	-2.444667e-08	-4.709008e+01	-1.599074e+03
3.000000e-06	-6.612296e-06	-2.460657e-08	-4.768936e+01	-1.609582e+03
3.010000e-06	-6.693100e-06	-2.476135e-08	-4.827214e+01	-1.619554e+03
3.020000e-06	-6.771379e-06	-2.490863e-08	-4.883671e+01	-1.629020e+03
3.030000e-06	-6.846954e-06	-2.504753e-08	-4.938177e+01	-1.638019e+03
3.040000e-06	-6.920020e-06	-2.517746e-08	-4.990874e+01	-1.646595e+03
3.050000e-06	-6.990605e-06	-2.529933e-08	-5.041782e+01	-1.654785e+03
3.060000e-06	-7.058683e-06	-2.541668e-08	-5.090881e+01	-1.662608e+03
3.070000e-06	-7.124311e-06	-2.552873e-08	-5.138213e+01	-1.670064e+03
3.080000e-06	-7.187386e-06	-2.563399e-08	-5.183705e+01	-1.677136e+03
3.090000e-06	-7.247864e-06	-2.573228e-08	-5.227322e+01	-1.683801e+03
3.100000e-06	-7.305804e-06	-2.582613e-08	-5.269110e+01	-1.690034e+03
3.110000e-06	-7.361141e-06	-2.591578e-08	-5.309020e+01	-1.695825e+03
3.120000e-06	-7.413685e-06	-2.599899e-08	-5.346916e+01	-1.701182e+03
3.130000e-06	-7.463171e-06	-2.607374e-08	-5.382607e+01	-1.706131e+03
3.140000e-06	-7.509712e-06	-2.614298e-08	-5.416173e+01	-1.710713e+03
3.150000e-06	-7.553785e-06	-2.620865e-08	-5.447960e+01	-1.714973e+03
3.160000e-06	-7.595433e-06	-2.627035e-08	-5.477997e+01	-1.718950e+03
3.170000e-06	-7.634415e-06	-2.632773e-08	-5.506112e+01	-1.722669e+03
3.180000e-06	-7.670667e-06	-2.637828e-08	-5.532257e+01	-1.726133e+03
3.190000e-06	-7.704203e-06	-2.642534e-08	-5.556444e+01	-1.729326e+03
3.200000e-06	-7.734874e-06	-2.646709e-08	-5.578565e+01	-1.732220e+03
3.210000e-06	-7.762712e-06	-2.650414e-08	-5.598643e+01	-1.734779e+03
3.220000e-06	-7.787868e-06	-2.653715e-08	-5.616785e+01	-1.736976e+03
3.230000e-06	-7.810224e-06	-2.656585e-08	-5.632909e+01	-1.738794e+03
3.240000e-06	-7.829773e-06	-2.658751e-08	-5.647008e+01	-1.740238e+03
3.250000e-06	-7.846541e-06	-2.660320e-08	-5.659102e+01	-1.741327e+03
3.260000e-06	-7.860218e-06	-2.661409e-08	-5.668966e+01	-1.742096e+03
3.270000e-06	-7.870818e-06	-2.661954e-08	-5.676611e+01	-1.742583e+03
3.280000e-06	-7.878564e-06	-2.662162e-08	-5.682197e+01	-1.742826e+03
3.290000e-06	-7.883425e-06	-2.662191e-08	-5.685703e+01	-1.742851e+03
3.300000e-06	-7.885543e-06	-2.661675e-08	-5.687231e+01	-1.742670e+03
