# Temperatura_=_58.91
# Concentracion g/m^3_=_24000.0
# C_Vs_to_Am_M_A/Vsm_=_65563218390.804596
# pendiente_HvsI_1/m_=_3716.3
# ordenada_HvsI_A/m_=_1297.0
# frecuencia_Hz_=_302486.7372114523

Tiempo_(s)	Campo_(V.s)	Magnetizacion_(V.s)	Campo_(kA/m)	Magnetizacion_(A/m)
0.000000e+00	-7.879887e-06	-2.486060e-08	-5.684996e+01	-1.627240e+03
1.000000e-08	-7.875358e-06	-2.485194e-08	-5.681729e+01	-1.626691e+03
2.000000e-08	-7.868390e-06	-2.483844e-08	-5.676701e+01	-1.625917e+03
3.000000e-08	-7.858775e-06	-2.482136e-08	-5.669765e+01	-1.624894e+03
4.000000e-08	-7.846280e-06	-2.479854e-08	-5.660750e+01	-1.623604e+03
5.000000e-08	-7.830834e-06	-2.477168e-08	-5.649607e+01	-1.622040e+03
6.000000e-08	-7.812794e-06	-2.474428e-08	-5.636592e+01	-1.620210e+03
7.000000e-08	-7.792576e-06	-2.471779e-08	-5.622005e+01	-1.618139e+03
8.000000e-08	-7.769786e-06	-2.472652e-08	-5.605563e+01	-1.615863e+03
9.000000e-08	-7.743840e-06	-2.470926e-08	-5.586844e+01	-1.613427e+03
1.000000e-07	-7.714784e-06	-2.463756e-08	-5.565881e+01	-1.610875e+03
1.100000e-07	-7.682905e-06	-2.457736e-08	-5.542882e+01	-1.608248e+03
1.200000e-07	-7.648269e-06	-2.452569e-08	-5.517894e+01	-1.605570e+03
1.300000e-07	-7.611143e-06	-2.445176e-08	-5.491109e+01	-1.602849e+03
1.400000e-07	-7.571919e-06	-2.437037e-08	-5.462810e+01	-1.600067e+03
1.500000e-07	-7.530434e-06	-2.437013e-08	-5.432881e+01	-1.597188e+03
1.600000e-07	-7.486269e-06	-2.435199e-08	-5.401018e+01	-1.594153e+03
1.700000e-07	-7.439509e-06	-2.426844e-08	-5.367283e+01	-1.590895e+03
1.800000e-07	-7.389988e-06	-2.423064e-08	-5.331556e+01	-1.587343e+03
1.900000e-07	-7.337447e-06	-2.412633e-08	-5.293649e+01	-1.583433e+03
2.000000e-07	-7.282111e-06	-2.401780e-08	-5.253726e+01	-1.579117e+03
2.100000e-07	-7.224069e-06	-2.395872e-08	-5.211851e+01	-1.574372e+03
2.200000e-07	-7.163442e-06	-2.388208e-08	-5.168112e+01	-1.569199e+03
2.300000e-07	-7.100210e-06	-2.381384e-08	-5.122493e+01	-1.563622e+03
2.400000e-07	-7.034257e-06	-2.371087e-08	-5.074911e+01	-1.557682e+03
2.500000e-07	-6.965711e-06	-2.363029e-08	-5.025458e+01	-1.551428e+03
2.600000e-07	-6.894502e-06	-2.354052e-08	-4.974083e+01	-1.544905e+03
2.700000e-07	-6.820510e-06	-2.343926e-08	-4.920701e+01	-1.538146e+03
2.800000e-07	-6.743753e-06	-2.333119e-08	-4.865325e+01	-1.531166e+03
2.900000e-07	-6.664240e-06	-2.321507e-08	-4.807960e+01	-1.523956e+03
3.000000e-07	-6.582248e-06	-2.311363e-08	-4.748806e+01	-1.516493e+03
3.100000e-07	-6.498041e-06	-2.297082e-08	-4.688054e+01	-1.508743e+03
3.200000e-07	-6.411578e-06	-2.283898e-08	-4.625675e+01	-1.500671e+03
3.300000e-07	-6.322822e-06	-2.271525e-08	-4.561641e+01	-1.492248e+03
3.400000e-07	-6.231778e-06	-2.258135e-08	-4.495957e+01	-1.483461e+03
3.500000e-07	-6.138466e-06	-2.243898e-08	-4.428637e+01	-1.474312e+03
3.600000e-07	-6.042878e-06	-2.230278e-08	-4.359674e+01	-1.464812e+03
3.700000e-07	-5.945078e-06	-2.217555e-08	-4.289116e+01	-1.454983e+03
3.800000e-07	-5.845174e-06	-2.202187e-08	-4.217039e+01	-1.444839e+03
3.900000e-07	-5.743239e-06	-2.185478e-08	-4.143497e+01	-1.434388e+03
4.000000e-07	-5.639243e-06	-2.167598e-08	-4.068469e+01	-1.423621e+03
4.100000e-07	-5.533238e-06	-2.150189e-08	-3.991991e+01	-1.412513e+03
4.200000e-07	-5.425313e-06	-2.132685e-08	-3.914128e+01	-1.401030e+03
4.300000e-07	-5.315477e-06	-2.115003e-08	-3.834885e+01	-1.389133e+03
4.400000e-07	-5.203663e-06	-2.096515e-08	-3.754217e+01	-1.376789e+03
4.500000e-07	-5.089846e-06	-2.076963e-08	-3.672103e+01	-1.363978e+03
4.600000e-07	-4.974099e-06	-2.056328e-08	-3.588597e+01	-1.350695e+03
4.700000e-07	-4.856517e-06	-2.034615e-08	-3.503766e+01	-1.336952e+03
4.800000e-07	-4.737150e-06	-2.013304e-08	-3.417648e+01	-1.322767e+03
4.900000e-07	-4.616032e-06	-1.991863e-08	-3.330267e+01	-1.308159e+03
5.000000e-07	-4.493229e-06	-1.969354e-08	-3.241669e+01	-1.293137e+03
5.100000e-07	-4.368759e-06	-1.945141e-08	-3.151869e+01	-1.277694e+03
5.200000e-07	-4.242692e-06	-1.920727e-08	-3.060918e+01	-1.261803e+03
5.300000e-07	-4.115059e-06	-1.895978e-08	-2.968836e+01	-1.245426e+03
5.400000e-07	-3.985936e-06	-1.869680e-08	-2.875680e+01	-1.228513e+03
5.500000e-07	-3.855365e-06	-1.842195e-08	-2.781478e+01	-1.211020e+03
5.600000e-07	-3.723273e-06	-1.814758e-08	-2.686180e+01	-1.192913e+03
5.700000e-07	-3.589684e-06	-1.786472e-08	-2.589801e+01	-1.174180e+03
5.800000e-07	-3.454730e-06	-1.756399e-08	-2.492438e+01	-1.154823e+03
5.900000e-07	-3.318445e-06	-1.725870e-08	-2.394114e+01	-1.134858e+03
6.000000e-07	-3.180941e-06	-1.695243e-08	-2.294911e+01	-1.114303e+03
6.100000e-07	-3.042229e-06	-1.663174e-08	-2.194836e+01	-1.093167e+03
6.200000e-07	-2.902119e-06	-1.629449e-08	-2.093753e+01	-1.071438e+03
6.300000e-07	-2.760709e-06	-1.595431e-08	-1.991732e+01	-1.049080e+03
6.400000e-07	-2.618256e-06	-1.560623e-08	-1.888958e+01	-1.026037e+03
6.500000e-07	-2.474885e-06	-1.524201e-08	-1.785522e+01	-1.002240e+03
6.600000e-07	-2.330737e-06	-1.486233e-08	-1.681526e+01	-9.776173e+02
6.700000e-07	-2.185783e-06	-1.447103e-08	-1.576947e+01	-9.521137e+02
6.800000e-07	-2.039942e-06	-1.406463e-08	-1.471730e+01	-9.256935e+02
6.900000e-07	-1.893396e-06	-1.364124e-08	-1.366003e+01	-8.983451e+02
7.000000e-07	-1.746312e-06	-1.321079e-08	-1.259888e+01	-8.700739e+02
7.100000e-07	-1.598727e-06	-1.277221e-08	-1.153412e+01	-8.408897e+02
7.200000e-07	-1.450660e-06	-1.231691e-08	-1.046588e+01	-8.107912e+02
7.300000e-07	-1.302111e-06	-1.184379e-08	-9.394167e+00	-7.797522e+02
7.400000e-07	-1.153107e-06	-1.135849e-08	-8.319166e+00	-7.477152e+02
7.500000e-07	-1.003651e-06	-1.085601e-08	-7.240909e+00	-7.145952e+02
7.600000e-07	-8.537871e-07	-1.033097e-08	-6.159703e+00	-6.802937e+02
7.700000e-07	-7.036674e-07	-9.784862e-09	-5.076654e+00	-6.447192e+02
7.800000e-07	-5.533442e-07	-9.218772e-09	-3.992138e+00	-6.078087e+02
7.900000e-07	-4.028122e-07	-8.633681e-09	-2.906115e+00	-5.695431e+02
8.000000e-07	-2.521446e-07	-8.030470e-09	-1.819114e+00	-5.299492e+02
8.100000e-07	-1.014090e-07	-7.412674e-09	-7.316222e-01	-4.890845e+02
8.200000e-07	4.934149e-08	-6.778801e-09	3.559774e-01	-4.470065e+02
8.300000e-07	2.001137e-07	-6.124573e-09	1.443733e+00	-4.037310e+02
8.400000e-07	3.509240e-07	-5.445116e-09	2.531764e+00	-3.591891e+02
8.500000e-07	5.016769e-07	-4.739661e-09	3.619381e+00	-3.131958e+02
8.600000e-07	6.522836e-07	-4.006625e-09	4.705943e+00	-2.654391e+02
8.700000e-07	8.027047e-07	-3.240676e-09	5.791165e+00	-2.155005e+02
8.800000e-07	9.528907e-07	-2.434683e-09	6.874692e+00	-1.629050e+02
8.900000e-07	1.102753e-06	-1.582635e-09	7.955885e+00	-1.071980e+02
9.000000e-07	1.252209e-06	-6.826476e-10	9.034144e+00	-4.803579e+01
9.100000e-07	1.401159e-06	2.678497e-10	1.010876e+01	1.472513e+01
9.200000e-07	1.549563e-06	1.269842e-09	1.117942e+01	8.095919e+01
9.300000e-07	1.697414e-06	2.322639e-09	1.224611e+01	1.502366e+02
9.400000e-07	1.844634e-06	3.417057e-09	1.330823e+01	2.218315e+02
9.500000e-07	1.991204e-06	4.535544e-09	1.436567e+01	2.947750e+02
9.600000e-07	2.137060e-06	5.656843e-09	1.541796e+01	3.679451e+02
9.700000e-07	2.282097e-06	6.759407e-09	1.646434e+01	4.401790e+02
9.800000e-07	2.426267e-06	7.825773e-09	1.750446e+01	5.103900e+02
9.900000e-07	2.569524e-06	8.842298e-09	1.853800e+01	5.776689e+02
1.000000e-06	2.711813e-06	9.801487e-09	1.956455e+01	6.413555e+02
1.010000e-06	2.853042e-06	1.070195e-08	2.058346e+01	7.010691e+02
1.020000e-06	2.993023e-06	1.154417e-08	2.159336e+01	7.566989e+02
1.030000e-06	3.131772e-06	1.232662e-08	2.259438e+01	8.083588e+02
1.040000e-06	3.269416e-06	1.305481e-08	2.358742e+01	8.563193e+02
1.050000e-06	3.405851e-06	1.373569e-08	2.457173e+01	9.009328e+02
1.060000e-06	3.540923e-06	1.437238e-08	2.554622e+01	9.425642e+02
1.070000e-06	3.674698e-06	1.496640e-08	2.651135e+01	9.815407e+02
1.080000e-06	3.807115e-06	1.552084e-08	2.746668e+01	1.018125e+03
1.090000e-06	3.938046e-06	1.604021e-08	2.841129e+01	1.052512e+03
1.100000e-06	4.067670e-06	1.652550e-08	2.934647e+01	1.084842e+03
1.110000e-06	4.195983e-06	1.698182e-08	3.027219e+01	1.115228e+03
1.120000e-06	4.322828e-06	1.741316e-08	3.118732e+01	1.143778e+03
1.130000e-06	4.448213e-06	1.782182e-08	3.209192e+01	1.170616e+03
1.140000e-06	4.571987e-06	1.820578e-08	3.298490e+01	1.195884e+03
1.150000e-06	4.694114e-06	1.856634e-08	3.386599e+01	1.219741e+03
1.160000e-06	4.814649e-06	1.891015e-08	3.473560e+01	1.242351e+03
1.170000e-06	4.933465e-06	1.924044e-08	3.559281e+01	1.263862e+03
1.180000e-06	5.050414e-06	1.955620e-08	3.643654e+01	1.284392e+03
1.190000e-06	5.165369e-06	1.985213e-08	3.726589e+01	1.304024e+03
1.200000e-06	5.278375e-06	2.013237e-08	3.808118e+01	1.322804e+03
1.210000e-06	5.389421e-06	2.040003e-08	3.888233e+01	1.340749e+03
1.220000e-06	5.498542e-06	2.065668e-08	3.966959e+01	1.357864e+03
1.230000e-06	5.605716e-06	2.090326e-08	4.044280e+01	1.374151e+03
1.240000e-06	5.710839e-06	2.113685e-08	4.120122e+01	1.389628e+03
1.250000e-06	5.813883e-06	2.135852e-08	4.194464e+01	1.404330e+03
1.260000e-06	5.914799e-06	2.157176e-08	4.267270e+01	1.418310e+03
1.270000e-06	6.013494e-06	2.177928e-08	4.338475e+01	1.431631e+03
1.280000e-06	6.109923e-06	2.197600e-08	4.408044e+01	1.444359e+03
1.290000e-06	6.204137e-06	2.215877e-08	4.476015e+01	1.456550e+03
1.300000e-06	6.296167e-06	2.233274e-08	4.542411e+01	1.468243e+03
1.310000e-06	6.385969e-06	2.250058e-08	4.607199e+01	1.479458e+03
1.320000e-06	6.473438e-06	2.266068e-08	4.670304e+01	1.490200e+03
1.330000e-06	6.558615e-06	2.281441e-08	4.731755e+01	1.500461e+03
1.340000e-06	6.641504e-06	2.296497e-08	4.791556e+01	1.510231e+03
1.350000e-06	6.722020e-06	2.311047e-08	4.849645e+01	1.519508e+03
1.360000e-06	6.800079e-06	2.324649e-08	4.905961e+01	1.528295e+03
1.370000e-06	6.875547e-06	2.337444e-08	4.960408e+01	1.536609e+03
1.380000e-06	6.948419e-06	2.349834e-08	5.012982e+01	1.544474e+03
1.390000e-06	7.018805e-06	2.361469e-08	5.063763e+01	1.551918e+03
1.400000e-06	7.086717e-06	2.372035e-08	5.112758e+01	1.558967e+03
1.410000e-06	7.152057e-06	2.381788e-08	5.159898e+01	1.565639e+03
1.420000e-06	7.214866e-06	2.391232e-08	5.205212e+01	1.571949e+03
1.430000e-06	7.275278e-06	2.400481e-08	5.248797e+01	1.577901e+03
1.440000e-06	7.333202e-06	2.409176e-08	5.290587e+01	1.583500e+03
1.450000e-06	7.388464e-06	2.417204e-08	5.330456e+01	1.588751e+03
1.460000e-06	7.440869e-06	2.424667e-08	5.368263e+01	1.593662e+03
1.470000e-06	7.490265e-06	2.431711e-08	5.403900e+01	1.598248e+03
1.480000e-06	7.536789e-06	2.438274e-08	5.437466e+01	1.602527e+03
1.490000e-06	7.580670e-06	2.444438e-08	5.469124e+01	1.606519e+03
1.500000e-06	7.621853e-06	2.450206e-08	5.498836e+01	1.610241e+03
1.510000e-06	7.660312e-06	2.455480e-08	5.526582e+01	1.613699e+03
1.520000e-06	7.696086e-06	2.460226e-08	5.552392e+01	1.616892e+03
1.530000e-06	7.729104e-06	2.464700e-08	5.576213e+01	1.619807e+03
1.540000e-06	7.759412e-06	2.469028e-08	5.598079e+01	1.622425e+03
1.550000e-06	7.787060e-06	2.472729e-08	5.618025e+01	1.624726e+03
1.560000e-06	7.811824e-06	2.475703e-08	5.635892e+01	1.626694e+03
1.570000e-06	7.833699e-06	2.478165e-08	5.651673e+01	1.628322e+03
1.580000e-06	7.852899e-06	2.480287e-08	5.665526e+01	1.629619e+03
1.590000e-06	7.869227e-06	2.481936e-08	5.677305e+01	1.630605e+03
1.600000e-06	7.882570e-06	2.483049e-08	5.686932e+01	1.631311e+03
1.610000e-06	7.892885e-06	2.483838e-08	5.694374e+01	1.631770e+03
1.620000e-06	7.900185e-06	2.484464e-08	5.699640e+01	1.632018e+03
1.630000e-06	7.904696e-06	2.485079e-08	5.702894e+01	1.632077e+03
1.640000e-06	7.906436e-06	2.485512e-08	5.704150e+01	1.631959e+03
1.650000e-06	7.905409e-06	2.485199e-08	5.703409e+01	1.631662e+03
1.660000e-06	7.901764e-06	2.483966e-08	5.700779e+01	1.631171e+03
1.670000e-06	7.895432e-06	2.482384e-08	5.696211e+01	1.630463e+03
1.680000e-06	7.886435e-06	2.480624e-08	5.689720e+01	1.629513e+03
1.690000e-06	7.874805e-06	2.478833e-08	5.681329e+01	1.628299e+03
1.700000e-06	7.860357e-06	2.477059e-08	5.670906e+01	1.626812e+03
1.710000e-06	7.843302e-06	2.475248e-08	5.658602e+01	1.625056e+03
1.720000e-06	7.824012e-06	2.472387e-08	5.644685e+01	1.623049e+03
1.730000e-06	7.802233e-06	2.464343e-08	5.628972e+01	1.620827e+03
1.740000e-06	7.777093e-06	2.460400e-08	5.610835e+01	1.618430e+03
1.750000e-06	7.748160e-06	2.459490e-08	5.589961e+01	1.615906e+03
1.760000e-06	7.716064e-06	2.455280e-08	5.566805e+01	1.613296e+03
1.770000e-06	7.681609e-06	2.451776e-08	5.541947e+01	1.610630e+03
1.780000e-06	7.645035e-06	2.452573e-08	5.515561e+01	1.607921e+03
1.790000e-06	7.606409e-06	2.447695e-08	5.487693e+01	1.605159e+03
1.800000e-06	7.565683e-06	2.439005e-08	5.458311e+01	1.602311e+03
1.810000e-06	7.522400e-06	2.439350e-08	5.427085e+01	1.599326e+03
1.820000e-06	7.476464e-06	2.431848e-08	5.393944e+01	1.596139e+03
1.830000e-06	7.427784e-06	2.429950e-08	5.358824e+01	1.592676e+03
1.840000e-06	7.376176e-06	2.430078e-08	5.321591e+01	1.588873e+03
1.850000e-06	7.321747e-06	2.423560e-08	5.282322e+01	1.584676e+03
1.860000e-06	7.264560e-06	2.418876e-08	5.241064e+01	1.580054e+03
1.870000e-06	7.204887e-06	2.403733e-08	5.198013e+01	1.575000e+03
1.880000e-06	7.142505e-06	2.395533e-08	5.153007e+01	1.569534e+03
1.890000e-06	7.077190e-06	2.387952e-08	5.105885e+01	1.563692e+03
1.900000e-06	7.009224e-06	2.378053e-08	5.056850e+01	1.557521e+03
1.910000e-06	6.938492e-06	2.370932e-08	5.005821e+01	1.551071e+03
1.920000e-06	6.865046e-06	2.358343e-08	4.952833e+01	1.544376e+03
1.930000e-06	6.788948e-06	2.349952e-08	4.897931e+01	1.537457e+03
1.940000e-06	6.710154e-06	2.336555e-08	4.841085e+01	1.530314e+03
1.950000e-06	6.628835e-06	2.326364e-08	4.782417e+01	1.522926e+03
1.960000e-06	6.545088e-06	2.316159e-08	4.721996e+01	1.515260e+03
1.970000e-06	6.458967e-06	2.302277e-08	4.659864e+01	1.507282e+03
1.980000e-06	6.370414e-06	2.290448e-08	4.595977e+01	1.498961e+03
1.990000e-06	6.279627e-06	2.276381e-08	4.530478e+01	1.490278e+03
2.000000e-06	6.186721e-06	2.264205e-08	4.463451e+01	1.481230e+03
2.010000e-06	6.091585e-06	2.247689e-08	4.394814e+01	1.471828e+03
2.020000e-06	5.994223e-06	2.232863e-08	4.324571e+01	1.462089e+03
2.030000e-06	5.894707e-06	2.217403e-08	4.252775e+01	1.452033e+03
2.040000e-06	5.793160e-06	2.202941e-08	4.179513e+01	1.441669e+03
2.050000e-06	5.689539e-06	2.188434e-08	4.104755e+01	1.430993e+03
2.060000e-06	5.583919e-06	2.171265e-08	4.028555e+01	1.419985e+03
2.070000e-06	5.476354e-06	2.153662e-08	3.950951e+01	1.408612e+03
2.080000e-06	5.366850e-06	2.133155e-08	3.871949e+01	1.396836e+03
2.090000e-06	5.255458e-06	2.113914e-08	3.791584e+01	1.384621e+03
2.100000e-06	5.142126e-06	2.094936e-08	3.709821e+01	1.371944e+03
2.110000e-06	5.026828e-06	2.077056e-08	3.626638e+01	1.358795e+03
2.120000e-06	4.909632e-06	2.057291e-08	3.542086e+01	1.345181e+03
2.130000e-06	4.790595e-06	2.035601e-08	3.456206e+01	1.331119e+03
2.140000e-06	4.669696e-06	2.012695e-08	3.368983e+01	1.316629e+03
2.150000e-06	4.547082e-06	1.989921e-08	3.280522e+01	1.301724e+03
2.160000e-06	4.422759e-06	1.966380e-08	3.190828e+01	1.286402e+03
2.170000e-06	4.296827e-06	1.941764e-08	3.099974e+01	1.270642e+03
2.180000e-06	4.169459e-06	1.917087e-08	3.008083e+01	1.254407e+03
2.190000e-06	4.040527e-06	1.891691e-08	2.915064e+01	1.237651e+03
2.200000e-06	3.910032e-06	1.865222e-08	2.820918e+01	1.220327e+03
2.210000e-06	3.778038e-06	1.837659e-08	2.725690e+01	1.202397e+03
2.220000e-06	3.644603e-06	1.810405e-08	2.629423e+01	1.183842e+03
2.230000e-06	3.509955e-06	1.781953e-08	2.532280e+01	1.164661e+03
2.240000e-06	3.374094e-06	1.751731e-08	2.434262e+01	1.144867e+03
2.250000e-06	3.236794e-06	1.720301e-08	2.335206e+01	1.124478e+03
2.260000e-06	3.098132e-06	1.688394e-08	2.235168e+01	1.103507e+03
2.270000e-06	2.958293e-06	1.655327e-08	2.134280e+01	1.081949e+03
2.280000e-06	2.817336e-06	1.621048e-08	2.032585e+01	1.059775e+03
2.290000e-06	2.675397e-06	1.585761e-08	1.930182e+01	1.036933e+03
2.300000e-06	2.532559e-06	1.549689e-08	1.827132e+01	1.013358e+03
2.310000e-06	2.388828e-06	1.512663e-08	1.723436e+01	9.889766e+02
2.320000e-06	2.244185e-06	1.474645e-08	1.619082e+01	9.637284e+02
2.330000e-06	2.098719e-06	1.435588e-08	1.514135e+01	9.375713e+02
2.340000e-06	1.952563e-06	1.394764e-08	1.408689e+01	9.104871e+02
2.350000e-06	1.805766e-06	1.351970e-08	1.302781e+01	8.824774e+02
2.360000e-06	1.658363e-06	1.307619e-08	1.196437e+01	8.535524e+02
2.370000e-06	1.510440e-06	1.261915e-08	1.089717e+01	8.237156e+02
2.380000e-06	1.362045e-06	1.214913e-08	9.826566e+00	7.929487e+02
2.390000e-06	1.213150e-06	1.166428e-08	8.752348e+00	7.612035e+02
2.400000e-06	1.063762e-06	1.116092e-08	7.674580e+00	7.284017e+02
2.410000e-06	9.140259e-07	1.063714e-08	6.594299e+00	6.944469e+02
2.420000e-06	7.640825e-07	1.009603e-08	5.512523e+00	6.592431e+02
2.430000e-06	6.139196e-07	9.540897e-09	4.429163e+00	6.227174e+02
2.440000e-06	4.635262e-07	8.966867e-09	3.344140e+00	5.848371e+02
2.450000e-06	3.129659e-07	8.369585e-09	2.257913e+00	5.456167e+02
2.460000e-06	1.623152e-07	7.750991e-09	1.171034e+00	5.051075e+02
2.470000e-06	1.157835e-08	7.115075e-09	8.353276e-02	4.633709e+02
2.480000e-06	-1.391935e-07	6.461877e-09	-1.004221e+00	4.204391e+02
2.490000e-06	-2.899295e-07	5.790102e-09	-2.091715e+00	3.762715e+02
2.500000e-06	-4.405962e-07	5.094759e-09	-3.178710e+00	3.307182e+02
2.510000e-06	-5.911606e-07	4.369779e-09	-4.264967e+00	2.835031e+02
2.520000e-06	-7.415838e-07	3.610121e-09	-5.350205e+00	2.342342e+02
2.530000e-06	-8.918135e-07	2.812585e-09	-6.434047e+00	1.824457e+02
2.540000e-06	-1.041790e-06	1.976690e-09	-7.516059e+00	1.276683e+02
2.550000e-06	-1.191346e-06	1.098129e-09	-8.595041e+00	6.951722e+01
2.560000e-06	-1.340403e-06	1.680977e-10	-9.670422e+00	7.783466e+00
2.570000e-06	-1.488982e-06	-8.193438e-10	-1.074236e+01	-5.748960e+01
2.580000e-06	-1.637037e-06	-1.861295e-09	-1.181051e+01	-1.259602e+02
2.590000e-06	-1.784462e-06	-2.948278e-09	-1.287412e+01	-1.969836e+02
2.600000e-06	-1.931252e-06	-4.065822e-09	-1.393314e+01	-2.696526e+02
2.610000e-06	-2.077376e-06	-5.193240e-09	-1.498737e+01	-3.428780e+02
2.620000e-06	-2.222575e-06	-6.311177e-09	-1.603491e+01	-4.154968e+02
2.630000e-06	-2.366736e-06	-7.399596e-09	-1.707497e+01	-4.863889e+02
2.640000e-06	-2.509951e-06	-8.441200e-09	-1.810821e+01	-5.545858e+02
2.650000e-06	-2.652223e-06	-9.426178e-09	-1.913464e+01	-6.193510e+02
2.660000e-06	-2.793584e-06	-1.035224e-08	-2.015450e+01	-6.802233e+02
2.670000e-06	-2.933941e-06	-1.122268e-08	-2.116711e+01	-7.370180e+02
2.680000e-06	-3.073161e-06	-1.203533e-08	-2.217152e+01	-7.897909e+02
2.690000e-06	-3.211188e-06	-1.279011e-08	-2.316733e+01	-8.387756e+02
2.700000e-06	-3.347843e-06	-1.349180e-08	-2.415323e+01	-8.843086e+02
2.710000e-06	-3.483148e-06	-1.414642e-08	-2.512940e+01	-9.267572e+02
2.720000e-06	-3.617311e-06	-1.475871e-08	-2.609733e+01	-9.664634e+02
2.730000e-06	-3.750293e-06	-1.533194e-08	-2.705673e+01	-1.003709e+03
2.740000e-06	-3.881856e-06	-1.586834e-08	-2.800591e+01	-1.038709e+03
2.750000e-06	-4.012039e-06	-1.636944e-08	-2.894512e+01	-1.071615e+03
2.760000e-06	-4.140809e-06	-1.683752e-08	-2.987414e+01	-1.102547e+03
2.770000e-06	-4.268102e-06	-1.727730e-08	-3.079250e+01	-1.131611e+03
2.780000e-06	-4.394085e-06	-1.769467e-08	-3.170141e+01	-1.158925e+03
2.790000e-06	-4.518522e-06	-1.809350e-08	-3.259917e+01	-1.184627e+03
2.800000e-06	-4.641274e-06	-1.847271e-08	-3.348478e+01	-1.208872e+03
2.810000e-06	-4.762387e-06	-1.882645e-08	-3.435856e+01	-1.231823e+03
2.820000e-06	-4.881706e-06	-1.915812e-08	-3.521939e+01	-1.253635e+03
2.830000e-06	-4.999121e-06	-1.947607e-08	-3.606649e+01	-1.274436e+03
2.840000e-06	-5.114504e-06	-1.978226e-08	-3.689892e+01	-1.294320e+03
2.850000e-06	-5.227791e-06	-2.007521e-08	-3.771624e+01	-1.313341e+03
2.860000e-06	-5.339099e-06	-2.035227e-08	-3.851928e+01	-1.331525e+03
2.870000e-06	-5.448458e-06	-2.061566e-08	-3.930826e+01	-1.348878e+03
2.880000e-06	-5.555885e-06	-2.086809e-08	-4.008330e+01	-1.365402e+03
2.890000e-06	-5.661342e-06	-2.110889e-08	-4.084412e+01	-1.381109e+03
2.900000e-06	-5.764711e-06	-2.133996e-08	-4.158989e+01	-1.396028e+03
2.910000e-06	-5.865948e-06	-2.156141e-08	-4.232027e+01	-1.410209e+03
2.920000e-06	-5.965058e-06	-2.177167e-08	-4.303530e+01	-1.423713e+03
2.930000e-06	-6.062093e-06	-2.197110e-08	-4.373537e+01	-1.436605e+03
2.940000e-06	-6.157000e-06	-2.215988e-08	-4.442008e+01	-1.448945e+03
2.950000e-06	-6.249656e-06	-2.233984e-08	-4.508855e+01	-1.460779e+03
2.960000e-06	-6.340054e-06	-2.251290e-08	-4.574074e+01	-1.472131e+03
2.970000e-06	-6.428198e-06	-2.267820e-08	-4.637666e+01	-1.483009e+03
2.980000e-06	-6.514021e-06	-2.283705e-08	-4.699583e+01	-1.493409e+03
2.990000e-06	-6.597457e-06	-2.298787e-08	-4.759779e+01	-1.503322e+03
3.000000e-06	-6.678499e-06	-2.313046e-08	-4.818247e+01	-1.512740e+03
3.010000e-06	-6.757114e-06	-2.326407e-08	-4.874964e+01	-1.521667e+03
3.020000e-06	-6.833122e-06	-2.339040e-08	-4.929800e+01	-1.530115e+03
3.030000e-06	-6.906546e-06	-2.351230e-08	-4.982773e+01	-1.538107e+03
3.040000e-06	-6.977469e-06	-2.362811e-08	-5.033940e+01	-1.545669e+03
3.050000e-06	-7.045853e-06	-2.373719e-08	-5.083277e+01	-1.552830e+03
3.060000e-06	-7.111744e-06	-2.383935e-08	-5.130814e+01	-1.559609e+03
3.070000e-06	-7.175162e-06	-2.393638e-08	-5.176568e+01	-1.566022e+03
3.080000e-06	-7.236032e-06	-2.402942e-08	-5.220483e+01	-1.572077e+03
3.090000e-06	-7.294364e-06	-2.411655e-08	-5.262567e+01	-1.577778e+03
3.100000e-06	-7.350165e-06	-2.419639e-08	-5.302824e+01	-1.583129e+03
3.110000e-06	-7.403147e-06	-2.427254e-08	-5.341049e+01	-1.588136e+03
3.120000e-06	-7.453031e-06	-2.434520e-08	-5.377038e+01	-1.592814e+03
3.130000e-06	-7.499977e-06	-2.441243e-08	-5.410908e+01	-1.597180e+03
3.140000e-06	-7.544405e-06	-2.447326e-08	-5.442961e+01	-1.601254e+03
3.150000e-06	-7.586420e-06	-2.452988e-08	-5.473272e+01	-1.605052e+03
3.160000e-06	-7.625803e-06	-2.458604e-08	-5.501685e+01	-1.608587e+03
3.170000e-06	-7.662452e-06	-2.463922e-08	-5.528126e+01	-1.611857e+03
3.180000e-06	-7.696390e-06	-2.468611e-08	-5.552611e+01	-1.614854e+03
3.190000e-06	-7.727541e-06	-2.472497e-08	-5.575085e+01	-1.617560e+03
3.200000e-06	-7.755874e-06	-2.475790e-08	-5.595526e+01	-1.619955e+03
3.210000e-06	-7.781475e-06	-2.478872e-08	-5.613996e+01	-1.622020e+03
3.220000e-06	-7.804243e-06	-2.481445e-08	-5.630422e+01	-1.623746e+03
3.230000e-06	-7.824128e-06	-2.483364e-08	-5.644768e+01	-1.625137e+03
3.240000e-06	-7.841243e-06	-2.484841e-08	-5.657116e+01	-1.626210e+03
3.250000e-06	-7.855383e-06	-2.485911e-08	-5.667317e+01	-1.626993e+03
3.260000e-06	-7.866428e-06	-2.486603e-08	-5.675286e+01	-1.627521e+03
3.270000e-06	-7.874573e-06	-2.486916e-08	-5.681162e+01	-1.627827e+03
3.280000e-06	-7.879901e-06	-2.486935e-08	-5.685006e+01	-1.627939e+03
3.290000e-06	-7.882499e-06	-2.486728e-08	-5.686880e+01	-1.627872e+03
3.300000e-06	-7.882336e-06	-2.486353e-08	-5.686763e+01	-1.627629e+03
