# Temperatura_=_75.9
# Concentracion g/m^3_=_24000.0
# C_Vs_to_Am_M_A/Vsm_=_65563218390.804596
# pendiente_HvsI_1/m_=_3716.3
# ordenada_HvsI_A/m_=_1297.0
# frecuencia_Hz_=_302475.9244958158

Tiempo_(s)	Campo_(V.s)	Magnetizacion_(V.s)	Campo_(kA/m)	Magnetizacion_(A/m)
0.000000e+00	-7.878749e-06	-2.595499e-08	-5.686946e+01	-1.700261e+03
1.000000e-08	-7.876228e-06	-2.595318e-08	-5.685126e+01	-1.699873e+03
2.000000e-08	-7.871079e-06	-2.594170e-08	-5.681410e+01	-1.699247e+03
3.000000e-08	-7.863407e-06	-2.592509e-08	-5.675871e+01	-1.698355e+03
4.000000e-08	-7.852954e-06	-2.590434e-08	-5.668326e+01	-1.697180e+03
5.000000e-08	-7.839657e-06	-2.587976e-08	-5.658728e+01	-1.695717e+03
6.000000e-08	-7.823470e-06	-2.584944e-08	-5.647045e+01	-1.693975e+03
7.000000e-08	-7.804723e-06	-2.581334e-08	-5.633513e+01	-1.691975e+03
8.000000e-08	-7.783795e-06	-2.579081e-08	-5.618407e+01	-1.689748e+03
9.000000e-08	-7.760239e-06	-2.583203e-08	-5.601404e+01	-1.687328e+03
1.000000e-07	-7.733576e-06	-2.578762e-08	-5.582158e+01	-1.684752e+03
1.100000e-07	-7.703879e-06	-2.568984e-08	-5.560723e+01	-1.682051e+03
1.200000e-07	-7.671377e-06	-2.564058e-08	-5.537263e+01	-1.679250e+03
1.300000e-07	-7.636115e-06	-2.559078e-08	-5.511810e+01	-1.676363e+03
1.400000e-07	-7.598449e-06	-2.549567e-08	-5.484622e+01	-1.673389e+03
1.500000e-07	-7.558727e-06	-2.540607e-08	-5.455951e+01	-1.670314e+03
1.600000e-07	-7.516632e-06	-2.548071e-08	-5.425566e+01	-1.667103e+03
1.700000e-07	-7.471827e-06	-2.538552e-08	-5.393226e+01	-1.663710e+03
1.800000e-07	-7.424452e-06	-2.528984e-08	-5.359031e+01	-1.660076e+03
1.900000e-07	-7.374177e-06	-2.527785e-08	-5.322742e+01	-1.656135e+03
2.000000e-07	-7.320840e-06	-2.510420e-08	-5.284243e+01	-1.651825e+03
2.100000e-07	-7.264818e-06	-2.503510e-08	-5.243805e+01	-1.647097e+03
2.200000e-07	-7.206151e-06	-2.497106e-08	-5.201459e+01	-1.641921e+03
2.300000e-07	-7.144895e-06	-2.490264e-08	-5.157244e+01	-1.636294e+03
2.400000e-07	-7.081029e-06	-2.482900e-08	-5.111145e+01	-1.630236e+03
2.500000e-07	-7.014430e-06	-2.469363e-08	-5.063073e+01	-1.623790e+03
2.600000e-07	-6.945238e-06	-2.461917e-08	-5.013130e+01	-1.617010e+03
2.700000e-07	-6.873357e-06	-2.451793e-08	-4.961245e+01	-1.609947e+03
2.800000e-07	-6.798649e-06	-2.440935e-08	-4.907321e+01	-1.602643e+03
2.900000e-07	-6.721198e-06	-2.427686e-08	-4.851416e+01	-1.595115e+03
3.000000e-07	-6.641055e-06	-2.417383e-08	-4.793568e+01	-1.587357e+03
3.100000e-07	-6.558478e-06	-2.406539e-08	-4.733963e+01	-1.579338e+03
3.200000e-07	-6.473743e-06	-2.388332e-08	-4.672801e+01	-1.571016e+03
3.300000e-07	-6.386823e-06	-2.377099e-08	-4.610061e+01	-1.562344e+03
3.400000e-07	-6.297562e-06	-2.364316e-08	-4.545632e+01	-1.553284e+03
3.500000e-07	-6.205959e-06	-2.349420e-08	-4.479512e+01	-1.543819e+03
3.600000e-07	-6.112113e-06	-2.333523e-08	-4.411773e+01	-1.533949e+03
3.700000e-07	-6.016041e-06	-2.319488e-08	-4.342427e+01	-1.523697e+03
3.800000e-07	-5.917742e-06	-2.305462e-08	-4.271474e+01	-1.513092e+03
3.900000e-07	-5.817294e-06	-2.287334e-08	-4.198970e+01	-1.502164e+03
4.000000e-07	-5.714834e-06	-2.269831e-08	-4.125014e+01	-1.490930e+03
4.100000e-07	-5.610386e-06	-2.251232e-08	-4.049622e+01	-1.479385e+03
4.200000e-07	-5.503937e-06	-2.233530e-08	-3.972787e+01	-1.467504e+03
4.300000e-07	-5.395522e-06	-2.214069e-08	-3.894532e+01	-1.455246e+03
4.400000e-07	-5.285182e-06	-2.195690e-08	-3.814888e+01	-1.442564e+03
4.500000e-07	-5.172935e-06	-2.176109e-08	-3.733867e+01	-1.429415e+03
4.600000e-07	-5.058720e-06	-2.154485e-08	-3.651425e+01	-1.415773e+03
4.700000e-07	-4.942509e-06	-2.132164e-08	-3.567543e+01	-1.401633e+03
4.800000e-07	-4.824420e-06	-2.109878e-08	-3.482306e+01	-1.387010e+03
4.900000e-07	-4.704595e-06	-2.088194e-08	-3.395815e+01	-1.371931e+03
5.000000e-07	-4.583136e-06	-2.064961e-08	-3.308145e+01	-1.356423e+03
5.100000e-07	-4.459972e-06	-2.040909e-08	-3.219244e+01	-1.340499e+03
5.200000e-07	-4.335127e-06	-2.015352e-08	-3.129130e+01	-1.324154e+03
5.300000e-07	-4.208683e-06	-1.989764e-08	-3.037862e+01	-1.307356e+03
5.400000e-07	-4.080657e-06	-1.963163e-08	-2.945452e+01	-1.290053e+03
5.500000e-07	-3.951164e-06	-1.935659e-08	-2.851983e+01	-1.272187e+03
5.600000e-07	-3.820176e-06	-1.907204e-08	-2.757435e+01	-1.253703e+03
5.700000e-07	-3.687674e-06	-1.877806e-08	-2.661793e+01	-1.234563e+03
5.800000e-07	-3.553784e-06	-1.847401e-08	-2.565150e+01	-1.214755e+03
5.900000e-07	-3.418586e-06	-1.815855e-08	-2.467563e+01	-1.194291e+03
6.000000e-07	-3.282119e-06	-1.784233e-08	-2.369061e+01	-1.173200e+03
6.100000e-07	-3.144441e-06	-1.751851e-08	-2.269683e+01	-1.151511e+03
6.200000e-07	-3.005453e-06	-1.718405e-08	-2.169361e+01	-1.129239e+03
6.300000e-07	-2.865091e-06	-1.683455e-08	-2.068046e+01	-1.106373e+03
6.400000e-07	-2.723524e-06	-1.647622e-08	-1.965862e+01	-1.082869e+03
6.500000e-07	-2.580916e-06	-1.610419e-08	-1.862926e+01	-1.058654e+03
6.600000e-07	-2.437396e-06	-1.571726e-08	-1.759332e+01	-1.033641e+03
6.700000e-07	-2.293049e-06	-1.531783e-08	-1.655141e+01	-1.007742e+03
6.800000e-07	-2.147821e-06	-1.490456e-08	-1.550315e+01	-9.808925e+02
6.900000e-07	-2.001784e-06	-1.448020e-08	-1.444904e+01	-9.530538e+02
7.000000e-07	-1.855101e-06	-1.404115e-08	-1.339027e+01	-9.242206e+02
7.100000e-07	-1.707887e-06	-1.359402e-08	-1.232767e+01	-8.944089e+02
7.200000e-07	-1.560166e-06	-1.313175e-08	-1.126140e+01	-8.636387e+02
7.300000e-07	-1.411948e-06	-1.265108e-08	-1.019156e+01	-8.319126e+02
7.400000e-07	-1.263348e-06	-1.215287e-08	-9.118951e+00	-7.991986e+02
7.500000e-07	-1.114394e-06	-1.163656e-08	-8.043788e+00	-7.654233e+02
7.600000e-07	-9.650534e-07	-1.110271e-08	-6.965834e+00	-7.304780e+02
7.700000e-07	-8.153765e-07	-1.054776e-08	-5.885454e+00	-6.942386e+02
7.800000e-07	-6.654287e-07	-9.971842e-09	-4.803119e+00	-6.565929e+02
7.900000e-07	-5.152786e-07	-9.372621e-09	-3.719323e+00	-6.174680e+02
8.000000e-07	-3.649907e-07	-8.755226e-09	-2.634533e+00	-5.768481e+02
8.100000e-07	-2.145699e-07	-8.118747e-09	-1.548783e+00	-5.347735e+02
8.200000e-07	-6.396963e-08	-7.464816e-09	-4.617381e-01	-4.913190e+02
8.300000e-07	8.680312e-08	-6.791029e-09	6.265520e-01	-4.465519e+02
8.400000e-07	2.375632e-07	-6.093011e-09	1.714750e+00	-4.004791e+02
8.500000e-07	3.882112e-07	-5.365195e-09	2.802140e+00	-3.529969e+02
8.600000e-07	5.387751e-07	-4.607042e-09	3.888923e+00	-3.038568e+02
8.700000e-07	6.891733e-07	-3.820136e-09	4.974509e+00	-2.526631e+02
8.800000e-07	8.393406e-07	-2.995663e-09	6.058429e+00	-1.989072e+02
8.900000e-07	9.891981e-07	-2.128013e-09	7.140113e+00	-1.420394e+02
9.000000e-07	1.138681e-06	-1.209918e-09	8.219090e+00	-8.156935e+01
9.100000e-07	1.287764e-06	-2.383126e-10	9.295189e+00	-1.717656e+01
9.200000e-07	1.436416e-06	7.941320e-10	1.036817e+01	5.118948e+01
9.300000e-07	1.584631e-06	1.887239e-09	1.143799e+01	1.232405e+02
9.400000e-07	1.732315e-06	3.033588e-09	1.250399e+01	1.983285e+02
9.500000e-07	1.879366e-06	4.218687e-09	1.356542e+01	2.754798e+02
9.600000e-07	2.025789e-06	5.417622e-09	1.462231e+01	3.534808e+02
9.700000e-07	2.171487e-06	6.604407e-09	1.567397e+01	4.310023e+02
9.800000e-07	2.316368e-06	7.753764e-09	1.671973e+01	5.067404e+02
9.900000e-07	2.460354e-06	8.854785e-09	1.775904e+01	5.795514e+02
1.000000e-06	2.603358e-06	9.894904e-09	1.879125e+01	6.485564e+02
1.010000e-06	2.745300e-06	1.086914e-08	1.981580e+01	7.132017e+02
1.020000e-06	2.886132e-06	1.177674e-08	2.083234e+01	7.732664e+02
1.030000e-06	3.025864e-06	1.262030e-08	2.184094e+01	8.288230e+02
1.040000e-06	3.164371e-06	1.340287e-08	2.284069e+01	8.801624e+02
1.050000e-06	3.301604e-06	1.412647e-08	2.383125e+01	9.277016e+02
1.060000e-06	3.437510e-06	1.480246e-08	2.481223e+01	9.718932e+02
1.070000e-06	3.572067e-06	1.543308e-08	2.578347e+01	1.013154e+03
1.080000e-06	3.705437e-06	1.602061e-08	2.674614e+01	1.051820e+03
1.090000e-06	3.837568e-06	1.656920e-08	2.769988e+01	1.088138e+03
1.100000e-06	3.968272e-06	1.708396e-08	2.864331e+01	1.122274e+03
1.110000e-06	4.097575e-06	1.756516e-08	2.957663e+01	1.154348e+03
1.120000e-06	4.225451e-06	1.801669e-08	3.049965e+01	1.184464e+03
1.130000e-06	4.351822e-06	1.844680e-08	3.141181e+01	1.212741e+03
1.140000e-06	4.476726e-06	1.885529e-08	3.231338e+01	1.239326e+03
1.150000e-06	4.600070e-06	1.923931e-08	3.320368e+01	1.264389e+03
1.160000e-06	4.721795e-06	1.960142e-08	3.408230e+01	1.288114e+03
1.170000e-06	4.841833e-06	1.994702e-08	3.494875e+01	1.310673e+03
1.180000e-06	4.960091e-06	2.027720e-08	3.580234e+01	1.332209e+03
1.190000e-06	5.076509e-06	2.059087e-08	3.664266e+01	1.352819e+03
1.200000e-06	5.190933e-06	2.088867e-08	3.746858e+01	1.372556e+03
1.210000e-06	5.303292e-06	2.117266e-08	3.827959e+01	1.391435e+03
1.220000e-06	5.413737e-06	2.144277e-08	3.907680e+01	1.409453e+03
1.230000e-06	5.522374e-06	2.170083e-08	3.986095e+01	1.426605e+03
1.240000e-06	5.629091e-06	2.194709e-08	4.063124e+01	1.442901e+03
1.250000e-06	5.733717e-06	2.217995e-08	4.138644e+01	1.458377e+03
1.260000e-06	5.836180e-06	2.240284e-08	4.212602e+01	1.473090e+03
1.270000e-06	5.936528e-06	2.261972e-08	4.285034e+01	1.487115e+03
1.280000e-06	6.034708e-06	2.282983e-08	4.355902e+01	1.500529e+03
1.290000e-06	6.130558e-06	2.302775e-08	4.425087e+01	1.513397e+03
1.300000e-06	6.224143e-06	2.321295e-08	4.492637e+01	1.525763e+03
1.310000e-06	6.315599e-06	2.338989e-08	4.558651e+01	1.537646e+03
1.320000e-06	6.404804e-06	2.355954e-08	4.623040e+01	1.549043e+03
1.330000e-06	6.491676e-06	2.372248e-08	4.685745e+01	1.559941e+03
1.340000e-06	6.576306e-06	2.388193e-08	4.746832e+01	1.570325e+03
1.350000e-06	6.658628e-06	2.403663e-08	4.806253e+01	1.580189e+03
1.360000e-06	6.738492e-06	2.418186e-08	4.863898e+01	1.589542e+03
1.370000e-06	6.815870e-06	2.431873e-08	4.919751e+01	1.598409e+03
1.380000e-06	6.890642e-06	2.445066e-08	4.973722e+01	1.606822e+03
1.390000e-06	6.962773e-06	2.457754e-08	5.025786e+01	1.614819e+03
1.400000e-06	7.032484e-06	2.469597e-08	5.076104e+01	1.622429e+03
1.410000e-06	7.099809e-06	2.480757e-08	5.124700e+01	1.629667e+03
1.420000e-06	7.164576e-06	2.491340e-08	5.171449e+01	1.636537e+03
1.430000e-06	7.226811e-06	2.501290e-08	5.216371e+01	1.643034e+03
1.440000e-06	7.286617e-06	2.510554e-08	5.259540e+01	1.649146e+03
1.450000e-06	7.343860e-06	2.519253e-08	5.300858e+01	1.654869e+03
1.460000e-06	7.398438e-06	2.527474e-08	5.340253e+01	1.660208e+03
1.470000e-06	7.450133e-06	2.535042e-08	5.377567e+01	1.665183e+03
1.480000e-06	7.498736e-06	2.542180e-08	5.412649e+01	1.669824e+03
1.490000e-06	7.544529e-06	2.548977e-08	5.445703e+01	1.674166e+03
1.500000e-06	7.587733e-06	2.555408e-08	5.476888e+01	1.678239e+03
1.510000e-06	7.628164e-06	2.561319e-08	5.506071e+01	1.682062e+03
1.520000e-06	7.665844e-06	2.566732e-08	5.533269e+01	1.685638e+03
1.530000e-06	7.700937e-06	2.571860e-08	5.558600e+01	1.688949e+03
1.540000e-06	7.733292e-06	2.576523e-08	5.581954e+01	1.691967e+03
1.550000e-06	7.762918e-06	2.580659e-08	5.603338e+01	1.694656e+03
1.560000e-06	7.789844e-06	2.584213e-08	5.622773e+01	1.696989e+03
1.570000e-06	7.813860e-06	2.587246e-08	5.640108e+01	1.698949e+03
1.580000e-06	7.835032e-06	2.589767e-08	5.655390e+01	1.700540e+03
1.590000e-06	7.853524e-06	2.591883e-08	5.668738e+01	1.701785e+03
1.600000e-06	7.869143e-06	2.593608e-08	5.680012e+01	1.702721e+03
1.610000e-06	7.881686e-06	2.594888e-08	5.689066e+01	1.703391e+03
1.620000e-06	7.891156e-06	2.595921e-08	5.695901e+01	1.703838e+03
1.630000e-06	7.897735e-06	2.596639e-08	5.700650e+01	1.704091e+03
1.640000e-06	7.901591e-06	2.597052e-08	5.703433e+01	1.704162e+03
1.650000e-06	7.902584e-06	2.597368e-08	5.704150e+01	1.704049e+03
1.660000e-06	7.900817e-06	2.596345e-08	5.702874e+01	1.703732e+03
1.670000e-06	7.896476e-06	2.594897e-08	5.699741e+01	1.703185e+03
1.680000e-06	7.889436e-06	2.593485e-08	5.694660e+01	1.702381e+03
1.690000e-06	7.879810e-06	2.591935e-08	5.687711e+01	1.701298e+03
1.700000e-06	7.867551e-06	2.590382e-08	5.678863e+01	1.699927e+03
1.710000e-06	7.852493e-06	2.588813e-08	5.667994e+01	1.698272e+03
1.720000e-06	7.834910e-06	2.587512e-08	5.655302e+01	1.696352e+03
1.730000e-06	7.815091e-06	2.581774e-08	5.640996e+01	1.694193e+03
1.740000e-06	7.792588e-06	2.570494e-08	5.624754e+01	1.691831e+03
1.750000e-06	7.766588e-06	2.570621e-08	5.605987e+01	1.689301e+03
1.760000e-06	7.736892e-06	2.570097e-08	5.584552e+01	1.686637e+03
1.770000e-06	7.704175e-06	2.563590e-08	5.560937e+01	1.683865e+03
1.780000e-06	7.669226e-06	2.561727e-08	5.535710e+01	1.681005e+03
1.790000e-06	7.632169e-06	2.565062e-08	5.508962e+01	1.678059e+03
1.800000e-06	7.593041e-06	2.550274e-08	5.480719e+01	1.675019e+03
1.810000e-06	7.551691e-06	2.544834e-08	5.450872e+01	1.671856e+03
1.820000e-06	7.507781e-06	2.548001e-08	5.419178e+01	1.668527e+03
1.830000e-06	7.461307e-06	2.534723e-08	5.385632e+01	1.664977e+03
1.840000e-06	7.412042e-06	2.543165e-08	5.350073e+01	1.661141e+03
1.850000e-06	7.359862e-06	2.534751e-08	5.312409e+01	1.656955e+03
1.860000e-06	7.304781e-06	2.528742e-08	5.272651e+01	1.652366e+03
1.870000e-06	7.246912e-06	2.522267e-08	5.230880e+01	1.647335e+03
1.880000e-06	7.186594e-06	2.501333e-08	5.187342e+01	1.641851e+03
1.890000e-06	7.123482e-06	2.501449e-08	5.141788e+01	1.635927e+03
1.900000e-06	7.057498e-06	2.488121e-08	5.094160e+01	1.629600e+03
1.910000e-06	6.988816e-06	2.480187e-08	5.044584e+01	1.622921e+03
1.920000e-06	6.917348e-06	2.471120e-08	4.992999e+01	1.615944e+03
1.930000e-06	6.843328e-06	2.458401e-08	4.939571e+01	1.608713e+03
1.940000e-06	6.766667e-06	2.449589e-08	4.884236e+01	1.601256e+03
1.950000e-06	6.687305e-06	2.430528e-08	4.826952e+01	1.593574e+03
1.960000e-06	6.605428e-06	2.425646e-08	4.767852e+01	1.585643e+03
1.970000e-06	6.521165e-06	2.410948e-08	4.707030e+01	1.577423e+03
1.980000e-06	6.434471e-06	2.397300e-08	4.644454e+01	1.568868e+03
1.990000e-06	6.345353e-06	2.384336e-08	4.580128e+01	1.559935e+03
2.000000e-06	6.254087e-06	2.369181e-08	4.514251e+01	1.550600e+03
2.010000e-06	6.160732e-06	2.356001e-08	4.446867e+01	1.540859e+03
2.020000e-06	6.065119e-06	2.336862e-08	4.377853e+01	1.530726e+03
2.030000e-06	5.967252e-06	2.323650e-08	4.307212e+01	1.520231e+03
2.040000e-06	5.867303e-06	2.306040e-08	4.235067e+01	1.509404e+03
2.050000e-06	5.765296e-06	2.290683e-08	4.161438e+01	1.498267e+03
2.060000e-06	5.661218e-06	2.272653e-08	4.086314e+01	1.486823e+03
2.070000e-06	5.555163e-06	2.255422e-08	4.009762e+01	1.475053e+03
2.080000e-06	5.447231e-06	2.236690e-08	3.931856e+01	1.462921e+03
2.090000e-06	5.337422e-06	2.215448e-08	3.852595e+01	1.450380e+03
2.100000e-06	5.225625e-06	2.195603e-08	3.771899e+01	1.437384e+03
2.110000e-06	5.111877e-06	2.175256e-08	3.689794e+01	1.423902e+03
2.120000e-06	4.996199e-06	2.155814e-08	3.606298e+01	1.409921e+03
2.130000e-06	4.878564e-06	2.133672e-08	3.521388e+01	1.395451e+03
2.140000e-06	4.759008e-06	2.111088e-08	3.435091e+01	1.380514e+03
2.150000e-06	4.637692e-06	2.086675e-08	3.347524e+01	1.365141e+03
2.160000e-06	4.514737e-06	2.062625e-08	3.258774e+01	1.349350e+03
2.170000e-06	4.390088e-06	2.037238e-08	3.168802e+01	1.333142e+03
2.180000e-06	4.263820e-06	2.012536e-08	3.077660e+01	1.316494e+03
2.190000e-06	4.135942e-06	1.986609e-08	2.985357e+01	1.299360e+03
2.200000e-06	4.006581e-06	1.959386e-08	2.891983e+01	1.281681e+03
2.210000e-06	3.875752e-06	1.930683e-08	2.797549e+01	1.263400e+03
2.220000e-06	3.743441e-06	1.901821e-08	2.702046e+01	1.244473e+03
2.230000e-06	3.609780e-06	1.873250e-08	2.605569e+01	1.224879e+03
2.240000e-06	3.474821e-06	1.842964e-08	2.508154e+01	1.204623e+03
2.250000e-06	3.338557e-06	1.810858e-08	2.409798e+01	1.183729e+03
2.260000e-06	3.201016e-06	1.777264e-08	2.310519e+01	1.162229e+03
2.270000e-06	3.062230e-06	1.743768e-08	2.210342e+01	1.140144e+03
2.280000e-06	2.922239e-06	1.709331e-08	2.109296e+01	1.117472e+03
2.290000e-06	2.781148e-06	1.673923e-08	2.007455e+01	1.094179e+03
2.300000e-06	2.638985e-06	1.636765e-08	1.904841e+01	1.070201e+03
2.310000e-06	2.495862e-06	1.598490e-08	1.801533e+01	1.045454e+03
2.320000e-06	2.351840e-06	1.559111e-08	1.697577e+01	1.019848e+03
2.330000e-06	2.206934e-06	1.518959e-08	1.592983e+01	9.933095e+02
2.340000e-06	2.061322e-06	1.477810e-08	1.487879e+01	9.657902e+02
2.350000e-06	1.915093e-06	1.434916e-08	1.382330e+01	9.372752e+02
2.360000e-06	1.768216e-06	1.389955e-08	1.276313e+01	9.077752e+02
2.370000e-06	1.620728e-06	1.343134e-08	1.169855e+01	8.773111e+02
2.380000e-06	1.472733e-06	1.295200e-08	1.063031e+01	8.458933e+02
2.390000e-06	1.324254e-06	1.245984e-08	9.558573e+00	8.135024e+02
2.400000e-06	1.175314e-06	1.194383e-08	8.483515e+00	7.800782e+02
2.410000e-06	1.025988e-06	1.140425e-08	7.405669e+00	7.455219e+02
2.420000e-06	8.763318e-07	1.084995e-08	6.325435e+00	7.097114e+02
2.430000e-06	7.264069e-07	1.028367e-08	5.243264e+00	6.725276e+02
2.440000e-06	5.762348e-07	9.699535e-09	4.159310e+00	6.338823e+02
2.450000e-06	4.259036e-07	9.090986e-09	3.074207e+00	5.937406e+02
2.460000e-06	2.754703e-07	8.458798e-09	1.988367e+00	5.521259e+02
2.470000e-06	1.248698e-07	7.802188e-09	9.013206e-01	5.091059e+02
2.480000e-06	-2.584622e-08	7.124489e-09	-1.865601e-01	4.647554e+02
2.490000e-06	-1.765300e-07	6.429391e-09	-1.274208e+00	4.191070e+02
2.500000e-06	-3.271932e-07	5.712185e-09	-2.361707e+00	3.720971e+02
2.510000e-06	-4.777992e-07	4.965384e-09	-3.448794e+00	3.235258e+02
2.520000e-06	-6.282902e-07	4.184979e-09	-4.535050e+00	2.730430e+02
2.530000e-06	-7.786053e-07	3.370057e-09	-5.620037e+00	2.201699e+02
2.540000e-06	-9.285917e-07	2.516216e-09	-6.702651e+00	1.643605e+02
2.550000e-06	-1.078236e-06	1.615301e-09	-7.782795e+00	1.050932e+02
2.560000e-06	-1.227544e-06	6.630479e-10	-8.860510e+00	4.198107e+01
2.570000e-06	-1.376436e-06	-3.469884e-10	-9.935227e+00	-2.512254e+01
2.580000e-06	-1.524849e-06	-1.421558e-09	-1.100649e+01	-9.604312e+01
2.590000e-06	-1.672676e-06	-2.556420e-09	-1.207351e+01	-1.702472e+02
2.600000e-06	-1.819846e-06	-3.735581e-09	-1.313580e+01	-2.468588e+02
2.610000e-06	-1.966358e-06	-4.936973e-09	-1.419333e+01	-3.247294e+02
2.620000e-06	-2.112108e-06	-6.137809e-09	-1.524537e+01	-4.025517e+02
2.630000e-06	-2.257049e-06	-7.313109e-09	-1.629157e+01	-4.789983e+02
2.640000e-06	-2.401166e-06	-8.441694e-09	-1.733181e+01	-5.528609e+02
2.650000e-06	-2.544378e-06	-9.510997e-09	-1.836553e+01	-6.231664e+02
2.660000e-06	-2.686580e-06	-1.051514e-08	-1.939196e+01	-6.892532e+02
2.670000e-06	-2.827675e-06	-1.145171e-08	-2.041039e+01	-7.507956e+02
2.680000e-06	-2.967603e-06	-1.232384e-08	-2.142040e+01	-8.077786e+02
2.690000e-06	-3.106254e-06	-1.313474e-08	-2.242120e+01	-8.604327e+02
2.700000e-06	-3.243709e-06	-1.388562e-08	-2.341336e+01	-9.091445e+02
2.710000e-06	-3.380022e-06	-1.458219e-08	-2.439728e+01	-9.543642e+02
2.720000e-06	-3.515034e-06	-1.523222e-08	-2.537180e+01	-9.965261e+02
2.730000e-06	-3.648792e-06	-1.584216e-08	-2.633728e+01	-1.035996e+03
2.740000e-06	-3.781313e-06	-1.641425e-08	-2.729383e+01	-1.073047e+03
2.750000e-06	-3.912482e-06	-1.694710e-08	-2.824062e+01	-1.107871e+03
2.760000e-06	-4.042293e-06	-1.744185e-08	-2.917760e+01	-1.140596e+03
2.770000e-06	-4.170691e-06	-1.790391e-08	-3.010439e+01	-1.171330e+03
2.780000e-06	-4.297650e-06	-1.833915e-08	-3.102079e+01	-1.200185e+03
2.790000e-06	-4.423162e-06	-1.875326e-08	-3.192675e+01	-1.227296e+03
2.800000e-06	-4.547064e-06	-1.914967e-08	-3.282108e+01	-1.252829e+03
2.810000e-06	-4.669311e-06	-1.952607e-08	-3.370347e+01	-1.276965e+03
2.820000e-06	-4.789939e-06	-1.987956e-08	-3.457417e+01	-1.299882e+03
2.830000e-06	-4.908802e-06	-2.021417e-08	-3.543214e+01	-1.321734e+03
2.840000e-06	-5.025711e-06	-2.053484e-08	-3.627600e+01	-1.342634e+03
2.850000e-06	-5.140543e-06	-2.084148e-08	-3.710486e+01	-1.362649e+03
2.860000e-06	-5.253318e-06	-2.113245e-08	-3.791888e+01	-1.381804e+03
2.870000e-06	-5.364031e-06	-2.140875e-08	-3.871802e+01	-1.400100e+03
2.880000e-06	-5.472795e-06	-2.167209e-08	-3.950308e+01	-1.417531e+03
2.890000e-06	-5.579770e-06	-2.192426e-08	-4.027524e+01	-1.434100e+03
2.900000e-06	-5.684809e-06	-2.216701e-08	-4.103341e+01	-1.449834e+03
2.910000e-06	-5.787700e-06	-2.240011e-08	-4.177609e+01	-1.464785e+03
2.920000e-06	-5.888373e-06	-2.262312e-08	-4.250276e+01	-1.479024e+03
2.930000e-06	-5.986955e-06	-2.283523e-08	-4.321433e+01	-1.492627e+03
2.940000e-06	-6.083425e-06	-2.303599e-08	-4.391066e+01	-1.505665e+03
2.950000e-06	-6.177645e-06	-2.322742e-08	-4.459074e+01	-1.518189e+03
2.960000e-06	-6.269583e-06	-2.340862e-08	-4.525436e+01	-1.530227e+03
2.970000e-06	-6.359329e-06	-2.358273e-08	-4.590216e+01	-1.541782e+03
2.980000e-06	-6.446906e-06	-2.374982e-08	-4.653429e+01	-1.552843e+03
2.990000e-06	-6.532081e-06	-2.390914e-08	-4.714909e+01	-1.563393e+03
3.000000e-06	-6.614875e-06	-2.406104e-08	-4.774671e+01	-1.573425e+03
3.010000e-06	-6.695360e-06	-2.420499e-08	-4.832765e+01	-1.582941e+03
3.020000e-06	-6.773285e-06	-2.434379e-08	-4.889013e+01	-1.591961e+03
3.030000e-06	-6.848540e-06	-2.447472e-08	-4.943333e+01	-1.600517e+03
3.040000e-06	-6.921349e-06	-2.459594e-08	-4.995886e+01	-1.608644e+03
3.050000e-06	-6.991690e-06	-2.471076e-08	-5.046659e+01	-1.616376e+03
3.060000e-06	-7.059453e-06	-2.482144e-08	-5.095571e+01	-1.623733e+03
3.070000e-06	-7.124727e-06	-2.492580e-08	-5.142686e+01	-1.630723e+03
3.080000e-06	-7.187479e-06	-2.502349e-08	-5.187981e+01	-1.637341e+03
3.090000e-06	-7.247664e-06	-2.511695e-08	-5.231423e+01	-1.643578e+03
3.100000e-06	-7.305293e-06	-2.520623e-08	-5.273020e+01	-1.649426e+03
3.110000e-06	-7.360324e-06	-2.528753e-08	-5.312742e+01	-1.654888e+03
3.120000e-06	-7.412504e-06	-2.536413e-08	-5.350406e+01	-1.659977e+03
3.130000e-06	-7.461602e-06	-2.543777e-08	-5.385845e+01	-1.664722e+03
3.140000e-06	-7.507831e-06	-2.550664e-08	-5.419214e+01	-1.669157e+03
3.150000e-06	-7.551628e-06	-2.556909e-08	-5.450827e+01	-1.673314e+03
3.160000e-06	-7.592996e-06	-2.562744e-08	-5.480687e+01	-1.677218e+03
3.170000e-06	-7.631646e-06	-2.568596e-08	-5.508585e+01	-1.680874e+03
3.180000e-06	-7.667594e-06	-2.573929e-08	-5.534532e+01	-1.684273e+03
3.190000e-06	-7.700861e-06	-2.578509e-08	-5.558544e+01	-1.687390e+03
3.200000e-06	-7.731240e-06	-2.582258e-08	-5.580472e+01	-1.690189e+03
3.210000e-06	-7.758803e-06	-2.585708e-08	-5.600368e+01	-1.692639e+03
3.220000e-06	-7.783698e-06	-2.588894e-08	-5.618337e+01	-1.694720e+03
3.230000e-06	-7.805769e-06	-2.591313e-08	-5.634268e+01	-1.696429e+03
3.240000e-06	-7.825031e-06	-2.593120e-08	-5.648172e+01	-1.697782e+03
3.250000e-06	-7.841486e-06	-2.594643e-08	-5.660049e+01	-1.698812e+03
3.260000e-06	-7.854803e-06	-2.595730e-08	-5.669661e+01	-1.699564e+03
3.270000e-06	-7.865093e-06	-2.596289e-08	-5.677088e+01	-1.700079e+03
3.280000e-06	-7.872537e-06	-2.596640e-08	-5.682462e+01	-1.700392e+03
3.290000e-06	-7.877127e-06	-2.596832e-08	-5.685775e+01	-1.700522e+03
3.300000e-06	-7.879027e-06	-2.596350e-08	-5.687146e+01	-1.700470e+03
