# Temperatura_=_87.38
# Concentracion g/m^3_=_24000.0
# C_Vs_to_Am_M_A/Vsm_=_65563218390.804596
# pendiente_HvsI_1/m_=_3716.3
# ordenada_HvsI_A/m_=_1297.0
# frecuencia_Hz_=_302477.2310607368

Tiempo_(s)	Campo_(V.s)	Magnetizacion_(V.s)	Campo_(kA/m)	Magnetizacion_(A/m)
0.000000e+00	-7.875580e-06	-2.549702e-08	-5.686893e+01	-1.669706e+03
1.000000e-08	-7.873150e-06	-2.549291e-08	-5.685139e+01	-1.669346e+03
2.000000e-08	-7.868080e-06	-2.548128e-08	-5.681477e+01	-1.668750e+03
3.000000e-08	-7.860489e-06	-2.546638e-08	-5.675996e+01	-1.667897e+03
4.000000e-08	-7.850198e-06	-2.544837e-08	-5.668565e+01	-1.666772e+03
5.000000e-08	-7.837089e-06	-2.542605e-08	-5.659099e+01	-1.665373e+03
6.000000e-08	-7.821062e-06	-2.539734e-08	-5.647526e+01	-1.663710e+03
7.000000e-08	-7.802428e-06	-2.536250e-08	-5.634070e+01	-1.661801e+03
8.000000e-08	-7.781582e-06	-2.534107e-08	-5.619018e+01	-1.659674e+03
9.000000e-08	-7.758064e-06	-2.537367e-08	-5.602036e+01	-1.657357e+03
1.000000e-07	-7.731401e-06	-2.533423e-08	-5.582782e+01	-1.654881e+03
1.100000e-07	-7.701727e-06	-2.524820e-08	-5.561355e+01	-1.652274e+03
1.200000e-07	-7.669235e-06	-2.519789e-08	-5.537893e+01	-1.649562e+03
1.300000e-07	-7.633979e-06	-2.514744e-08	-5.512435e+01	-1.646763e+03
1.400000e-07	-7.596349e-06	-2.505825e-08	-5.485262e+01	-1.643887e+03
1.500000e-07	-7.556657e-06	-2.496535e-08	-5.456601e+01	-1.640929e+03
1.600000e-07	-7.514608e-06	-2.502554e-08	-5.426238e+01	-1.637866e+03
1.700000e-07	-7.469852e-06	-2.494821e-08	-5.393920e+01	-1.634659e+03
1.800000e-07	-7.422522e-06	-2.485567e-08	-5.359744e+01	-1.631247e+03
1.900000e-07	-7.372380e-06	-2.484480e-08	-5.323536e+01	-1.627561e+03
2.000000e-07	-7.319187e-06	-2.468877e-08	-5.285126e+01	-1.623526e+03
2.100000e-07	-7.263218e-06	-2.460499e-08	-5.244711e+01	-1.619079e+03
2.200000e-07	-7.204596e-06	-2.454316e-08	-5.202380e+01	-1.614176e+03
2.300000e-07	-7.143404e-06	-2.448391e-08	-5.158195e+01	-1.608804e+03
2.400000e-07	-7.079572e-06	-2.440753e-08	-5.112102e+01	-1.602980e+03
2.500000e-07	-7.013056e-06	-2.428334e-08	-5.064071e+01	-1.596748e+03
2.600000e-07	-6.943964e-06	-2.421251e-08	-5.014181e+01	-1.590172e+03
2.700000e-07	-6.872158e-06	-2.410608e-08	-4.962330e+01	-1.583317e+03
2.800000e-07	-6.797621e-06	-2.399729e-08	-4.908507e+01	-1.576234e+03
2.900000e-07	-6.720359e-06	-2.387946e-08	-4.852717e+01	-1.568952e+03
3.000000e-07	-6.640325e-06	-2.377773e-08	-4.794925e+01	-1.561467e+03
3.100000e-07	-6.557831e-06	-2.366895e-08	-4.735357e+01	-1.553748e+03
3.200000e-07	-6.473110e-06	-2.350817e-08	-4.674181e+01	-1.545743e+03
3.300000e-07	-6.386148e-06	-2.339786e-08	-4.611386e+01	-1.537397e+03
3.400000e-07	-6.296901e-06	-2.326609e-08	-4.546942e+01	-1.528663e+03
3.500000e-07	-6.205400e-06	-2.311916e-08	-4.480870e+01	-1.519516e+03
3.600000e-07	-6.111701e-06	-2.296580e-08	-4.413210e+01	-1.509960e+03
3.700000e-07	-6.015771e-06	-2.282717e-08	-4.343940e+01	-1.500020e+03
3.800000e-07	-5.917625e-06	-2.269259e-08	-4.273070e+01	-1.489737e+03
3.900000e-07	-5.817334e-06	-2.252763e-08	-4.200650e+01	-1.479151e+03
4.000000e-07	-5.714991e-06	-2.235915e-08	-4.126749e+01	-1.468288e+03
4.100000e-07	-5.610643e-06	-2.217225e-08	-4.051400e+01	-1.457150e+03
4.200000e-07	-5.504287e-06	-2.199341e-08	-3.974601e+01	-1.445710e+03
4.300000e-07	-5.395991e-06	-2.180914e-08	-3.896402e+01	-1.433922e+03
4.400000e-07	-5.285807e-06	-2.163558e-08	-3.816839e+01	-1.421728e+03
4.500000e-07	-5.173624e-06	-2.145079e-08	-3.735832e+01	-1.409077e+03
4.600000e-07	-5.059420e-06	-2.124826e-08	-3.653367e+01	-1.395935e+03
4.700000e-07	-4.943316e-06	-2.103247e-08	-3.569528e+01	-1.382294e+03
4.800000e-07	-4.825370e-06	-2.081313e-08	-3.484361e+01	-1.368169e+03
4.900000e-07	-4.705670e-06	-2.060108e-08	-3.397926e+01	-1.353592e+03
5.000000e-07	-4.584249e-06	-2.037693e-08	-3.310249e+01	-1.338597e+03
5.100000e-07	-4.461113e-06	-2.014102e-08	-3.221334e+01	-1.323205e+03
5.200000e-07	-4.336350e-06	-1.989292e-08	-3.131243e+01	-1.307412e+03
5.300000e-07	-4.210077e-06	-1.964925e-08	-3.040063e+01	-1.291183e+03
5.400000e-07	-4.082261e-06	-1.939417e-08	-2.947768e+01	-1.274463e+03
5.500000e-07	-3.952858e-06	-1.912592e-08	-2.854327e+01	-1.257182e+03
5.600000e-07	-3.821977e-06	-1.884925e-08	-2.759819e+01	-1.239278e+03
5.700000e-07	-3.689696e-06	-1.856493e-08	-2.664300e+01	-1.220709e+03
5.800000e-07	-3.555999e-06	-1.826960e-08	-2.567759e+01	-1.201461e+03
5.900000e-07	-3.420943e-06	-1.796550e-08	-2.470236e+01	-1.181552e+03
6.000000e-07	-3.284567e-06	-1.766324e-08	-2.371760e+01	-1.161017e+03
6.100000e-07	-3.146875e-06	-1.734867e-08	-2.272333e+01	-1.139897e+03
6.200000e-07	-3.007967e-06	-1.701454e-08	-2.172029e+01	-1.118214e+03
6.300000e-07	-2.867831e-06	-1.666668e-08	-2.070838e+01	-1.095958e+03
6.400000e-07	-2.726405e-06	-1.631763e-08	-1.968715e+01	-1.073083e+03
6.500000e-07	-2.583854e-06	-1.595902e-08	-1.865780e+01	-1.049508e+03
6.600000e-07	-2.440359e-06	-1.558491e-08	-1.762164e+01	-1.025130e+03
6.700000e-07	-2.296026e-06	-1.519775e-08	-1.657942e+01	-9.998512e+02
6.800000e-07	-2.150951e-06	-1.479531e-08	-1.553185e+01	-9.735944e+02
6.900000e-07	-2.005103e-06	-1.437752e-08	-1.447869e+01	-9.463178e+02
7.000000e-07	-1.858571e-06	-1.394507e-08	-1.342059e+01	-9.180168e+02
7.100000e-07	-1.711456e-06	-1.350520e-08	-1.235828e+01	-8.887132e+02
7.200000e-07	-1.563817e-06	-1.304884e-08	-1.129220e+01	-8.584334e+02
7.300000e-07	-1.415706e-06	-1.257467e-08	-1.022270e+01	-8.271838e+02
7.400000e-07	-1.267105e-06	-1.208404e-08	-9.149666e+00	-7.949300e+02
7.500000e-07	-1.118097e-06	-1.157603e-08	-8.073687e+00	-7.615885e+02
7.600000e-07	-9.687571e-07	-1.104853e-08	-6.995317e+00	-7.270336e+02
7.700000e-07	-8.191273e-07	-1.049847e-08	-5.914852e+00	-6.911209e+02
7.800000e-07	-6.692315e-07	-9.926959e-09	-4.832467e+00	-6.537195e+02
7.900000e-07	-5.190846e-07	-9.329574e-09	-3.748268e+00	-6.147449e+02
8.000000e-07	-3.687727e-07	-8.712882e-09	-2.662878e+00	-5.741794e+02
8.100000e-07	-2.183826e-07	-8.077668e-09	-1.576923e+00	-5.320725e+02
8.200000e-07	-6.788829e-08	-7.422983e-09	-4.902159e-01	-4.885157e+02
8.300000e-07	8.268991e-08	-6.745011e-09	5.970972e-01	-4.435944e+02
8.400000e-07	2.332748e-07	-6.040911e-09	1.684458e+00	-3.973272e+02
8.500000e-07	3.838595e-07	-5.308343e-09	2.771819e+00	-3.496081e+02
8.600000e-07	5.343759e-07	-4.545864e-09	3.858685e+00	-3.001679e+02
8.700000e-07	6.846741e-07	-3.753232e-09	4.943976e+00	-2.485721e+02
8.800000e-07	8.347238e-07	-2.921475e-09	6.027474e+00	-1.942609e+02
8.900000e-07	9.845233e-07	-2.042858e-09	7.109164e+00	-1.366328e+02
9.000000e-07	1.134033e-06	-1.109116e-09	8.188764e+00	-7.515825e+01
9.100000e-07	1.283195e-06	-1.191445e-10	9.265848e+00	-9.505146e+00
9.200000e-07	1.431868e-06	9.344695e-10	1.033941e+01	6.035057e+01
9.300000e-07	1.580031e-06	2.053441e-09	1.140928e+01	1.340514e+02
9.400000e-07	1.727644e-06	3.227674e-09	1.247518e+01	2.108408e+02
9.500000e-07	1.874663e-06	4.438380e-09	1.353679e+01	2.896088e+02
9.600000e-07	2.021098e-06	5.657967e-09	1.459418e+01	3.689956e+02
9.700000e-07	2.166752e-06	6.859969e-09	1.564594e+01	4.475368e+02
9.800000e-07	2.311590e-06	8.019048e-09	1.669181e+01	5.238243e+02
9.900000e-07	2.455565e-06	9.120385e-09	1.773144e+01	5.966559e+02
1.000000e-06	2.598517e-06	1.015100e-08	1.876369e+01	6.651476e+02
1.010000e-06	2.740468e-06	1.110681e-08	1.978870e+01	7.287914e+02
1.020000e-06	2.881335e-06	1.199143e-08	2.080589e+01	7.874536e+02
1.030000e-06	3.021006e-06	1.281114e-08	2.181444e+01	8.413183e+02
1.040000e-06	3.159490e-06	1.356867e-08	2.281443e+01	8.907940e+02
1.050000e-06	3.296701e-06	1.426466e-08	2.380522e+01	9.364033e+02
1.060000e-06	3.432543e-06	1.490999e-08	2.478612e+01	9.786799e+02
1.070000e-06	3.567135e-06	1.551096e-08	2.575800e+01	1.018090e+03
1.080000e-06	3.700515e-06	1.607294e-08	2.672112e+01	1.054992e+03
1.090000e-06	3.832563e-06	1.659670e-08	2.767463e+01	1.089627e+03
1.100000e-06	3.963239e-06	1.708453e-08	2.861823e+01	1.122144e+03
1.110000e-06	4.092516e-06	1.754062e-08	2.955173e+01	1.152643e+03
1.120000e-06	4.220279e-06	1.796912e-08	3.047429e+01	1.181215e+03
1.130000e-06	4.346564e-06	1.837610e-08	3.138619e+01	1.207976e+03
1.140000e-06	4.471439e-06	1.876193e-08	3.228790e+01	1.233081e+03
1.150000e-06	4.594789e-06	1.912556e-08	3.317860e+01	1.256716e+03
1.160000e-06	4.716514e-06	1.946875e-08	3.405757e+01	1.279083e+03
1.170000e-06	4.836523e-06	1.979573e-08	3.492415e+01	1.300369e+03
1.180000e-06	4.954759e-06	2.010734e-08	3.577792e+01	1.320721e+03
1.190000e-06	5.071182e-06	2.040298e-08	3.661860e+01	1.340234e+03
1.200000e-06	5.185655e-06	2.068259e-08	3.744520e+01	1.358948e+03
1.210000e-06	5.298084e-06	2.094879e-08	3.825704e+01	1.376859e+03
1.220000e-06	5.408557e-06	2.120349e-08	3.905476e+01	1.393946e+03
1.230000e-06	5.517180e-06	2.144933e-08	3.983911e+01	1.410190e+03
1.240000e-06	5.623923e-06	2.168667e-08	4.060990e+01	1.425594e+03
1.250000e-06	5.728534e-06	2.190981e-08	4.136528e+01	1.440195e+03
1.260000e-06	5.830983e-06	2.211943e-08	4.210506e+01	1.454061e+03
1.270000e-06	5.931413e-06	2.232070e-08	4.283025e+01	1.467277e+03
1.280000e-06	6.029599e-06	2.251623e-08	4.353925e+01	1.479932e+03
1.290000e-06	6.125410e-06	2.270264e-08	4.423109e+01	1.492098e+03
1.300000e-06	6.219014e-06	2.287941e-08	4.490700e+01	1.503819e+03
1.310000e-06	6.310524e-06	2.304955e-08	4.556778e+01	1.515110e+03
1.320000e-06	6.399773e-06	2.321241e-08	4.621225e+01	1.525958e+03
1.330000e-06	6.486688e-06	2.336673e-08	4.683985e+01	1.536337e+03
1.340000e-06	6.571374e-06	2.351554e-08	4.745136e+01	1.546221e+03
1.350000e-06	6.653719e-06	2.366203e-08	4.804597e+01	1.555597e+03
1.360000e-06	6.733590e-06	2.380229e-08	4.862271e+01	1.564471e+03
1.370000e-06	6.811001e-06	2.393443e-08	4.918169e+01	1.572870e+03
1.380000e-06	6.885789e-06	2.405890e-08	4.972173e+01	1.580831e+03
1.390000e-06	6.957951e-06	2.417631e-08	5.024280e+01	1.588397e+03
1.400000e-06	7.027710e-06	2.428536e-08	5.074653e+01	1.595601e+03
1.410000e-06	7.095080e-06	2.438895e-08	5.123301e+01	1.602463e+03
1.420000e-06	7.159892e-06	2.448990e-08	5.170101e+01	1.608987e+03
1.430000e-06	7.222147e-06	2.458499e-08	5.215054e+01	1.615163e+03
1.440000e-06	7.282052e-06	2.467321e-08	5.258311e+01	1.620977e+03
1.450000e-06	7.339436e-06	2.475567e-08	5.299748e+01	1.626423e+03
1.460000e-06	7.394149e-06	2.483232e-08	5.339255e+01	1.631503e+03
1.470000e-06	7.445954e-06	2.490208e-08	5.376663e+01	1.636236e+03
1.480000e-06	7.494658e-06	2.496878e-08	5.411832e+01	1.640654e+03
1.490000e-06	7.540577e-06	2.503427e-08	5.444990e+01	1.644792e+03
1.500000e-06	7.583884e-06	2.509694e-08	5.476262e+01	1.648682e+03
1.510000e-06	7.624409e-06	2.515535e-08	5.505524e+01	1.652342e+03
1.520000e-06	7.662185e-06	2.520899e-08	5.532802e+01	1.655772e+03
1.530000e-06	7.697353e-06	2.525755e-08	5.558197e+01	1.658952e+03
1.540000e-06	7.729709e-06	2.530069e-08	5.581561e+01	1.661849e+03
1.550000e-06	7.759355e-06	2.534030e-08	5.602968e+01	1.664427e+03
1.560000e-06	7.786328e-06	2.537484e-08	5.622445e+01	1.666655e+03
1.570000e-06	7.810310e-06	2.540450e-08	5.639762e+01	1.668521e+03
1.580000e-06	7.831479e-06	2.542850e-08	5.655048e+01	1.670029e+03
1.590000e-06	7.850019e-06	2.544794e-08	5.668436e+01	1.671207e+03
1.600000e-06	7.865678e-06	2.546413e-08	5.679743e+01	1.672093e+03
1.610000e-06	7.878315e-06	2.547702e-08	5.688868e+01	1.672734e+03
1.620000e-06	7.887845e-06	2.548606e-08	5.695749e+01	1.673168e+03
1.630000e-06	7.894468e-06	2.549211e-08	5.700532e+01	1.673424e+03
1.640000e-06	7.898388e-06	2.549566e-08	5.703362e+01	1.673509e+03
1.650000e-06	7.899479e-06	2.549736e-08	5.704150e+01	1.673417e+03
1.660000e-06	7.897815e-06	2.548876e-08	5.702948e+01	1.673125e+03
1.670000e-06	7.893548e-06	2.547662e-08	5.699867e+01	1.672608e+03
1.680000e-06	7.886615e-06	2.546368e-08	5.694861e+01	1.671840e+03
1.690000e-06	7.877012e-06	2.544720e-08	5.687927e+01	1.670803e+03
1.700000e-06	7.864729e-06	2.542988e-08	5.679058e+01	1.669491e+03
1.710000e-06	7.849703e-06	2.541713e-08	5.668207e+01	1.667910e+03
1.720000e-06	7.832178e-06	2.540640e-08	5.655553e+01	1.666077e+03
1.730000e-06	7.812399e-06	2.535101e-08	5.641271e+01	1.664017e+03
1.740000e-06	7.789929e-06	2.524976e-08	5.625045e+01	1.661758e+03
1.750000e-06	7.763964e-06	2.524030e-08	5.606296e+01	1.659329e+03
1.760000e-06	7.734320e-06	2.523006e-08	5.584890e+01	1.656761e+03
1.770000e-06	7.701676e-06	2.517249e-08	5.561318e+01	1.654079e+03
1.780000e-06	7.666770e-06	2.515156e-08	5.536113e+01	1.651306e+03
1.790000e-06	7.629684e-06	2.518580e-08	5.509333e+01	1.648454e+03
1.800000e-06	7.590591e-06	2.505959e-08	5.481105e+01	1.645524e+03
1.810000e-06	7.549343e-06	2.500525e-08	5.451320e+01	1.642498e+03
1.820000e-06	7.505475e-06	2.502800e-08	5.419643e+01	1.639342e+03
1.830000e-06	7.459049e-06	2.490739e-08	5.386119e+01	1.636003e+03
1.840000e-06	7.409839e-06	2.497118e-08	5.350585e+01	1.632413e+03
1.850000e-06	7.357717e-06	2.490981e-08	5.312948e+01	1.628497e+03
1.860000e-06	7.302758e-06	2.486151e-08	5.273263e+01	1.624188e+03
1.870000e-06	7.245020e-06	2.479131e-08	5.231571e+01	1.619435e+03
1.880000e-06	7.184767e-06	2.460430e-08	5.188062e+01	1.614213e+03
1.890000e-06	7.121741e-06	2.459054e-08	5.142552e+01	1.608530e+03
1.900000e-06	7.055879e-06	2.446816e-08	5.094993e+01	1.602422e+03
1.910000e-06	6.987360e-06	2.439581e-08	5.045517e+01	1.595949e+03
1.920000e-06	6.916079e-06	2.430771e-08	4.994045e+01	1.589177e+03
1.930000e-06	6.842134e-06	2.418328e-08	4.940650e+01	1.582162e+03
1.940000e-06	6.765493e-06	2.408989e-08	4.885308e+01	1.574942e+03
1.950000e-06	6.686230e-06	2.392385e-08	4.828073e+01	1.567524e+03
1.960000e-06	6.604492e-06	2.385852e-08	4.769050e+01	1.559885e+03
1.970000e-06	6.520287e-06	2.371445e-08	4.708247e+01	1.551978e+03
1.980000e-06	6.433684e-06	2.358706e-08	4.645712e+01	1.543747e+03
1.990000e-06	6.344762e-06	2.345965e-08	4.581501e+01	1.535141e+03
2.000000e-06	6.253610e-06	2.332419e-08	4.515681e+01	1.526128e+03
2.010000e-06	6.160242e-06	2.319734e-08	4.448261e+01	1.516701e+03
2.020000e-06	6.064719e-06	2.301801e-08	4.379285e+01	1.506880e+03
2.030000e-06	5.967078e-06	2.287509e-08	4.308779e+01	1.496702e+03
2.040000e-06	5.867282e-06	2.270164e-08	4.236717e+01	1.486209e+03
2.050000e-06	5.765322e-06	2.255632e-08	4.163093e+01	1.475434e+03
2.060000e-06	5.661300e-06	2.239081e-08	4.087979e+01	1.464385e+03
2.070000e-06	5.555394e-06	2.222688e-08	4.011506e+01	1.453046e+03
2.080000e-06	5.447621e-06	2.204211e-08	3.933683e+01	1.441375e+03
2.090000e-06	5.337882e-06	2.183669e-08	3.854441e+01	1.429318e+03
2.100000e-06	5.226184e-06	2.163774e-08	3.773786e+01	1.416818e+03
2.110000e-06	5.112604e-06	2.144278e-08	3.691770e+01	1.403836e+03
2.120000e-06	4.997023e-06	2.125670e-08	3.608310e+01	1.390354e+03
2.130000e-06	4.879427e-06	2.104704e-08	3.523395e+01	1.376381e+03
2.140000e-06	4.759959e-06	2.082683e-08	3.437128e+01	1.361945e+03
2.150000e-06	4.638760e-06	2.059348e-08	3.349611e+01	1.347081e+03
2.160000e-06	4.515919e-06	2.036437e-08	3.260908e+01	1.331816e+03
2.170000e-06	4.391363e-06	2.011858e-08	3.170968e+01	1.316153e+03
2.180000e-06	4.265191e-06	1.987533e-08	3.079860e+01	1.300069e+03
2.190000e-06	4.137505e-06	1.962311e-08	2.987659e+01	1.283513e+03
2.200000e-06	4.008323e-06	1.936059e-08	2.894378e+01	1.266420e+03
2.210000e-06	3.877671e-06	1.908494e-08	2.800035e+01	1.248722e+03
2.220000e-06	3.745514e-06	1.880913e-08	2.704606e+01	1.230369e+03
2.230000e-06	3.611912e-06	1.852793e-08	2.608133e+01	1.211339e+03
2.240000e-06	3.477056e-06	1.822704e-08	2.510754e+01	1.191638e+03
2.250000e-06	3.340983e-06	1.791269e-08	2.412497e+01	1.171300e+03
2.260000e-06	3.203624e-06	1.759316e-08	2.313311e+01	1.150364e+03
2.270000e-06	3.064955e-06	1.727066e-08	2.213179e+01	1.128860e+03
2.280000e-06	2.924990e-06	1.693490e-08	2.112112e+01	1.106792e+03
2.290000e-06	2.783869e-06	1.658951e-08	2.010209e+01	1.084123e+03
2.300000e-06	2.641782e-06	1.622723e-08	1.907609e+01	1.060782e+03
2.310000e-06	2.498831e-06	1.585215e-08	1.804386e+01	1.036673e+03
2.320000e-06	2.354982e-06	1.546667e-08	1.700514e+01	1.011694e+03
2.330000e-06	2.210220e-06	1.507630e-08	1.595982e+01	9.857572e+02
2.340000e-06	2.064662e-06	1.467535e-08	1.490876e+01	9.588101e+02
2.350000e-06	1.918457e-06	1.425312e-08	1.385303e+01	9.308366e+02
2.360000e-06	1.771668e-06	1.381116e-08	1.279307e+01	9.018517e+02
2.370000e-06	1.624332e-06	1.335234e-08	1.172917e+01	8.718831e+02
2.380000e-06	1.476495e-06	1.287882e-08	1.066165e+01	8.409463e+02
2.390000e-06	1.328150e-06	1.239147e-08	9.590467e+00	8.090217e+02
2.400000e-06	1.179317e-06	1.188488e-08	8.515756e+00	7.760414e+02
2.410000e-06	1.030025e-06	1.135475e-08	7.437729e+00	7.418915e+02
2.420000e-06	8.803785e-07	1.080409e-08	6.357143e+00	7.064305e+02
2.430000e-06	7.304558e-07	1.023839e-08	5.274562e+00	6.695193e+02
2.440000e-06	5.802869e-07	9.654141e-09	4.190205e+00	6.310553e+02
2.450000e-06	4.299430e-07	9.046920e-09	3.104584e+00	5.909983e+02
2.460000e-06	2.794443e-07	8.416238e-09	2.017845e+00	5.493777e+02
2.470000e-06	1.288352e-07	7.762738e-09	9.303087e-01	5.062758e+02
2.480000e-06	-2.186267e-08	7.085282e-09	-1.578685e-01	4.617862e+02
2.490000e-06	-1.725802e-07	6.387127e-09	-1.246188e+00	4.159558e+02
2.500000e-06	-3.232481e-07	5.666076e-09	-2.334149e+00	3.687240e+02
2.510000e-06	-4.738372e-07	4.913783e-09	-3.421540e+00	3.198765e+02
2.520000e-06	-6.242954e-07	4.125267e-09	-4.507987e+00	2.690295e+02
2.530000e-06	-7.745741e-07	3.300027e-09	-5.593137e+00	2.156564e+02
2.540000e-06	-9.246033e-07	2.436411e-09	-6.676486e+00	1.591577e+02
2.550000e-06	-1.074309e-06	1.525172e-09	-7.757495e+00	9.896732e+01
2.560000e-06	-1.223681e-06	5.579878e-10	-8.836099e+00	3.467629e+01
2.570000e-06	-1.372608e-06	-4.730906e-10	-9.911492e+00	-3.384872e+01
2.580000e-06	-1.520964e-06	-1.572317e-09	-1.098276e+01	-1.063777e+02
2.590000e-06	-1.668718e-06	-2.734219e-09	-1.204968e+01	-1.822804e+02
2.600000e-06	-1.815829e-06	-3.940784e-09	-1.311196e+01	-2.605517e+02
2.610000e-06	-1.962254e-06	-5.167621e-09	-1.416928e+01	-3.398980e+02
2.620000e-06	-2.108011e-06	-6.387432e-09	-1.522178e+01	-4.188709e+02
2.630000e-06	-2.252983e-06	-7.573606e-09	-1.626861e+01	-4.960269e+02
2.640000e-06	-2.396958e-06	-8.704661e-09	-1.730824e+01	-5.700831e+02
2.650000e-06	-2.539961e-06	-9.767418e-09	-1.834085e+01	-6.400441e+02
2.660000e-06	-2.682052e-06	-1.075543e-08	-1.936688e+01	-7.052784e+02
2.670000e-06	-2.823083e-06	-1.166885e-08	-2.038525e+01	-7.655358e+02
2.680000e-06	-2.962873e-06	-1.251537e-08	-2.139466e+01	-8.209071e+02
2.690000e-06	-3.101465e-06	-1.330051e-08	-2.239543e+01	-8.717402e+02
2.700000e-06	-3.238927e-06	-1.402623e-08	-2.338803e+01	-9.185331e+02
2.710000e-06	-3.375142e-06	-1.469694e-08	-2.437163e+01	-9.618259e+02
2.720000e-06	-3.510058e-06	-1.532125e-08	-2.534585e+01	-1.002113e+03
2.730000e-06	-3.643792e-06	-1.590511e-08	-2.631153e+01	-1.039790e+03
2.740000e-06	-3.776230e-06	-1.644583e-08	-2.726785e+01	-1.075134e+03
2.750000e-06	-3.907316e-06	-1.694557e-08	-2.821442e+01	-1.108320e+03
2.760000e-06	-4.037127e-06	-1.741410e-08	-2.915177e+01	-1.139458e+03
2.770000e-06	-4.165521e-06	-1.785446e-08	-3.007889e+01	-1.168639e+03
2.780000e-06	-4.292459e-06	-1.826805e-08	-3.099550e+01	-1.195968e+03
2.790000e-06	-4.417947e-06	-1.866231e-08	-3.190164e+01	-1.221586e+03
2.800000e-06	-4.541825e-06	-1.904020e-08	-3.279616e+01	-1.245672e+03
2.810000e-06	-4.664097e-06	-1.939725e-08	-3.367907e+01	-1.268426e+03
2.820000e-06	-4.784741e-06	-1.972974e-08	-3.455023e+01	-1.290041e+03
2.830000e-06	-4.903584e-06	-2.004341e-08	-3.540838e+01	-1.310681e+03
2.840000e-06	-5.020459e-06	-2.034645e-08	-3.625233e+01	-1.330457e+03
2.850000e-06	-5.135207e-06	-2.063743e-08	-3.708092e+01	-1.349427e+03
2.860000e-06	-5.247899e-06	-2.091156e-08	-3.789465e+01	-1.367599e+03
2.870000e-06	-5.358558e-06	-2.117151e-08	-3.869372e+01	-1.384954e+03
2.880000e-06	-5.467271e-06	-2.142105e-08	-3.947873e+01	-1.401470e+03
2.890000e-06	-5.574212e-06	-2.166202e-08	-4.025094e+01	-1.417141e+03
2.900000e-06	-5.679237e-06	-2.189433e-08	-4.100932e+01	-1.431995e+03
2.910000e-06	-5.782177e-06	-2.211621e-08	-4.175264e+01	-1.446089e+03
2.920000e-06	-5.882881e-06	-2.232722e-08	-4.247981e+01	-1.459505e+03
2.930000e-06	-5.981400e-06	-2.252509e-08	-4.319121e+01	-1.472332e+03
2.940000e-06	-6.077926e-06	-2.271313e-08	-4.388821e+01	-1.484649e+03
2.950000e-06	-6.172208e-06	-2.289208e-08	-4.456902e+01	-1.496510e+03
2.960000e-06	-6.264144e-06	-2.306309e-08	-4.523288e+01	-1.507940e+03
2.970000e-06	-6.353937e-06	-2.322926e-08	-4.588127e+01	-1.518933e+03
2.980000e-06	-6.441528e-06	-2.338829e-08	-4.651376e+01	-1.529466e+03
2.990000e-06	-6.526702e-06	-2.353998e-08	-4.712879e+01	-1.539512e+03
3.000000e-06	-6.609514e-06	-2.368522e-08	-4.772677e+01	-1.549052e+03
3.010000e-06	-6.690065e-06	-2.382573e-08	-4.830842e+01	-1.558086e+03
3.020000e-06	-6.768023e-06	-2.395904e-08	-4.887135e+01	-1.566634e+03
3.030000e-06	-6.843279e-06	-2.408123e-08	-4.941477e+01	-1.574732e+03
3.040000e-06	-6.916084e-06	-2.419486e-08	-4.994049e+01	-1.582421e+03
3.050000e-06	-6.986425e-06	-2.430348e-08	-5.044841e+01	-1.589739e+03
3.060000e-06	-7.054237e-06	-2.440822e-08	-5.093808e+01	-1.596710e+03
3.070000e-06	-7.119622e-06	-2.450769e-08	-5.141022e+01	-1.603344e+03
3.080000e-06	-7.182551e-06	-2.460186e-08	-5.186462e+01	-1.609633e+03
3.090000e-06	-7.242868e-06	-2.469146e-08	-5.230017e+01	-1.615566e+03
3.100000e-06	-7.300559e-06	-2.477767e-08	-5.271675e+01	-1.621130e+03
3.110000e-06	-7.355645e-06	-2.485880e-08	-5.311452e+01	-1.626327e+03
3.120000e-06	-7.407919e-06	-2.493423e-08	-5.349199e+01	-1.631169e+03
3.130000e-06	-7.457126e-06	-2.500403e-08	-5.384731e+01	-1.635685e+03
3.140000e-06	-7.503431e-06	-2.506722e-08	-5.418167e+01	-1.639909e+03
3.150000e-06	-7.547254e-06	-2.512449e-08	-5.449812e+01	-1.643877e+03
3.160000e-06	-7.588687e-06	-2.517948e-08	-5.479730e+01	-1.647610e+03
3.170000e-06	-7.627447e-06	-2.523594e-08	-5.507718e+01	-1.651116e+03
3.180000e-06	-7.663460e-06	-2.528690e-08	-5.533723e+01	-1.654379e+03
3.190000e-06	-7.696787e-06	-2.533010e-08	-5.557788e+01	-1.657372e+03
3.200000e-06	-7.727254e-06	-2.536698e-08	-5.579788e+01	-1.660056e+03
3.210000e-06	-7.754863e-06	-2.540052e-08	-5.599724e+01	-1.662400e+03
3.220000e-06	-7.779798e-06	-2.543072e-08	-5.617729e+01	-1.664383e+03
3.230000e-06	-7.801942e-06	-2.545369e-08	-5.633719e+01	-1.666005e+03
3.240000e-06	-7.821244e-06	-2.547050e-08	-5.647658e+01	-1.667285e+03
3.250000e-06	-7.837770e-06	-2.548377e-08	-5.659591e+01	-1.668261e+03
3.260000e-06	-7.851223e-06	-2.549388e-08	-5.669305e+01	-1.668976e+03
3.270000e-06	-7.861585e-06	-2.550132e-08	-5.676788e+01	-1.669473e+03
3.280000e-06	-7.869092e-06	-2.550627e-08	-5.682208e+01	-1.669785e+03
3.290000e-06	-7.873779e-06	-2.550849e-08	-5.685593e+01	-1.669926e+03
3.300000e-06	-7.875761e-06	-2.550485e-08	-5.687023e+01	-1.669893e+03
