# Temperatura_=_60.85
# Concentracion g/m^3_=_24000.0
# C_Vs_to_Am_M_A/Vsm_=_65563218390.804596
# pendiente_HvsI_1/m_=_3716.3
# ordenada_HvsI_A/m_=_1297.0
# frecuencia_Hz_=_302485.8362329242

Tiempo_(s)	Campo_(V.s)	Magnetizacion_(V.s)	Campo_(kA/m)	Magnetizacion_(A/m)
0.000000e+00	-7.903854e-06	-2.501962e-08	-5.686908e+01	-1.638099e+03
1.000000e-08	-7.901782e-06	-2.501609e-08	-5.685418e+01	-1.637751e+03
2.000000e-08	-7.897111e-06	-2.500588e-08	-5.682057e+01	-1.637192e+03
3.000000e-08	-7.889965e-06	-2.499177e-08	-5.676915e+01	-1.636396e+03
4.000000e-08	-7.880088e-06	-2.497393e-08	-5.669808e+01	-1.635341e+03
5.000000e-08	-7.867327e-06	-2.495316e-08	-5.660627e+01	-1.634013e+03
6.000000e-08	-7.851613e-06	-2.492795e-08	-5.649320e+01	-1.632413e+03
7.000000e-08	-7.833287e-06	-2.490057e-08	-5.636135e+01	-1.630553e+03
8.000000e-08	-7.812736e-06	-2.488125e-08	-5.621348e+01	-1.628460e+03
9.000000e-08	-7.789579e-06	-2.488896e-08	-5.604686e+01	-1.626168e+03
1.000000e-07	-7.763332e-06	-2.484647e-08	-5.585801e+01	-1.623718e+03
1.100000e-07	-7.733962e-06	-2.477968e-08	-5.564669e+01	-1.621148e+03
1.200000e-07	-7.701718e-06	-2.473029e-08	-5.541470e+01	-1.618490e+03
1.300000e-07	-7.666752e-06	-2.467479e-08	-5.516311e+01	-1.615765e+03
1.400000e-07	-7.629340e-06	-2.460346e-08	-5.489392e+01	-1.612979e+03
1.500000e-07	-7.589878e-06	-2.454520e-08	-5.460999e+01	-1.610121e+03
1.600000e-07	-7.548107e-06	-2.455167e-08	-5.430944e+01	-1.607159e+03
1.700000e-07	-7.503575e-06	-2.446865e-08	-5.398903e+01	-1.604049e+03
1.800000e-07	-7.456429e-06	-2.440978e-08	-5.364981e+01	-1.600732e+03
1.900000e-07	-7.406437e-06	-2.434507e-08	-5.329011e+01	-1.597141e+03
2.000000e-07	-7.353373e-06	-2.422829e-08	-5.290831e+01	-1.593216e+03
2.100000e-07	-7.297578e-06	-2.417134e-08	-5.250686e+01	-1.588902e+03
2.200000e-07	-7.239143e-06	-2.409266e-08	-5.208642e+01	-1.584163e+03
2.300000e-07	-7.178155e-06	-2.404623e-08	-5.164760e+01	-1.578986e+03
2.400000e-07	-7.114544e-06	-2.396875e-08	-5.118992e+01	-1.573381e+03
2.500000e-07	-7.048165e-06	-2.384643e-08	-5.071231e+01	-1.567379e+03
2.600000e-07	-6.979203e-06	-2.375576e-08	-5.021612e+01	-1.561024e+03
2.700000e-07	-6.907579e-06	-2.366453e-08	-4.970078e+01	-1.554364e+03
2.800000e-07	-6.833117e-06	-2.356202e-08	-4.916501e+01	-1.547441e+03
2.900000e-07	-6.755854e-06	-2.344249e-08	-4.860910e+01	-1.540283e+03
3.000000e-07	-6.675792e-06	-2.334470e-08	-4.803305e+01	-1.532898e+03
3.100000e-07	-6.593264e-06	-2.322845e-08	-4.743924e+01	-1.525273e+03
3.200000e-07	-6.508599e-06	-2.307581e-08	-4.683007e+01	-1.517379e+03
3.300000e-07	-6.421720e-06	-2.296137e-08	-4.620497e+01	-1.509181e+03
3.400000e-07	-6.332482e-06	-2.283561e-08	-4.556289e+01	-1.500643e+03
3.500000e-07	-6.240919e-06	-2.269787e-08	-4.490409e+01	-1.491738e+03
3.600000e-07	-6.147157e-06	-2.255546e-08	-4.422946e+01	-1.482456e+03
3.700000e-07	-6.051129e-06	-2.242043e-08	-4.353852e+01	-1.472800e+03
3.800000e-07	-5.952857e-06	-2.227706e-08	-4.283145e+01	-1.462784e+03
3.900000e-07	-5.852493e-06	-2.210999e-08	-4.210932e+01	-1.452426e+03
4.000000e-07	-5.750096e-06	-2.194824e-08	-4.137256e+01	-1.441742e+03
4.100000e-07	-5.645618e-06	-2.177152e-08	-4.062083e+01	-1.430734e+03
4.200000e-07	-5.539084e-06	-2.159268e-08	-3.985431e+01	-1.419392e+03
4.300000e-07	-5.430579e-06	-2.141654e-08	-3.907360e+01	-1.407692e+03
4.400000e-07	-5.320215e-06	-2.124809e-08	-3.827952e+01	-1.395603e+03
4.500000e-07	-5.207915e-06	-2.105696e-08	-3.747151e+01	-1.383091e+03
4.600000e-07	-5.093524e-06	-2.084750e-08	-3.664846e+01	-1.370130e+03
4.700000e-07	-4.977131e-06	-2.064181e-08	-3.581099e+01	-1.356706e+03
4.800000e-07	-4.858932e-06	-2.042972e-08	-3.496054e+01	-1.342817e+03
4.900000e-07	-4.739026e-06	-2.021473e-08	-3.409781e+01	-1.328471e+03
5.000000e-07	-4.617372e-06	-1.999727e-08	-3.322249e+01	-1.313681e+03
5.100000e-07	-4.493988e-06	-1.977149e-08	-3.233473e+01	-1.298452e+03
5.200000e-07	-4.368958e-06	-1.952095e-08	-3.143512e+01	-1.282781e+03
5.300000e-07	-4.242449e-06	-1.926798e-08	-3.052488e+01	-1.266650e+03
5.400000e-07	-4.114450e-06	-1.901933e-08	-2.960392e+01	-1.250026e+03
5.500000e-07	-3.984800e-06	-1.875888e-08	-2.867106e+01	-1.232868e+03
5.600000e-07	-3.853562e-06	-1.848230e-08	-2.772680e+01	-1.215138e+03
5.700000e-07	-3.720904e-06	-1.820083e-08	-2.677230e+01	-1.196803e+03
5.800000e-07	-3.586946e-06	-1.791423e-08	-2.580846e+01	-1.177846e+03
5.900000e-07	-3.451686e-06	-1.761096e-08	-2.483526e+01	-1.158266e+03
6.000000e-07	-3.315018e-06	-1.730423e-08	-2.385191e+01	-1.138074e+03
6.100000e-07	-3.176959e-06	-1.699634e-08	-2.285856e+01	-1.117280e+03
6.200000e-07	-3.037588e-06	-1.667338e-08	-2.185577e+01	-1.095892e+03
6.300000e-07	-2.896896e-06	-1.633131e-08	-2.084348e+01	-1.073898e+03
6.400000e-07	-2.754920e-06	-1.598434e-08	-1.982195e+01	-1.051266e+03
6.500000e-07	-2.611875e-06	-1.563222e-08	-1.879272e+01	-1.027944e+03
6.600000e-07	-2.467936e-06	-1.526314e-08	-1.775706e+01	-1.003869e+03
6.700000e-07	-2.323138e-06	-1.487816e-08	-1.671523e+01	-9.789763e+02
6.800000e-07	-2.177563e-06	-1.448324e-08	-1.566780e+01	-9.532106e+02
6.900000e-07	-2.031270e-06	-1.407724e-08	-1.461521e+01	-9.265361e+02
7.000000e-07	-1.884301e-06	-1.365468e-08	-1.355775e+01	-8.989370e+02
7.100000e-07	-1.736759e-06	-1.322341e-08	-1.249617e+01	-8.704127e+02
7.200000e-07	-1.588715e-06	-1.278127e-08	-1.143098e+01	-8.409657e+02
7.300000e-07	-1.440188e-06	-1.232144e-08	-1.036231e+01	-8.105876e+02
7.400000e-07	-1.291210e-06	-1.184335e-08	-9.290398e+00	-7.792471e+02
7.500000e-07	-1.141888e-06	-1.135034e-08	-8.216007e+00	-7.468839e+02
7.600000e-07	-9.922759e-07	-1.084058e-08	-7.139533e+00	-7.134134e+02
7.700000e-07	-8.423215e-07	-1.030845e-08	-6.060594e+00	-6.787396e+02
7.800000e-07	-6.920078e-07	-9.757959e-09	-4.979071e+00	-6.427752e+02
7.900000e-07	-5.413945e-07	-9.187947e-09	-3.895392e+00	-6.054621e+02
8.000000e-07	-3.905984e-07	-8.599937e-09	-2.810397e+00	-5.667841e+02
8.100000e-07	-2.396507e-07	-7.994508e-09	-1.724313e+00	-5.267684e+02
8.200000e-07	-8.850155e-08	-7.373394e-09	-6.367782e-01	-4.854686e+02
8.300000e-07	6.273373e-08	-6.732321e-09	4.513760e-01	-4.429334e+02
8.400000e-07	2.139048e-07	-6.065924e-09	1.539068e+00	-3.991650e+02
8.500000e-07	3.650114e-07	-5.375616e-09	2.626297e+00	-3.540776e+02
8.600000e-07	5.160448e-07	-4.661339e-09	3.712998e+00	-3.074674e+02
8.700000e-07	6.669413e-07	-3.920007e-09	4.798715e+00	-2.590062e+02
8.800000e-07	8.176353e-07	-3.143504e-09	5.882975e+00	-2.082640e+02
8.900000e-07	9.680225e-07	-2.327225e-09	6.965027e+00	-1.547638e+02
9.000000e-07	1.118022e-06	-1.464765e-09	8.044291e+00	-9.806117e+01
9.100000e-07	1.267605e-06	-5.502031e-10	9.120558e+00	-3.783645e+01
9.200000e-07	1.416784e-06	4.192404e-10	1.019392e+01	2.601653e+01
9.300000e-07	1.565520e-06	1.438405e-09	1.126409e+01	9.332386e+01
9.400000e-07	1.713793e-06	2.503889e-09	1.233092e+01	1.636012e+02
9.500000e-07	1.861508e-06	3.611888e-09	1.339375e+01	2.360685e+02
9.600000e-07	2.008515e-06	4.743988e-09	1.445148e+01	3.097095e+02
9.700000e-07	2.154770e-06	5.874378e-09	1.550380e+01	3.833685e+02
9.800000e-07	2.300158e-06	6.978530e-09	1.654988e+01	4.558672e+02
9.900000e-07	2.444694e-06	8.043610e-09	1.758984e+01	5.261235e+02
1.000000e-06	2.588341e-06	9.057748e-09	1.862339e+01	5.932526e+02
1.010000e-06	2.730933e-06	1.001425e-08	1.964936e+01	6.566331e+02
1.020000e-06	2.872447e-06	1.091036e-08	2.066757e+01	7.159331e+02
1.030000e-06	3.012881e-06	1.174715e-08	2.167800e+01	7.710917e+02
1.040000e-06	3.152098e-06	1.252686e-08	2.267968e+01	8.222679e+02
1.050000e-06	3.290006e-06	1.324959e-08	2.367195e+01	8.697667e+02
1.060000e-06	3.426651e-06	1.392364e-08	2.465512e+01	9.139613e+02
1.070000e-06	3.561989e-06	1.455280e-08	2.562889e+01	9.552245e+02
1.080000e-06	3.695948e-06	1.514022e-08	2.659275e+01	9.938802e+02
1.090000e-06	3.828602e-06	1.568920e-08	2.754720e+01	1.030181e+03
1.100000e-06	3.959933e-06	1.620341e-08	2.849215e+01	1.064311e+03
1.110000e-06	4.089851e-06	1.668669e-08	2.942692e+01	1.096400e+03
1.120000e-06	4.218381e-06	1.714206e-08	3.035171e+01	1.126558e+03
1.130000e-06	4.345449e-06	1.757269e-08	3.126598e+01	1.154893e+03
1.140000e-06	4.470957e-06	1.797899e-08	3.216902e+01	1.181534e+03
1.150000e-06	4.594981e-06	1.836246e-08	3.306138e+01	1.206631e+03
1.160000e-06	4.717389e-06	1.872542e-08	3.394213e+01	1.230349e+03
1.170000e-06	4.838090e-06	1.907039e-08	3.481058e+01	1.252851e+03
1.180000e-06	4.957044e-06	1.939902e-08	3.566647e+01	1.274282e+03
1.190000e-06	5.074169e-06	1.971048e-08	3.650920e+01	1.294753e+03
1.200000e-06	5.189409e-06	2.000575e-08	3.733836e+01	1.314335e+03
1.210000e-06	5.302574e-06	2.028637e-08	3.815260e+01	1.333065e+03
1.220000e-06	5.413701e-06	2.055231e-08	3.895217e+01	1.350951e+03
1.230000e-06	5.522940e-06	2.080889e-08	3.973815e+01	1.367995e+03
1.240000e-06	5.630274e-06	2.105720e-08	4.051043e+01	1.384202e+03
1.250000e-06	5.735535e-06	2.129272e-08	4.126779e+01	1.399597e+03
1.260000e-06	5.838692e-06	2.151472e-08	4.201002e+01	1.414225e+03
1.270000e-06	5.939769e-06	2.172604e-08	4.273728e+01	1.428147e+03
1.280000e-06	6.038609e-06	2.192957e-08	4.344844e+01	1.441432e+03
1.290000e-06	6.135125e-06	2.212229e-08	4.414288e+01	1.454147e+03
1.300000e-06	6.229391e-06	2.230465e-08	4.482114e+01	1.466343e+03
1.310000e-06	6.321455e-06	2.248120e-08	4.548355e+01	1.478050e+03
1.320000e-06	6.411293e-06	2.265208e-08	4.612995e+01	1.489279e+03
1.330000e-06	6.498816e-06	2.281533e-08	4.675968e+01	1.500026e+03
1.340000e-06	6.584048e-06	2.297113e-08	4.737294e+01	1.510276e+03
1.350000e-06	6.666975e-06	2.312128e-08	4.796961e+01	1.520022e+03
1.360000e-06	6.747462e-06	2.326437e-08	4.854871e+01	1.529264e+03
1.370000e-06	6.825469e-06	2.339956e-08	4.910999e+01	1.538015e+03
1.380000e-06	6.900913e-06	2.352771e-08	4.965282e+01	1.546302e+03
1.390000e-06	6.973763e-06	2.365005e-08	5.017698e+01	1.554155e+03
1.400000e-06	7.044127e-06	2.376636e-08	5.068325e+01	1.561607e+03
1.410000e-06	7.112037e-06	2.387579e-08	5.117187e+01	1.568682e+03
1.420000e-06	7.177376e-06	2.397806e-08	5.164200e+01	1.575393e+03
1.430000e-06	7.240146e-06	2.407460e-08	5.209363e+01	1.581743e+03
1.440000e-06	7.300500e-06	2.416614e-08	5.252789e+01	1.587729e+03
1.450000e-06	7.358353e-06	2.425179e-08	5.294415e+01	1.593346e+03
1.460000e-06	7.413562e-06	2.433076e-08	5.334138e+01	1.598594e+03
1.470000e-06	7.465916e-06	2.440374e-08	5.371807e+01	1.603483e+03
1.480000e-06	7.515199e-06	2.447359e-08	5.407267e+01	1.608033e+03
1.490000e-06	7.561594e-06	2.454022e-08	5.440649e+01	1.612269e+03
1.500000e-06	7.605302e-06	2.460276e-08	5.472097e+01	1.616222e+03
1.510000e-06	7.646296e-06	2.466073e-08	5.501593e+01	1.619914e+03
1.520000e-06	7.684600e-06	2.471382e-08	5.529153e+01	1.623357e+03
1.530000e-06	7.720262e-06	2.476152e-08	5.554812e+01	1.626548e+03
1.540000e-06	7.753186e-06	2.480425e-08	5.578501e+01	1.629473e+03
1.550000e-06	7.783345e-06	2.484491e-08	5.600201e+01	1.632106e+03
1.560000e-06	7.810750e-06	2.488246e-08	5.619919e+01	1.634422e+03
1.570000e-06	7.835256e-06	2.491461e-08	5.637551e+01	1.636400e+03
1.580000e-06	7.856925e-06	2.494078e-08	5.653143e+01	1.638035e+03
1.590000e-06	7.875904e-06	2.496239e-08	5.666798e+01	1.639334e+03
1.600000e-06	7.891994e-06	2.497912e-08	5.678375e+01	1.640322e+03
1.610000e-06	7.905083e-06	2.499072e-08	5.687792e+01	1.641032e+03
1.620000e-06	7.915078e-06	2.499967e-08	5.694984e+01	1.641502e+03
1.630000e-06	7.922059e-06	2.500701e-08	5.700007e+01	1.641764e+03
1.640000e-06	7.926330e-06	2.501091e-08	5.703080e+01	1.641842e+03
1.650000e-06	7.927817e-06	2.501127e-08	5.704150e+01	1.641742e+03
1.660000e-06	7.926497e-06	2.500422e-08	5.703200e+01	1.641457e+03
1.670000e-06	7.922563e-06	2.499478e-08	5.700370e+01	1.640968e+03
1.680000e-06	7.915952e-06	2.498175e-08	5.695613e+01	1.640250e+03
1.690000e-06	7.906693e-06	2.496590e-08	5.688951e+01	1.639280e+03
1.700000e-06	7.894828e-06	2.494798e-08	5.680414e+01	1.638041e+03
1.710000e-06	7.880154e-06	2.492896e-08	5.669856e+01	1.636527e+03
1.720000e-06	7.862880e-06	2.490812e-08	5.657427e+01	1.634748e+03
1.730000e-06	7.843354e-06	2.485929e-08	5.643378e+01	1.632726e+03
1.740000e-06	7.821208e-06	2.478784e-08	5.627444e+01	1.630493e+03
1.750000e-06	7.795650e-06	2.476923e-08	5.609054e+01	1.628089e+03
1.760000e-06	7.766406e-06	2.474961e-08	5.588013e+01	1.625553e+03
1.770000e-06	7.734031e-06	2.470604e-08	5.564719e+01	1.622920e+03
1.780000e-06	7.699276e-06	2.468141e-08	5.539713e+01	1.620215e+03
1.790000e-06	7.662416e-06	2.466286e-08	5.513191e+01	1.617449e+03
1.800000e-06	7.623455e-06	2.457920e-08	5.485158e+01	1.614615e+03
1.810000e-06	7.582305e-06	2.455737e-08	5.455550e+01	1.611691e+03
1.820000e-06	7.538671e-06	2.453190e-08	5.424155e+01	1.608634e+03
1.830000e-06	7.492464e-06	2.447552e-08	5.390909e+01	1.605390e+03
1.840000e-06	7.443492e-06	2.449748e-08	5.355673e+01	1.601894e+03
1.850000e-06	7.391596e-06	2.443217e-08	5.318333e+01	1.598082e+03
1.860000e-06	7.336784e-06	2.440196e-08	5.278896e+01	1.593897e+03
1.870000e-06	7.279130e-06	2.430059e-08	5.237413e+01	1.589297e+03
1.880000e-06	7.219019e-06	2.416093e-08	5.194162e+01	1.584261e+03
1.890000e-06	7.156169e-06	2.412140e-08	5.148941e+01	1.578791e+03
1.900000e-06	7.090408e-06	2.402306e-08	5.101625e+01	1.572912e+03
1.910000e-06	7.021999e-06	2.396175e-08	5.052404e+01	1.566664e+03
1.920000e-06	6.950826e-06	2.386018e-08	5.001194e+01	1.560096e+03
1.930000e-06	6.876973e-06	2.374362e-08	4.948056e+01	1.553254e+03
1.940000e-06	6.800368e-06	2.362452e-08	4.892939e+01	1.546169e+03
1.950000e-06	6.721064e-06	2.348202e-08	4.835878e+01	1.538857e+03
1.960000e-06	6.639341e-06	2.342432e-08	4.777078e+01	1.531311e+03
1.970000e-06	6.555215e-06	2.329773e-08	4.716548e+01	1.523508e+03
1.980000e-06	6.468617e-06	2.318261e-08	4.654240e+01	1.515411e+03
1.990000e-06	6.379587e-06	2.303995e-08	4.590182e+01	1.506985e+03
2.000000e-06	6.288428e-06	2.288921e-08	4.524592e+01	1.498200e+03
2.010000e-06	6.195114e-06	2.275323e-08	4.457452e+01	1.489039e+03
2.020000e-06	6.099530e-06	2.259854e-08	4.388677e+01	1.479501e+03
2.030000e-06	6.001772e-06	2.247516e-08	4.318340e+01	1.469599e+03
2.040000e-06	5.901944e-06	2.230307e-08	4.246512e+01	1.459348e+03
2.050000e-06	5.799982e-06	2.214765e-08	4.173150e+01	1.448768e+03
2.060000e-06	5.695874e-06	2.198415e-08	4.098243e+01	1.437864e+03
2.070000e-06	5.589824e-06	2.181935e-08	4.021939e+01	1.426631e+03
2.080000e-06	5.481910e-06	2.163320e-08	3.944293e+01	1.415049e+03
2.090000e-06	5.372052e-06	2.143928e-08	3.865249e+01	1.403088e+03
2.100000e-06	5.260155e-06	2.125161e-08	3.784739e+01	1.390715e+03
2.110000e-06	5.146340e-06	2.105119e-08	3.702847e+01	1.377900e+03
2.120000e-06	5.030579e-06	2.086264e-08	3.619556e+01	1.364625e+03
2.130000e-06	4.912787e-06	2.066448e-08	3.534803e+01	1.350885e+03
2.140000e-06	4.793120e-06	2.044391e-08	3.448701e+01	1.336684e+03
2.150000e-06	4.671712e-06	2.019873e-08	3.361347e+01	1.322035e+03
2.160000e-06	4.548645e-06	1.997224e-08	3.272800e+01	1.306946e+03
2.170000e-06	4.423888e-06	1.974606e-08	3.183035e+01	1.291419e+03
2.180000e-06	4.297438e-06	1.950993e-08	3.092053e+01	1.275438e+03
2.190000e-06	4.169402e-06	1.925574e-08	2.999929e+01	1.258976e+03
2.200000e-06	4.039857e-06	1.899413e-08	2.906721e+01	1.241994e+03
2.210000e-06	3.908910e-06	1.871722e-08	2.812503e+01	1.224452e+03
2.220000e-06	3.776567e-06	1.843517e-08	2.717281e+01	1.206313e+03
2.230000e-06	3.642705e-06	1.816234e-08	2.620966e+01	1.187556e+03
2.240000e-06	3.507434e-06	1.787999e-08	2.523637e+01	1.168176e+03
2.250000e-06	3.370924e-06	1.757109e-08	2.425416e+01	1.148178e+03
2.260000e-06	3.233171e-06	1.724467e-08	2.326302e+01	1.127577e+03
2.270000e-06	3.094205e-06	1.692393e-08	2.226314e+01	1.106379e+03
2.280000e-06	2.953992e-06	1.659642e-08	2.125429e+01	1.084582e+03
2.290000e-06	2.812559e-06	1.625416e-08	2.023667e+01	1.062159e+03
2.300000e-06	2.670017e-06	1.589730e-08	1.921106e+01	1.039065e+03
2.310000e-06	2.526494e-06	1.553271e-08	1.817840e+01	1.015240e+03
2.320000e-06	2.382099e-06	1.515458e-08	1.713946e+01	9.906159e+02
2.330000e-06	2.236892e-06	1.476806e-08	1.609468e+01	9.651352e+02
2.340000e-06	2.090953e-06	1.437476e-08	1.504463e+01	9.387551e+02
2.350000e-06	1.944392e-06	1.396107e-08	1.399011e+01	9.114534e+02
2.360000e-06	1.797260e-06	1.352251e-08	1.293148e+01	8.832256e+02
2.370000e-06	1.649516e-06	1.307127e-08	1.186845e+01	8.540749e+02
2.380000e-06	1.501204e-06	1.261554e-08	1.080132e+01	8.239978e+02
2.390000e-06	1.352385e-06	1.214863e-08	9.730557e+00	7.929714e+02
2.400000e-06	1.203110e-06	1.166052e-08	8.656507e+00	7.609448e+02
2.410000e-06	1.053418e-06	1.114929e-08	7.579455e+00	7.278401e+02
2.420000e-06	9.033629e-07	1.061834e-08	6.499794e+00	6.935630e+02
2.430000e-06	7.530044e-07	1.007200e-08	5.417948e+00	6.580212e+02
2.440000e-06	6.023557e-07	9.510175e-09	4.334014e+00	6.211451e+02
2.450000e-06	4.514943e-07	8.928675e-09	3.248550e+00	5.829044e+02
2.460000e-06	3.004494e-07	8.324676e-09	2.161766e+00	5.433132e+02
2.470000e-06	1.492309e-07	7.699174e-09	1.073732e+00	5.024193e+02
2.480000e-06	-2.072005e-09	7.056639e-09	-1.490830e-02	4.602775e+02
2.490000e-06	-1.533636e-07	6.398548e-09	-1.103468e+00	4.169094e+02
2.500000e-06	-3.046004e-07	5.719249e-09	-2.191633e+00	3.722617e+02
2.510000e-06	-4.557762e-07	5.012191e-09	-3.279359e+00	3.261706e+02
2.520000e-06	-6.068140e-07	4.274917e-09	-4.366092e+00	2.783468e+02
2.530000e-06	-7.575975e-07	3.504678e-09	-5.450996e+00	2.283885e+02
2.540000e-06	-9.080925e-07	2.697874e-09	-6.533824e+00	1.758263e+02
2.550000e-06	-1.058238e-06	1.849696e-09	-7.614136e+00	1.201953e+02
2.560000e-06	-1.207925e-06	9.555661e-10	-8.691154e+00	6.112576e+01
2.570000e-06	-1.357183e-06	8.776277e-12	-9.765080e+00	-1.565912e+00
2.580000e-06	-1.506030e-06	-9.953911e-10	-1.083605e+01	-6.780108e+01
2.590000e-06	-1.654400e-06	-2.054059e-09	-1.190358e+01	-1.371959e+02
2.600000e-06	-1.802191e-06	-3.155984e-09	-1.296696e+01	-2.090607e+02
2.610000e-06	-1.949244e-06	-4.285207e-09	-1.402502e+01	-2.824465e+02
2.620000e-06	-2.095498e-06	-5.422433e-09	-1.507733e+01	-3.562300e+02
2.630000e-06	-2.240970e-06	-6.544722e-09	-1.612402e+01	-4.292269e+02
2.640000e-06	-2.385662e-06	-7.634957e-09	-1.716510e+01	-5.003122e+02
2.650000e-06	-2.529445e-06	-8.676820e-09	-1.819963e+01	-5.685281e+02
2.660000e-06	-2.672165e-06	-9.659451e-09	-1.922652e+01	-6.331641e+02
2.670000e-06	-2.813770e-06	-1.058036e-08	-2.024538e+01	-6.937950e+02
2.680000e-06	-2.954265e-06	-1.144142e-08	-2.125626e+01	-7.502771e+02
2.690000e-06	-3.093616e-06	-1.224752e-08	-2.225890e+01	-8.027059e+02
2.700000e-06	-3.231725e-06	-1.299676e-08	-2.325261e+01	-8.513481e+02
2.710000e-06	-3.368675e-06	-1.369283e-08	-2.423798e+01	-8.965633e+02
2.720000e-06	-3.504394e-06	-1.434276e-08	-2.521449e+01	-9.387308e+02
2.730000e-06	-3.638734e-06	-1.495308e-08	-2.618109e+01	-9.781939e+02
2.740000e-06	-3.771764e-06	-1.552561e-08	-2.713825e+01	-1.015229e+03
2.750000e-06	-3.903481e-06	-1.605768e-08	-2.808596e+01	-1.050041e+03
2.760000e-06	-4.033832e-06	-1.655444e-08	-2.902386e+01	-1.082774e+03
2.770000e-06	-4.162881e-06	-1.701890e-08	-2.995238e+01	-1.113542e+03
2.780000e-06	-4.290483e-06	-1.745525e-08	-3.087049e+01	-1.142450e+03
2.790000e-06	-4.416525e-06	-1.786941e-08	-3.177738e+01	-1.169621e+03
2.800000e-06	-4.541086e-06	-1.826510e-08	-3.267360e+01	-1.195197e+03
2.810000e-06	-4.664034e-06	-1.864024e-08	-3.355823e+01	-1.219340e+03
2.820000e-06	-4.785290e-06	-1.899019e-08	-3.443068e+01	-1.242216e+03
2.830000e-06	-4.904785e-06	-1.932228e-08	-3.529046e+01	-1.263978e+03
2.840000e-06	-5.022357e-06	-1.964252e-08	-3.613640e+01	-1.284748e+03
2.850000e-06	-5.137910e-06	-1.994878e-08	-3.696781e+01	-1.304611e+03
2.860000e-06	-5.251342e-06	-2.024037e-08	-3.778398e+01	-1.323613e+03
2.870000e-06	-5.362686e-06	-2.051622e-08	-3.858510e+01	-1.341771e+03
2.880000e-06	-5.472096e-06	-2.077886e-08	-3.937233e+01	-1.359085e+03
2.890000e-06	-5.579638e-06	-2.102900e-08	-4.014610e+01	-1.375560e+03
2.900000e-06	-5.685302e-06	-2.126694e-08	-4.090637e+01	-1.391213e+03
2.910000e-06	-5.788913e-06	-2.149569e-08	-4.165185e+01	-1.406082e+03
2.920000e-06	-5.890301e-06	-2.171694e-08	-4.238135e+01	-1.420224e+03
2.930000e-06	-5.989537e-06	-2.192898e-08	-4.309537e+01	-1.433706e+03
2.940000e-06	-6.086660e-06	-2.212951e-08	-4.379418e+01	-1.446599e+03
2.950000e-06	-6.181540e-06	-2.232096e-08	-4.447685e+01	-1.458957e+03
2.960000e-06	-6.274162e-06	-2.250215e-08	-4.514328e+01	-1.470820e+03
2.970000e-06	-6.364580e-06	-2.267345e-08	-4.579384e+01	-1.482203e+03
2.980000e-06	-6.452741e-06	-2.283504e-08	-4.642817e+01	-1.493106e+03
2.990000e-06	-6.538549e-06	-2.298983e-08	-4.704556e+01	-1.503518e+03
3.000000e-06	-6.621935e-06	-2.313979e-08	-4.764554e+01	-1.513427e+03
3.010000e-06	-6.702981e-06	-2.328388e-08	-4.822867e+01	-1.522830e+03
3.020000e-06	-6.781562e-06	-2.342206e-08	-4.879407e+01	-1.531737e+03
3.030000e-06	-6.857485e-06	-2.355104e-08	-4.934035e+01	-1.540170e+03
3.040000e-06	-6.930858e-06	-2.367244e-08	-4.986827e+01	-1.548160e+03
3.050000e-06	-7.001767e-06	-2.378648e-08	-5.037847e+01	-1.555738e+03
3.060000e-06	-7.070179e-06	-2.389439e-08	-5.087071e+01	-1.562932e+03
3.070000e-06	-7.136139e-06	-2.399661e-08	-5.134529e+01	-1.569760e+03
3.080000e-06	-7.199621e-06	-2.409217e-08	-5.180205e+01	-1.576227e+03
3.090000e-06	-7.260516e-06	-2.418437e-08	-5.224019e+01	-1.582331e+03
3.100000e-06	-7.318799e-06	-2.427149e-08	-5.265955e+01	-1.588067e+03
3.110000e-06	-7.374422e-06	-2.435339e-08	-5.305976e+01	-1.593434e+03
3.120000e-06	-7.427239e-06	-2.443033e-08	-5.343979e+01	-1.598437e+03
3.130000e-06	-7.477046e-06	-2.450157e-08	-5.379816e+01	-1.603093e+03
3.140000e-06	-7.523937e-06	-2.456820e-08	-5.413554e+01	-1.607428e+03
3.150000e-06	-7.568306e-06	-2.462936e-08	-5.445478e+01	-1.611469e+03
3.160000e-06	-7.610223e-06	-2.468668e-08	-5.475638e+01	-1.615244e+03
3.170000e-06	-7.649475e-06	-2.474139e-08	-5.503880e+01	-1.618766e+03
3.180000e-06	-7.685976e-06	-2.479122e-08	-5.530143e+01	-1.622040e+03
3.190000e-06	-7.719760e-06	-2.483635e-08	-5.554451e+01	-1.625053e+03
3.200000e-06	-7.750715e-06	-2.487472e-08	-5.576723e+01	-1.627783e+03
3.210000e-06	-7.778816e-06	-2.490950e-08	-5.596942e+01	-1.630204e+03
3.220000e-06	-7.804212e-06	-2.494079e-08	-5.615215e+01	-1.632293e+03
3.230000e-06	-7.826788e-06	-2.496586e-08	-5.631459e+01	-1.634039e+03
3.240000e-06	-7.846538e-06	-2.498554e-08	-5.645669e+01	-1.635444e+03
3.250000e-06	-7.863535e-06	-2.500065e-08	-5.657899e+01	-1.636529e+03
3.260000e-06	-7.877452e-06	-2.501277e-08	-5.667912e+01	-1.637324e+03
3.270000e-06	-7.888246e-06	-2.501972e-08	-5.675678e+01	-1.637868e+03
3.280000e-06	-7.896195e-06	-2.502235e-08	-5.681398e+01	-1.638194e+03
3.290000e-06	-7.901326e-06	-2.502276e-08	-5.685089e+01	-1.638330e+03
3.300000e-06	-7.903686e-06	-2.502153e-08	-5.686788e+01	-1.638288e+03
