# Temperatura_=_63.56
# Concentracion g/m^3_=_24000.0
# C_Vs_to_Am_M_A/Vsm_=_65563218390.804596
# pendiente_HvsI_1/m_=_3716.3
# ordenada_HvsI_A/m_=_1297.0
# frecuencia_Hz_=_302483.97504734143

Tiempo_(s)	Campo_(V.s)	Magnetizacion_(V.s)	Campo_(kA/m)	Magnetizacion_(A/m)
0.000000e+00	-7.884738e-06	-2.500558e-08	-5.686994e+01	-1.637320e+03
1.000000e-08	-7.882508e-06	-2.500465e-08	-5.685385e+01	-1.636954e+03
2.000000e-08	-7.877597e-06	-2.499456e-08	-5.681843e+01	-1.636366e+03
3.000000e-08	-7.870237e-06	-2.498087e-08	-5.676535e+01	-1.635536e+03
4.000000e-08	-7.860124e-06	-2.496395e-08	-5.669240e+01	-1.634446e+03
5.000000e-08	-7.847116e-06	-2.494297e-08	-5.659858e+01	-1.633088e+03
6.000000e-08	-7.831261e-06	-2.491465e-08	-5.648423e+01	-1.631466e+03
7.000000e-08	-7.812888e-06	-2.488080e-08	-5.635171e+01	-1.629597e+03
8.000000e-08	-7.792313e-06	-2.485432e-08	-5.620330e+01	-1.627504e+03
9.000000e-08	-7.769101e-06	-2.489183e-08	-5.603589e+01	-1.625218e+03
1.000000e-07	-7.742739e-06	-2.485117e-08	-5.584574e+01	-1.622774e+03
1.100000e-07	-7.713292e-06	-2.475872e-08	-5.563335e+01	-1.620205e+03
1.200000e-07	-7.680998e-06	-2.471238e-08	-5.540043e+01	-1.617541e+03
1.300000e-07	-7.645926e-06	-2.466654e-08	-5.514746e+01	-1.614803e+03
1.400000e-07	-7.608404e-06	-2.458145e-08	-5.487683e+01	-1.612000e+03
1.500000e-07	-7.568855e-06	-2.449572e-08	-5.459158e+01	-1.609125e+03
1.600000e-07	-7.527013e-06	-2.454991e-08	-5.428979e+01	-1.606153e+03
1.700000e-07	-7.482423e-06	-2.445117e-08	-5.396817e+01	-1.603040e+03
1.800000e-07	-7.435228e-06	-2.436387e-08	-5.362777e+01	-1.599726e+03
1.900000e-07	-7.385142e-06	-2.435280e-08	-5.326652e+01	-1.596143e+03
2.000000e-07	-7.332007e-06	-2.420679e-08	-5.288327e+01	-1.592220e+03
2.100000e-07	-7.276172e-06	-2.416457e-08	-5.248056e+01	-1.587897e+03
2.200000e-07	-7.217665e-06	-2.410850e-08	-5.205857e+01	-1.583133e+03
2.300000e-07	-7.156602e-06	-2.403160e-08	-5.161814e+01	-1.577912e+03
2.400000e-07	-7.092893e-06	-2.394516e-08	-5.115862e+01	-1.572248e+03
2.500000e-07	-7.026410e-06	-2.380431e-08	-5.067911e+01	-1.566180e+03
2.600000e-07	-6.957308e-06	-2.373634e-08	-5.018069e+01	-1.559765e+03
2.700000e-07	-6.885547e-06	-2.364294e-08	-4.966311e+01	-1.553063e+03
2.800000e-07	-6.811047e-06	-2.354493e-08	-4.912576e+01	-1.546126e+03
2.900000e-07	-6.733783e-06	-2.342575e-08	-4.856849e+01	-1.538985e+03
3.000000e-07	-6.653756e-06	-2.331912e-08	-4.799128e+01	-1.531646e+03
3.100000e-07	-6.571266e-06	-2.320800e-08	-4.739630e+01	-1.524085e+03
3.200000e-07	-6.486663e-06	-2.304194e-08	-4.678610e+01	-1.516262e+03
3.300000e-07	-6.399894e-06	-2.294769e-08	-4.616026e+01	-1.508124e+03
3.400000e-07	-6.310747e-06	-2.282116e-08	-4.551728e+01	-1.499623e+03
3.500000e-07	-6.219227e-06	-2.268049e-08	-4.485717e+01	-1.490726e+03
3.600000e-07	-6.125528e-06	-2.253401e-08	-4.418135e+01	-1.481422e+03
3.700000e-07	-6.029592e-06	-2.239383e-08	-4.348940e+01	-1.471720e+03
3.800000e-07	-5.931387e-06	-2.225617e-08	-4.278108e+01	-1.461648e+03
3.900000e-07	-5.831073e-06	-2.208932e-08	-4.205755e+01	-1.451237e+03
4.000000e-07	-5.728772e-06	-2.193047e-08	-4.131968e+01	-1.440513e+03
4.100000e-07	-5.624457e-06	-2.174951e-08	-4.056729e+01	-1.429487e+03
4.200000e-07	-5.518063e-06	-2.158137e-08	-3.979991e+01	-1.418148e+03
4.300000e-07	-5.409694e-06	-2.139998e-08	-3.901829e+01	-1.406467e+03
4.400000e-07	-5.299484e-06	-2.122288e-08	-3.822338e+01	-1.394401e+03
4.500000e-07	-5.187325e-06	-2.103068e-08	-3.741441e+01	-1.381906e+03
4.600000e-07	-5.073099e-06	-2.082737e-08	-3.659054e+01	-1.368948e+03
4.700000e-07	-4.956902e-06	-2.062139e-08	-3.575245e+01	-1.355507e+03
4.800000e-07	-4.838869e-06	-2.040898e-08	-3.490112e+01	-1.341584e+03
4.900000e-07	-4.719037e-06	-2.020138e-08	-3.403681e+01	-1.327195e+03
5.000000e-07	-4.597540e-06	-1.998015e-08	-3.316050e+01	-1.312361e+03
5.100000e-07	-4.474437e-06	-1.974597e-08	-3.227259e+01	-1.297101e+03
5.200000e-07	-4.349658e-06	-1.949235e-08	-3.137260e+01	-1.281416e+03
5.300000e-07	-4.223317e-06	-1.924743e-08	-3.046135e+01	-1.265290e+03
5.400000e-07	-4.095420e-06	-1.899714e-08	-2.953887e+01	-1.248686e+03
5.500000e-07	-3.965973e-06	-1.873480e-08	-2.860521e+01	-1.231554e+03
5.600000e-07	-3.835005e-06	-1.846129e-08	-2.766059e+01	-1.213843e+03
5.700000e-07	-3.702562e-06	-1.818093e-08	-2.670532e+01	-1.195511e+03
5.800000e-07	-3.568767e-06	-1.788982e-08	-2.574030e+01	-1.176536e+03
5.900000e-07	-3.433709e-06	-1.758650e-08	-2.476617e+01	-1.156915e+03
6.000000e-07	-3.297300e-06	-1.728664e-08	-2.378230e+01	-1.136666e+03
6.100000e-07	-3.159551e-06	-1.697741e-08	-2.278877e+01	-1.115811e+03
6.200000e-07	-3.020558e-06	-1.665017e-08	-2.178626e+01	-1.094368e+03
6.300000e-07	-2.880240e-06	-1.630611e-08	-2.077419e+01	-1.072336e+03
6.400000e-07	-2.738635e-06	-1.596076e-08	-1.975284e+01	-1.049688e+03
6.500000e-07	-2.595918e-06	-1.560524e-08	-1.872348e+01	-1.026372e+03
6.600000e-07	-2.452250e-06	-1.523328e-08	-1.768725e+01	-1.002315e+03
6.700000e-07	-2.307800e-06	-1.485102e-08	-1.664538e+01	-9.774420e+02
6.800000e-07	-2.162582e-06	-1.445926e-08	-1.559797e+01	-9.516844e+02
6.900000e-07	-2.016545e-06	-1.405482e-08	-1.454466e+01	-9.249963e+02
7.000000e-07	-1.869841e-06	-1.363124e-08	-1.348653e+01	-8.973571e+02
7.100000e-07	-1.722595e-06	-1.319932e-08	-1.242449e+01	-8.687673e+02
7.200000e-07	-1.574855e-06	-1.275193e-08	-1.135889e+01	-8.392366e+02
7.300000e-07	-1.426709e-06	-1.228574e-08	-1.029037e+01	-8.087676e+02
7.400000e-07	-1.278145e-06	-1.180558e-08	-9.218825e+00	-7.773400e+02
7.500000e-07	-1.129119e-06	-1.131363e-08	-8.143952e+00	-7.449023e+02
7.600000e-07	-9.796817e-07	-1.080467e-08	-7.066111e+00	-7.113731e+02
7.700000e-07	-8.299093e-07	-1.027386e-08	-5.985854e+00	-6.766540e+02
7.800000e-07	-6.798297e-07	-9.724479e-09	-4.903381e+00	-6.406503e+02
7.900000e-07	-5.295092e-07	-9.153182e-09	-3.819170e+00	-6.032934e+02
8.000000e-07	-3.790118e-07	-8.564858e-09	-2.733683e+00	-5.645574e+02
8.100000e-07	-2.283664e-07	-7.958582e-09	-1.647129e+00	-5.244617e+02
8.200000e-07	-7.760493e-08	-7.335741e-09	-5.597380e-01	-4.830570e+02
8.300000e-07	7.321992e-08	-6.692263e-09	5.281104e-01	-4.403930e+02
8.400000e-07	2.240663e-07	-6.024762e-09	1.616114e+00	-3.964759e+02
8.500000e-07	3.748793e-07	-5.331671e-09	2.703877e+00	-3.512239e+02
8.600000e-07	5.256100e-07	-4.612396e-09	3.791046e+00	-3.044351e+02
8.700000e-07	6.762024e-07	-3.866474e-09	4.877218e+00	-2.557787e+02
8.800000e-07	8.265524e-07	-3.086773e-09	5.961642e+00	-2.048180e+02
8.900000e-07	9.766221e-07	-2.268211e-09	7.044043e+00	-1.510667e+02
9.000000e-07	1.126386e-06	-1.401010e-09	8.124238e+00	-9.407115e+01
9.100000e-07	1.275743e-06	-4.830555e-10	9.201499e+00	-3.350747e+01
9.200000e-07	1.424603e-06	4.895912e-10	1.027517e+01	3.072690e+01
9.300000e-07	1.572953e-06	1.515029e-09	1.134517e+01	9.844407e+01
9.400000e-07	1.720776e-06	2.590464e-09	1.241137e+01	1.691356e+02
9.500000e-07	1.868010e-06	3.706705e-09	1.347332e+01	2.419895e+02
9.600000e-07	2.014640e-06	4.842233e-09	1.453091e+01	3.159553e+02
9.700000e-07	2.160522e-06	5.975417e-09	1.558311e+01	3.898457e+02
9.800000e-07	2.305516e-06	7.081943e-09	1.662891e+01	4.624596e+02
9.900000e-07	2.449666e-06	8.148028e-09	1.766860e+01	5.327055e+02
1.000000e-06	2.592940e-06	9.159401e-09	1.870199e+01	5.997034e+02
1.010000e-06	2.735185e-06	1.011168e-08	1.972796e+01	6.628508e+02
1.020000e-06	2.876295e-06	1.100339e-08	2.074574e+01	7.218440e+02
1.030000e-06	3.016223e-06	1.183447e-08	2.175499e+01	7.766549e+02
1.040000e-06	3.154935e-06	1.260493e-08	2.275547e+01	8.274731e+02
1.050000e-06	3.292400e-06	1.332139e-08	2.374696e+01	8.746277e+02
1.060000e-06	3.428584e-06	1.399383e-08	2.472921e+01	9.185060e+02
1.070000e-06	3.563471e-06	1.462034e-08	2.570211e+01	9.594841e+02
1.080000e-06	3.697086e-06	1.520310e-08	2.666582e+01	9.978809e+02
1.090000e-06	3.829357e-06	1.574728e-08	2.761985e+01	1.033939e+03
1.100000e-06	3.960237e-06	1.625906e-08	2.856385e+01	1.067829e+03
1.110000e-06	4.089744e-06	1.673788e-08	2.949794e+01	1.099676e+03
1.120000e-06	4.217826e-06	1.718824e-08	3.042174e+01	1.129584e+03
1.130000e-06	4.344395e-06	1.761654e-08	3.133464e+01	1.157666e+03
1.140000e-06	4.469449e-06	1.802127e-08	3.223661e+01	1.184057e+03
1.150000e-06	4.593015e-06	1.839934e-08	3.312786e+01	1.208918e+03
1.160000e-06	4.714976e-06	1.875497e-08	3.400752e+01	1.232423e+03
1.170000e-06	4.835267e-06	1.909642e-08	3.487514e+01	1.254742e+03
1.180000e-06	4.953778e-06	1.942418e-08	3.572992e+01	1.276020e+03
1.190000e-06	5.070421e-06	1.973451e-08	3.657122e+01	1.296365e+03
1.200000e-06	5.185163e-06	2.002719e-08	3.739882e+01	1.315841e+03
1.210000e-06	5.297876e-06	2.030756e-08	3.821178e+01	1.334472e+03
1.220000e-06	5.408586e-06	2.057464e-08	3.901029e+01	1.352262e+03
1.230000e-06	5.517412e-06	2.082857e-08	3.979521e+01	1.369204e+03
1.240000e-06	5.624279e-06	2.107222e-08	4.056601e+01	1.385303e+03
1.250000e-06	5.729104e-06	2.130389e-08	4.132208e+01	1.400584e+03
1.260000e-06	5.831897e-06	2.152391e-08	4.206349e+01	1.415095e+03
1.270000e-06	5.932509e-06	2.173426e-08	4.278917e+01	1.428903e+03
1.280000e-06	6.030886e-06	2.193708e-08	4.349873e+01	1.442083e+03
1.290000e-06	6.127014e-06	2.212917e-08	4.419207e+01	1.454703e+03
1.300000e-06	6.220906e-06	2.231088e-08	4.486928e+01	1.466817e+03
1.310000e-06	6.312616e-06	2.248540e-08	4.553075e+01	1.478454e+03
1.320000e-06	6.402039e-06	2.265419e-08	4.617573e+01	1.489624e+03
1.330000e-06	6.489162e-06	2.281679e-08	4.680412e+01	1.500317e+03
1.340000e-06	6.574038e-06	2.297230e-08	4.741630e+01	1.510520e+03
1.350000e-06	6.656657e-06	2.312088e-08	4.801220e+01	1.520220e+03
1.360000e-06	6.736869e-06	2.326232e-08	4.859075e+01	1.529419e+03
1.370000e-06	6.814534e-06	2.339785e-08	4.915092e+01	1.538127e+03
1.380000e-06	6.889610e-06	2.352666e-08	4.969242e+01	1.546369e+03
1.390000e-06	6.962059e-06	2.364920e-08	5.021496e+01	1.554174e+03
1.400000e-06	7.032025e-06	2.376336e-08	5.071961e+01	1.561574e+03
1.410000e-06	7.099521e-06	2.387037e-08	5.120643e+01	1.568590e+03
1.420000e-06	7.164481e-06	2.397200e-08	5.167497e+01	1.575237e+03
1.430000e-06	7.226984e-06	2.406810e-08	5.212578e+01	1.581519e+03
1.440000e-06	7.287072e-06	2.415854e-08	5.255917e+01	1.587438e+03
1.450000e-06	7.344643e-06	2.424259e-08	5.297441e+01	1.592994e+03
1.460000e-06	7.399529e-06	2.432171e-08	5.337029e+01	1.598192e+03
1.470000e-06	7.451546e-06	2.439450e-08	5.374547e+01	1.603049e+03
1.480000e-06	7.500525e-06	2.446361e-08	5.409874e+01	1.607586e+03
1.490000e-06	7.546634e-06	2.452995e-08	5.443131e+01	1.611828e+03
1.500000e-06	7.590111e-06	2.459267e-08	5.474489e+01	1.615800e+03
1.510000e-06	7.630878e-06	2.465139e-08	5.503893e+01	1.619516e+03
1.520000e-06	7.668882e-06	2.470498e-08	5.531304e+01	1.622979e+03
1.530000e-06	7.704213e-06	2.475417e-08	5.556787e+01	1.626177e+03
1.540000e-06	7.736776e-06	2.479762e-08	5.580274e+01	1.629089e+03
1.550000e-06	7.766595e-06	2.483780e-08	5.601781e+01	1.631688e+03
1.560000e-06	7.793732e-06	2.487436e-08	5.621354e+01	1.633951e+03
1.570000e-06	7.817999e-06	2.490559e-08	5.638857e+01	1.635866e+03
1.580000e-06	7.839438e-06	2.493044e-08	5.654320e+01	1.637433e+03
1.590000e-06	7.858155e-06	2.495017e-08	5.667820e+01	1.638671e+03
1.600000e-06	7.873976e-06	2.496583e-08	5.679231e+01	1.639611e+03
1.610000e-06	7.886781e-06	2.497791e-08	5.688467e+01	1.640289e+03
1.620000e-06	7.896493e-06	2.498691e-08	5.695472e+01	1.640742e+03
1.630000e-06	7.903225e-06	2.499352e-08	5.700327e+01	1.640999e+03
1.640000e-06	7.907270e-06	2.499809e-08	5.703245e+01	1.641073e+03
1.650000e-06	7.908525e-06	2.500168e-08	5.704150e+01	1.640967e+03
1.660000e-06	7.906960e-06	2.499394e-08	5.703021e+01	1.640667e+03
1.670000e-06	7.902839e-06	2.497973e-08	5.700049e+01	1.640153e+03
1.680000e-06	7.896068e-06	2.496368e-08	5.695166e+01	1.639402e+03
1.690000e-06	7.886673e-06	2.494536e-08	5.688389e+01	1.638396e+03
1.700000e-06	7.874630e-06	2.492780e-08	5.679703e+01	1.637124e+03
1.710000e-06	7.859778e-06	2.491374e-08	5.668991e+01	1.635586e+03
1.720000e-06	7.842334e-06	2.490178e-08	5.656409e+01	1.633793e+03
1.730000e-06	7.822636e-06	2.485599e-08	5.642201e+01	1.631768e+03
1.740000e-06	7.800311e-06	2.474820e-08	5.626099e+01	1.629540e+03
1.750000e-06	7.774538e-06	2.474523e-08	5.607510e+01	1.627143e+03
1.760000e-06	7.745112e-06	2.474041e-08	5.586286e+01	1.624610e+03
1.770000e-06	7.712614e-06	2.467918e-08	5.562846e+01	1.621974e+03
1.780000e-06	7.677789e-06	2.465712e-08	5.537728e+01	1.619258e+03
1.790000e-06	7.640832e-06	2.468376e-08	5.511073e+01	1.616475e+03
1.800000e-06	7.601805e-06	2.456597e-08	5.482923e+01	1.613624e+03
1.810000e-06	7.560615e-06	2.452726e-08	5.453214e+01	1.610687e+03
1.820000e-06	7.516880e-06	2.455925e-08	5.421670e+01	1.607624e+03
1.830000e-06	7.470575e-06	2.443151e-08	5.388272e+01	1.604382e+03
1.840000e-06	7.421532e-06	2.449936e-08	5.352899e+01	1.600893e+03
1.850000e-06	7.369572e-06	2.441417e-08	5.315422e+01	1.597086e+03
1.860000e-06	7.314715e-06	2.434897e-08	5.275855e+01	1.592897e+03
1.870000e-06	7.257039e-06	2.429879e-08	5.234256e+01	1.588277e+03
1.880000e-06	7.196876e-06	2.411607e-08	5.190862e+01	1.583203e+03
1.890000e-06	7.133962e-06	2.412928e-08	5.145484e+01	1.577677e+03
1.900000e-06	7.068191e-06	2.401385e-08	5.098046e+01	1.571733e+03
1.910000e-06	6.999733e-06	2.393733e-08	5.048669e+01	1.565423e+03
1.920000e-06	6.928481e-06	2.383983e-08	4.997278e+01	1.558806e+03
1.930000e-06	6.854621e-06	2.369692e-08	4.944005e+01	1.551940e+03
1.940000e-06	6.778081e-06	2.362849e-08	4.888799e+01	1.544862e+03
1.950000e-06	6.698864e-06	2.346696e-08	4.831663e+01	1.537587e+03
1.960000e-06	6.617180e-06	2.342945e-08	4.772747e+01	1.530101e+03
1.970000e-06	6.533088e-06	2.328644e-08	4.712094e+01	1.522368e+03
1.980000e-06	6.446594e-06	2.314783e-08	4.649709e+01	1.514336e+03
1.990000e-06	6.357689e-06	2.301719e-08	4.585585e+01	1.505956e+03
2.000000e-06	6.266642e-06	2.286354e-08	4.519916e+01	1.497188e+03
2.010000e-06	6.173371e-06	2.276019e-08	4.452643e+01	1.488014e+03
2.020000e-06	6.077748e-06	2.259106e-08	4.383673e+01	1.478438e+03
2.030000e-06	5.979987e-06	2.246593e-08	4.313161e+01	1.468480e+03
2.040000e-06	5.880174e-06	2.228168e-08	4.241170e+01	1.458174e+03
2.050000e-06	5.778298e-06	2.212972e-08	4.167690e+01	1.447549e+03
2.060000e-06	5.674331e-06	2.196216e-08	4.092702e+01	1.436619e+03
2.070000e-06	5.568405e-06	2.179353e-08	4.016301e+01	1.425383e+03
2.080000e-06	5.460612e-06	2.161829e-08	3.938554e+01	1.413815e+03
2.090000e-06	5.350929e-06	2.142047e-08	3.859443e+01	1.401878e+03
2.100000e-06	5.239288e-06	2.123587e-08	3.778920e+01	1.389525e+03
2.110000e-06	5.125726e-06	2.103534e-08	3.697012e+01	1.376718e+03
2.120000e-06	5.010192e-06	2.085175e-08	3.613681e+01	1.363433e+03
2.130000e-06	4.892658e-06	2.063852e-08	3.528908e+01	1.349663e+03
2.140000e-06	4.773199e-06	2.041579e-08	3.442746e+01	1.335421e+03
2.150000e-06	4.651936e-06	2.017796e-08	3.355284e+01	1.320727e+03
2.160000e-06	4.529035e-06	1.996019e-08	3.266639e+01	1.305603e+03
2.170000e-06	4.404436e-06	1.973071e-08	3.176770e+01	1.290055e+03
2.180000e-06	4.278230e-06	1.949122e-08	3.085742e+01	1.274074e+03
2.190000e-06	4.150470e-06	1.923572e-08	2.993593e+01	1.257628e+03
2.200000e-06	4.021192e-06	1.896880e-08	2.900349e+01	1.240671e+03
2.210000e-06	3.890477e-06	1.869257e-08	2.806069e+01	1.223151e+03
2.220000e-06	3.758309e-06	1.841856e-08	2.710741e+01	1.205022e+03
2.230000e-06	3.624715e-06	1.814982e-08	2.614384e+01	1.186254e+03
2.240000e-06	3.489816e-06	1.785862e-08	2.517086e+01	1.166839e+03
2.250000e-06	3.353605e-06	1.754606e-08	2.418841e+01	1.146789e+03
2.260000e-06	3.216062e-06	1.722156e-08	2.319636e+01	1.126126e+03
2.270000e-06	3.077341e-06	1.690193e-08	2.219582e+01	1.104870e+03
2.280000e-06	2.937412e-06	1.656985e-08	2.118656e+01	1.083029e+03
2.290000e-06	2.796267e-06	1.622904e-08	2.016852e+01	1.060583e+03
2.300000e-06	2.654092e-06	1.587550e-08	1.914306e+01	1.037489e+03
2.310000e-06	2.510988e-06	1.551147e-08	1.811090e+01	1.013678e+03
2.320000e-06	2.366955e-06	1.513316e-08	1.707204e+01	9.890746e+02
2.330000e-06	2.222026e-06	1.474534e-08	1.602672e+01	9.636070e+02
2.340000e-06	2.076350e-06	1.434806e-08	1.497601e+01	9.372211e+02
2.350000e-06	1.930075e-06	1.393207e-08	1.392097e+01	9.098879e+02
2.360000e-06	1.783175e-06	1.349793e-08	1.286144e+01	8.816023e+02
2.370000e-06	1.635676e-06	1.305299e-08	1.179757e+01	8.523726e+02
2.380000e-06	1.487644e-06	1.259849e-08	1.072987e+01	8.222057e+02
2.390000e-06	1.339113e-06	1.212706e-08	9.658568e+00	7.910898e+02
2.400000e-06	1.190177e-06	1.163306e-08	8.584344e+00	7.589840e+02
2.410000e-06	1.040852e-06	1.111827e-08	7.507314e+00	7.258154e+02
2.420000e-06	8.911114e-07	1.058680e-08	6.427283e+00	6.914893e+02
2.430000e-06	7.410625e-07	1.004053e-08	5.345032e+00	6.559073e+02
2.440000e-06	5.907730e-07	9.479502e-09	4.261045e+00	6.189900e+02
2.450000e-06	4.402426e-07	8.897424e-09	3.175320e+00	5.806968e+02
2.460000e-06	2.895601e-07	8.291706e-09	2.088498e+00	5.410332e+02
2.470000e-06	1.387733e-07	7.663706e-09	1.000925e+00	5.000425e+02
2.480000e-06	-1.211530e-08	7.017559e-09	-8.738353e-02	4.577792e+02
2.490000e-06	-1.630316e-07	6.356774e-09	-1.175891e+00	4.142683e+02
2.500000e-06	-3.139069e-07	5.677186e-09	-2.264104e+00	3.694608e+02
2.510000e-06	-4.647166e-07	4.969546e-09	-3.351843e+00	3.231956e+02
2.520000e-06	-6.153802e-07	4.228506e-09	-4.438528e+00	2.751824e+02
2.530000e-06	-7.658444e-07	3.453703e-09	-5.523775e+00	2.250141e+02
2.540000e-06	-9.160444e-07	2.643133e-09	-6.607117e+00	1.722122e+02
2.550000e-06	-1.065871e-06	1.790420e-09	-7.687766e+00	1.163026e+02
2.560000e-06	-1.215282e-06	8.910600e-10	-8.765415e+00	5.690888e+01
2.570000e-06	-1.364271e-06	-6.014278e-11	-9.840021e+00	-6.151569e+00
2.580000e-06	-1.512801e-06	-1.068796e-09	-1.091132e+01	-7.278963e+01
2.590000e-06	-1.660855e-06	-2.132479e-09	-1.197918e+01	-1.426004e+02
2.600000e-06	-1.808312e-06	-3.241515e-09	-1.304274e+01	-2.148646e+02
2.610000e-06	-1.955065e-06	-4.379624e-09	-1.410122e+01	-2.885987e+02
2.620000e-06	-2.101047e-06	-5.522701e-09	-1.515414e+01	-3.626466e+02
2.630000e-06	-2.246161e-06	-6.647271e-09	-1.620080e+01	-4.357979e+02
2.640000e-06	-2.390361e-06	-7.734767e-09	-1.724086e+01	-5.069132e+02
2.650000e-06	-2.533667e-06	-8.771702e-09	-1.827448e+01	-5.750354e+02
2.660000e-06	-2.676010e-06	-9.749710e-09	-1.930115e+01	-6.394683e+02
2.670000e-06	-2.817232e-06	-1.066662e-08	-2.031973e+01	-6.998126e+02
2.680000e-06	-2.957340e-06	-1.152655e-08	-2.133029e+01	-7.559566e+02
2.690000e-06	-3.096275e-06	-1.232914e-08	-2.233238e+01	-8.080277e+02
2.700000e-06	-3.233964e-06	-1.307328e-08	-2.332548e+01	-8.563193e+02
2.710000e-06	-3.370400e-06	-1.376423e-08	-2.430955e+01	-9.012084e+02
2.720000e-06	-3.505630e-06	-1.441020e-08	-2.528492e+01	-9.430810e+02
2.730000e-06	-3.639626e-06	-1.501778e-08	-2.625138e+01	-9.822777e+02
2.740000e-06	-3.772325e-06	-1.558527e-08	-2.720850e+01	-1.019066e+03
2.750000e-06	-3.903697e-06	-1.611223e-08	-2.815604e+01	-1.053638e+03
2.760000e-06	-4.033672e-06	-1.660382e-08	-2.909351e+01	-1.086131e+03
2.770000e-06	-4.162261e-06	-1.706373e-08	-3.002097e+01	-1.116651e+03
2.780000e-06	-4.289466e-06	-1.749571e-08	-3.093846e+01	-1.145307e+03
2.790000e-06	-4.415217e-06	-1.790615e-08	-3.184546e+01	-1.172225e+03
2.800000e-06	-4.539373e-06	-1.829956e-08	-3.274096e+01	-1.197560e+03
2.810000e-06	-4.661892e-06	-1.867421e-08	-3.362464e+01	-1.221482e+03
2.820000e-06	-4.782688e-06	-1.902563e-08	-3.449590e+01	-1.244165e+03
2.830000e-06	-4.901685e-06	-1.935692e-08	-3.535418e+01	-1.265765e+03
2.840000e-06	-5.018819e-06	-1.967342e-08	-3.619903e+01	-1.286401e+03
2.850000e-06	-5.133866e-06	-1.997424e-08	-3.702883e+01	-1.306152e+03
2.860000e-06	-5.246830e-06	-2.026063e-08	-3.784360e+01	-1.325054e+03
2.870000e-06	-5.357798e-06	-2.053331e-08	-3.864398e+01	-1.343116e+03
2.880000e-06	-5.466808e-06	-2.079449e-08	-3.943023e+01	-1.360331e+03
2.890000e-06	-5.573972e-06	-2.104582e-08	-4.020317e+01	-1.376700e+03
2.900000e-06	-5.679216e-06	-2.128632e-08	-4.096226e+01	-1.392240e+03
2.910000e-06	-5.782352e-06	-2.151679e-08	-4.170614e+01	-1.406992e+03
2.920000e-06	-5.883302e-06	-2.173711e-08	-4.243425e+01	-1.421018e+03
2.930000e-06	-5.982116e-06	-2.194584e-08	-4.314697e+01	-1.434392e+03
2.940000e-06	-6.078830e-06	-2.214298e-08	-4.384453e+01	-1.447186e+03
2.950000e-06	-6.173383e-06	-2.232962e-08	-4.452651e+01	-1.459459e+03
2.960000e-06	-6.265689e-06	-2.250729e-08	-4.519228e+01	-1.471248e+03
2.970000e-06	-6.355752e-06	-2.267868e-08	-4.584188e+01	-1.482568e+03
2.980000e-06	-6.443543e-06	-2.284271e-08	-4.647509e+01	-1.493417e+03
2.990000e-06	-6.528991e-06	-2.299909e-08	-4.709139e+01	-1.503779e+03
3.000000e-06	-6.612139e-06	-2.314851e-08	-4.769111e+01	-1.513642e+03
3.010000e-06	-6.692927e-06	-2.329200e-08	-4.827381e+01	-1.523002e+03
3.020000e-06	-6.771126e-06	-2.342904e-08	-4.883783e+01	-1.531866e+03
3.030000e-06	-6.846672e-06	-2.355696e-08	-4.938272e+01	-1.540255e+03
3.040000e-06	-6.919754e-06	-2.367676e-08	-4.990984e+01	-1.548198e+03
3.050000e-06	-6.990351e-06	-2.378926e-08	-5.041903e+01	-1.555725e+03
3.060000e-06	-7.058394e-06	-2.389554e-08	-5.090980e+01	-1.562863e+03
3.070000e-06	-7.123988e-06	-2.399592e-08	-5.138291e+01	-1.569628e+03
3.080000e-06	-7.187103e-06	-2.409136e-08	-5.183813e+01	-1.576028e+03
3.090000e-06	-7.247630e-06	-2.418374e-08	-5.227469e+01	-1.582064e+03
3.100000e-06	-7.305560e-06	-2.427174e-08	-5.269252e+01	-1.587737e+03
3.110000e-06	-7.360843e-06	-2.435364e-08	-5.309126e+01	-1.593049e+03
3.120000e-06	-7.413300e-06	-2.442961e-08	-5.346962e+01	-1.598014e+03
3.130000e-06	-7.462749e-06	-2.449953e-08	-5.382627e+01	-1.602651e+03
3.140000e-06	-7.509298e-06	-2.456445e-08	-5.416202e+01	-1.606986e+03
3.150000e-06	-7.553360e-06	-2.462547e-08	-5.447982e+01	-1.611043e+03
3.160000e-06	-7.595011e-06	-2.468299e-08	-5.478024e+01	-1.614841e+03
3.170000e-06	-7.633927e-06	-2.473865e-08	-5.506092e+01	-1.618386e+03
3.180000e-06	-7.670094e-06	-2.478943e-08	-5.532178e+01	-1.621672e+03
3.190000e-06	-7.703591e-06	-2.483435e-08	-5.556338e+01	-1.624679e+03
3.200000e-06	-7.734213e-06	-2.487154e-08	-5.578425e+01	-1.627382e+03
3.210000e-06	-7.762022e-06	-2.490356e-08	-5.598483e+01	-1.629756e+03
3.220000e-06	-7.787200e-06	-2.493381e-08	-5.616643e+01	-1.631783e+03
3.230000e-06	-7.809560e-06	-2.495942e-08	-5.632770e+01	-1.633461e+03
3.240000e-06	-7.829061e-06	-2.497925e-08	-5.646836e+01	-1.634803e+03
3.250000e-06	-7.845747e-06	-2.499335e-08	-5.658871e+01	-1.635835e+03
3.260000e-06	-7.859364e-06	-2.500256e-08	-5.668692e+01	-1.636593e+03
3.270000e-06	-7.869909e-06	-2.500864e-08	-5.676298e+01	-1.637116e+03
3.280000e-06	-7.877587e-06	-2.501257e-08	-5.681835e+01	-1.637434e+03
3.290000e-06	-7.882471e-06	-2.501448e-08	-5.685358e+01	-1.637566e+03
3.300000e-06	-7.884670e-06	-2.501144e-08	-5.686945e+01	-1.637519e+03
