# Temperatura_=_31.82
# Concentracion g/m^3_=_26700.0
# C_Vs_to_Am_M_A/Vsm_=_65563218390.804596
# pendiente_HvsI_1/m_=_3716.3
# ordenada_HvsI_A/m_=_1297.0
# frecuencia_Hz_=_301966.0326481382

Tiempo_(s)	Campo_(V.s)	Magnetizacion_(V.s)	Campo_(kA/m)	Magnetizacion_(A/m)
0.000000e+00	-6.694623e-06	-1.950305e-08	-4.746369e+01	-1.276432e+03
1.000000e-08	-6.690754e-06	-1.949662e-08	-4.743626e+01	-1.275936e+03
2.000000e-08	-6.684769e-06	-1.948843e-08	-4.739382e+01	-1.275277e+03
3.000000e-08	-6.676665e-06	-1.947711e-08	-4.733637e+01	-1.274435e+03
4.000000e-08	-6.666252e-06	-1.945847e-08	-4.726254e+01	-1.273382e+03
5.000000e-08	-6.653401e-06	-1.943350e-08	-4.717143e+01	-1.272093e+03
6.000000e-08	-6.638062e-06	-1.940436e-08	-4.706268e+01	-1.270550e+03
7.000000e-08	-6.620410e-06	-1.936858e-08	-4.693753e+01	-1.268759e+03
8.000000e-08	-6.600634e-06	-1.935691e-08	-4.679732e+01	-1.266744e+03
9.000000e-08	-6.578499e-06	-1.936369e-08	-4.664039e+01	-1.264555e+03
1.000000e-07	-6.553651e-06	-1.932830e-08	-4.646422e+01	-1.262250e+03
1.100000e-07	-6.526134e-06	-1.926117e-08	-4.626913e+01	-1.259891e+03
1.200000e-07	-6.496444e-06	-1.919729e-08	-4.605863e+01	-1.257522e+03
1.300000e-07	-6.464951e-06	-1.911858e-08	-4.583535e+01	-1.255165e+03
1.400000e-07	-6.431610e-06	-1.907916e-08	-4.559897e+01	-1.252807e+03
1.500000e-07	-6.396231e-06	-1.909593e-08	-4.534814e+01	-1.250400e+03
1.600000e-07	-6.358861e-06	-1.903064e-08	-4.508319e+01	-1.247869e+03
1.700000e-07	-6.319452e-06	-1.899011e-08	-4.480379e+01	-1.245127e+03
1.800000e-07	-6.277597e-06	-1.895806e-08	-4.450705e+01	-1.242084e+03
1.900000e-07	-6.233358e-06	-1.884957e-08	-4.419340e+01	-1.238671e+03
2.000000e-07	-6.186951e-06	-1.880171e-08	-4.386438e+01	-1.234845e+03
2.100000e-07	-6.138094e-06	-1.874235e-08	-4.351799e+01	-1.230596e+03
2.200000e-07	-6.086597e-06	-1.868011e-08	-4.315289e+01	-1.225950e+03
2.300000e-07	-6.032581e-06	-1.862552e-08	-4.276993e+01	-1.220955e+03
2.400000e-07	-5.976319e-06	-1.852325e-08	-4.237104e+01	-1.215671e+03
2.500000e-07	-5.917756e-06	-1.843871e-08	-4.195584e+01	-1.210154e+03
2.600000e-07	-5.856932e-06	-1.833528e-08	-4.152461e+01	-1.204449e+03
2.700000e-07	-5.794126e-06	-1.822755e-08	-4.107932e+01	-1.198576e+03
2.800000e-07	-5.729151e-06	-1.815313e-08	-4.061866e+01	-1.192534e+03
2.900000e-07	-5.661891e-06	-1.808088e-08	-4.014180e+01	-1.186300e+03
3.000000e-07	-5.592539e-06	-1.800409e-08	-3.965011e+01	-1.179842e+03
3.100000e-07	-5.521186e-06	-1.789591e-08	-3.914423e+01	-1.173124e+03
3.200000e-07	-5.447727e-06	-1.777672e-08	-3.862341e+01	-1.166121e+03
3.300000e-07	-5.371998e-06	-1.763816e-08	-3.808651e+01	-1.158818e+03
3.400000e-07	-5.294122e-06	-1.750551e-08	-3.753438e+01	-1.151217e+03
3.500000e-07	-5.214129e-06	-1.740241e-08	-3.696725e+01	-1.143329e+03
3.600000e-07	-5.132147e-06	-1.729208e-08	-3.638601e+01	-1.135175e+03
3.700000e-07	-5.048491e-06	-1.718071e-08	-3.579290e+01	-1.126771e+03
3.800000e-07	-4.963179e-06	-1.704168e-08	-3.518805e+01	-1.118131e+03
3.900000e-07	-4.876282e-06	-1.688362e-08	-3.457197e+01	-1.109253e+03
4.000000e-07	-4.787742e-06	-1.672824e-08	-3.394424e+01	-1.100127e+03
4.100000e-07	-4.697477e-06	-1.658740e-08	-3.330428e+01	-1.090732e+03
4.200000e-07	-4.605598e-06	-1.645874e-08	-3.265287e+01	-1.081044e+03
4.300000e-07	-4.512123e-06	-1.632047e-08	-3.199015e+01	-1.071040e+03
4.400000e-07	-4.417091e-06	-1.617373e-08	-3.131639e+01	-1.060702e+03
4.500000e-07	-4.320415e-06	-1.599973e-08	-3.063097e+01	-1.050021e+03
4.600000e-07	-4.222060e-06	-1.581125e-08	-2.993365e+01	-1.038996e+03
4.700000e-07	-4.122151e-06	-1.562393e-08	-2.922532e+01	-1.027633e+03
4.800000e-07	-4.020838e-06	-1.545055e-08	-2.850702e+01	-1.015937e+03
4.900000e-07	-3.918190e-06	-1.527947e-08	-2.777927e+01	-1.003916e+03
5.000000e-07	-3.814101e-06	-1.509579e-08	-2.704130e+01	-9.915675e+02
5.100000e-07	-3.708523e-06	-1.490807e-08	-2.629277e+01	-9.788865e+02
5.200000e-07	-3.601527e-06	-1.470701e-08	-2.553419e+01	-9.658601e+02
5.300000e-07	-3.493202e-06	-1.448920e-08	-2.476618e+01	-9.524722e+02
5.400000e-07	-3.383653e-06	-1.426621e-08	-2.398949e+01	-9.387052e+02
5.500000e-07	-3.272921e-06	-1.405380e-08	-2.320443e+01	-9.245437e+02
5.600000e-07	-3.160909e-06	-1.384073e-08	-2.241028e+01	-9.099756e+02
5.700000e-07	-3.047613e-06	-1.361815e-08	-2.160703e+01	-8.949931e+02
5.800000e-07	-2.933067e-06	-1.338846e-08	-2.079492e+01	-8.795916e+02
5.900000e-07	-2.817293e-06	-1.314535e-08	-1.997411e+01	-8.637678e+02
6.000000e-07	-2.700342e-06	-1.288467e-08	-1.914495e+01	-8.475178e+02
6.100000e-07	-2.582375e-06	-1.261791e-08	-1.830858e+01	-8.308353e+02
6.200000e-07	-2.463530e-06	-1.235850e-08	-1.746599e+01	-8.137105e+02
6.300000e-07	-2.343720e-06	-1.209874e-08	-1.661656e+01	-7.961305e+02
6.400000e-07	-2.223024e-06	-1.183171e-08	-1.576084e+01	-7.780806e+02
6.500000e-07	-2.101606e-06	-1.155365e-08	-1.490002e+01	-7.595457e+02
6.600000e-07	-1.979464e-06	-1.126080e-08	-1.403405e+01	-7.405121e+02
6.700000e-07	-1.856545e-06	-1.095234e-08	-1.316257e+01	-7.209683e+02
6.800000e-07	-1.732896e-06	-1.063972e-08	-1.228592e+01	-7.009054e+02
6.900000e-07	-1.608633e-06	-1.033044e-08	-1.140492e+01	-6.803166e+02
7.000000e-07	-1.483823e-06	-1.001454e-08	-1.052004e+01	-6.591965e+02
7.100000e-07	-1.358560e-06	-9.687658e-09	-9.631949e+00	-6.375395e+02
7.200000e-07	-1.232912e-06	-9.351267e-09	-8.741124e+00	-6.153401e+02
7.300000e-07	-1.106920e-06	-9.004332e-09	-7.847868e+00	-5.925923e+02
7.400000e-07	-9.806207e-07	-8.644004e-09	-6.952426e+00	-5.692900e+02
7.500000e-07	-8.539795e-07	-8.276739e-09	-6.054563e+00	-5.454283e+02
7.600000e-07	-7.270447e-07	-7.905379e-09	-5.154618e+00	-5.210042e+02
7.700000e-07	-5.999114e-07	-7.524862e-09	-4.253265e+00	-4.960167e+02
7.800000e-07	-4.726160e-07	-7.136141e-09	-3.350763e+00	-4.704661e+02
7.900000e-07	-3.450779e-07	-6.742033e-09	-2.446541e+00	-4.443532e+02
8.000000e-07	-2.173619e-07	-6.337971e-09	-1.541057e+00	-4.176762e+02
8.100000e-07	-8.961582e-08	-5.919660e-09	-6.353602e-01	-3.904284e+02
8.200000e-07	3.817211e-08	-5.492656e-09	2.706334e-01	-3.625944e+02
8.300000e-07	1.660346e-07	-5.059865e-09	1.177155e+00	-3.341473e+02
8.400000e-07	2.939434e-07	-4.618113e-09	2.084006e+00	-3.050460e+02
8.500000e-07	4.217384e-07	-4.165394e-09	2.990050e+00	-2.752331e+02
8.600000e-07	5.493246e-07	-3.701105e-09	3.894613e+00	-2.446338e+02
8.700000e-07	6.767770e-07	-3.222048e-09	4.798228e+00	-2.131563e+02
8.800000e-07	8.040272e-07	-2.725292e-09	5.700410e+00	-1.806932e+02
8.900000e-07	9.309965e-07	-2.212520e-09	6.600599e+00	-1.471262e+02
9.000000e-07	1.057673e-06	-1.683339e-09	7.498712e+00	-1.123326e+02
9.100000e-07	1.184004e-06	-1.135044e-09	8.394380e+00	-7.619493e+01
9.200000e-07	1.309972e-06	-5.668397e-10	9.287472e+00	-3.861418e+01
9.300000e-07	1.435507e-06	2.414990e-11	1.017749e+01	4.756602e-01
9.400000e-07	1.560601e-06	6.412146e-10	1.106438e+01	4.109189e+01
9.500000e-07	1.685197e-06	1.283757e-09	1.194775e+01	8.318883e+01
9.600000e-07	1.809189e-06	1.945802e-09	1.282683e+01	1.266472e+02
9.700000e-07	1.932495e-06	2.625397e-09	1.370104e+01	1.712697e+02
9.800000e-07	2.055066e-06	3.319981e-09	1.457005e+01	2.167837e+02
9.900000e-07	2.176853e-06	4.021647e-09	1.543350e+01	2.628531e+02
1.000000e-06	2.297771e-06	4.724333e-09	1.629079e+01	3.090973e+02
1.010000e-06	2.417733e-06	5.423494e-09	1.714130e+01	3.551156e+02
1.020000e-06	2.536792e-06	6.112954e-09	1.798540e+01	4.005151e+02
1.030000e-06	2.655021e-06	6.786539e-09	1.882363e+01	4.449363e+02
1.040000e-06	2.772249e-06	7.439750e-09	1.965475e+01	4.880750e+02
1.050000e-06	2.888377e-06	8.070435e-09	2.047808e+01	5.296964e+02
1.060000e-06	3.003314e-06	8.674489e-09	2.129296e+01	5.696404e+02
1.070000e-06	3.116959e-06	9.251941e-09	2.209868e+01	6.078184e+02
1.080000e-06	3.229396e-06	9.804781e-09	2.289585e+01	6.442032e+02
1.090000e-06	3.340648e-06	1.033404e-08	2.368460e+01	6.788140e+02
1.100000e-06	3.450794e-06	1.083602e-08	2.446552e+01	7.117013e+02
1.110000e-06	3.559904e-06	1.131100e-08	2.523909e+01	7.429318e+02
1.120000e-06	3.667820e-06	1.175911e-08	2.600419e+01	7.725787e+02
1.130000e-06	3.774427e-06	1.218035e-08	2.676001e+01	8.007154e+02
1.140000e-06	3.879664e-06	1.258163e-08	2.750612e+01	8.274139e+02
1.150000e-06	3.983464e-06	1.296502e-08	2.824205e+01	8.527455e+02
1.160000e-06	4.085814e-06	1.333206e-08	2.896769e+01	8.767829e+02
1.170000e-06	4.186792e-06	1.368095e-08	2.968361e+01	8.996020e+02
1.180000e-06	4.286350e-06	1.401280e-08	3.038946e+01	9.212809e+02
1.190000e-06	4.384272e-06	1.432779e-08	3.108371e+01	9.418981e+02
1.200000e-06	4.480504e-06	1.462787e-08	3.176598e+01	9.615283e+02
1.210000e-06	4.575125e-06	1.491359e-08	3.243682e+01	9.802383e+02
1.220000e-06	4.668207e-06	1.518376e-08	3.309676e+01	9.980840e+02
1.230000e-06	4.759769e-06	1.543951e-08	3.374592e+01	1.015109e+03
1.240000e-06	4.849597e-06	1.568454e-08	3.438278e+01	1.031347e+03
1.250000e-06	4.937546e-06	1.592042e-08	3.500632e+01	1.046823e+03
1.260000e-06	5.023743e-06	1.614405e-08	3.561744e+01	1.061563e+03
1.270000e-06	5.108286e-06	1.635454e-08	3.621684e+01	1.075591e+03
1.280000e-06	5.191078e-06	1.655477e-08	3.680382e+01	1.088940e+03
1.290000e-06	5.271904e-06	1.674772e-08	3.737686e+01	1.101648e+03
1.300000e-06	5.350736e-06	1.693392e-08	3.793577e+01	1.113755e+03
1.310000e-06	5.427622e-06	1.711202e-08	3.848087e+01	1.125303e+03
1.320000e-06	5.502416e-06	1.728051e-08	3.901115e+01	1.136330e+03
1.330000e-06	5.575056e-06	1.743940e-08	3.952615e+01	1.146863e+03
1.340000e-06	5.645640e-06	1.758870e-08	4.002658e+01	1.156920e+03
1.350000e-06	5.714273e-06	1.773355e-08	4.051318e+01	1.166510e+03
1.360000e-06	5.780847e-06	1.787625e-08	4.098518e+01	1.175632e+03
1.370000e-06	5.845291e-06	1.801152e-08	4.144207e+01	1.184285e+03
1.380000e-06	5.907705e-06	1.813792e-08	4.188458e+01	1.192470e+03
1.390000e-06	5.968245e-06	1.825748e-08	4.231379e+01	1.200192e+03
1.400000e-06	6.026742e-06	1.837034e-08	4.272853e+01	1.207468e+03
1.410000e-06	6.082981e-06	1.847438e-08	4.312725e+01	1.214320e+03
1.420000e-06	6.137019e-06	1.857138e-08	4.351037e+01	1.220773e+03
1.430000e-06	6.188604e-06	1.866475e-08	4.387610e+01	1.226856e+03
1.440000e-06	6.237591e-06	1.875385e-08	4.422341e+01	1.232590e+03
1.450000e-06	6.284284e-06	1.883671e-08	4.455445e+01	1.237992e+03
1.460000e-06	6.328960e-06	1.891469e-08	4.487120e+01	1.243070e+03
1.470000e-06	6.371394e-06	1.898847e-08	4.517205e+01	1.247826e+03
1.480000e-06	6.411382e-06	1.905584e-08	4.545556e+01	1.252259e+03
1.490000e-06	6.449136e-06	1.911641e-08	4.572322e+01	1.256371e+03
1.500000e-06	6.484816e-06	1.917315e-08	4.597619e+01	1.260165e+03
1.510000e-06	6.518168e-06	1.922713e-08	4.621265e+01	1.263651e+03
1.520000e-06	6.549143e-06	1.927646e-08	4.643226e+01	1.266843e+03
1.530000e-06	6.578000e-06	1.932138e-08	4.663685e+01	1.269755e+03
1.540000e-06	6.604509e-06	1.936294e-08	4.682479e+01	1.272399e+03
1.550000e-06	6.628417e-06	1.940078e-08	4.699430e+01	1.274782e+03
1.560000e-06	6.649954e-06	1.943388e-08	4.714699e+01	1.276900e+03
1.570000e-06	6.669298e-06	1.946318e-08	4.728414e+01	1.278746e+03
1.580000e-06	6.686270e-06	1.949002e-08	4.740447e+01	1.280305e+03
1.590000e-06	6.700742e-06	1.951194e-08	4.750707e+01	1.281568e+03
1.600000e-06	6.712659e-06	1.952635e-08	4.759156e+01	1.282530e+03
1.610000e-06	6.721896e-06	1.953617e-08	4.765705e+01	1.283198e+03
1.620000e-06	6.728590e-06	1.954315e-08	4.770450e+01	1.283591e+03
1.630000e-06	6.733017e-06	1.954747e-08	4.773589e+01	1.283739e+03
1.640000e-06	6.735113e-06	1.954841e-08	4.775075e+01	1.283675e+03
1.650000e-06	6.734795e-06	1.954665e-08	4.774850e+01	1.283429e+03
1.660000e-06	6.732259e-06	1.953947e-08	4.773052e+01	1.283021e+03
1.670000e-06	6.727546e-06	1.953087e-08	4.769710e+01	1.282454e+03
1.680000e-06	6.720528e-06	1.952401e-08	4.764735e+01	1.281718e+03
1.690000e-06	6.711312e-06	1.951507e-08	4.758201e+01	1.280787e+03
1.700000e-06	6.699972e-06	1.949885e-08	4.750161e+01	1.279634e+03
1.710000e-06	6.686270e-06	1.947812e-08	4.740447e+01	1.278235e+03
1.720000e-06	6.670278e-06	1.946378e-08	4.729108e+01	1.276582e+03
1.730000e-06	6.652224e-06	1.941079e-08	4.716308e+01	1.274688e+03
1.740000e-06	6.631591e-06	1.933956e-08	4.701680e+01	1.272590e+03
1.750000e-06	6.607718e-06	1.931909e-08	4.684755e+01	1.270341e+03
1.760000e-06	6.580981e-06	1.930774e-08	4.665798e+01	1.268004e+03
1.770000e-06	6.552073e-06	1.929805e-08	4.645303e+01	1.265634e+03
1.780000e-06	6.521246e-06	1.931893e-08	4.623447e+01	1.263268e+03
1.790000e-06	6.488940e-06	1.924120e-08	4.600543e+01	1.260912e+03
1.800000e-06	6.454882e-06	1.917164e-08	4.576396e+01	1.258538e+03
1.810000e-06	6.418538e-06	1.916091e-08	4.550629e+01	1.256086e+03
1.820000e-06	6.379941e-06	1.908778e-08	4.523265e+01	1.253474e+03
1.830000e-06	6.338980e-06	1.912043e-08	4.494224e+01	1.250611e+03
1.840000e-06	6.295877e-06	1.910382e-08	4.463665e+01	1.247415e+03
1.850000e-06	6.250687e-06	1.899604e-08	4.431626e+01	1.243825e+03
1.860000e-06	6.203159e-06	1.896450e-08	4.397929e+01	1.239815e+03
1.870000e-06	6.153414e-06	1.883396e-08	4.362661e+01	1.235390e+03
1.880000e-06	6.101101e-06	1.876863e-08	4.325572e+01	1.230585e+03
1.890000e-06	6.046066e-06	1.873570e-08	4.286553e+01	1.225456e+03
1.900000e-06	5.988872e-06	1.863373e-08	4.246004e+01	1.220064e+03
1.910000e-06	5.929560e-06	1.861221e-08	4.203953e+01	1.214460e+03
1.920000e-06	5.868045e-06	1.848444e-08	4.160339e+01	1.208680e+03
1.930000e-06	5.804291e-06	1.837717e-08	4.115139e+01	1.202734e+03
1.940000e-06	5.738392e-06	1.828052e-08	4.068418e+01	1.196611e+03
1.950000e-06	5.670412e-06	1.814331e-08	4.020221e+01	1.190283e+03
1.960000e-06	5.600073e-06	1.807132e-08	3.970352e+01	1.183715e+03
1.970000e-06	5.527560e-06	1.796400e-08	3.918942e+01	1.176876e+03
1.980000e-06	5.453071e-06	1.791676e-08	3.866130e+01	1.169743e+03
1.990000e-06	5.376524e-06	1.780623e-08	3.811859e+01	1.162309e+03
2.000000e-06	5.297813e-06	1.764807e-08	3.756055e+01	1.154581e+03
2.010000e-06	5.217125e-06	1.750894e-08	3.698849e+01	1.146574e+03
2.020000e-06	5.134738e-06	1.734991e-08	3.640438e+01	1.138309e+03
2.030000e-06	5.050568e-06	1.725637e-08	3.580763e+01	1.129802e+03
2.040000e-06	4.964524e-06	1.714965e-08	3.519759e+01	1.121058e+03
2.050000e-06	4.876594e-06	1.704719e-08	3.457418e+01	1.112074e+03
2.060000e-06	4.787056e-06	1.689131e-08	3.393937e+01	1.102833e+03
2.070000e-06	4.696028e-06	1.670765e-08	3.329400e+01	1.093313e+03
2.080000e-06	4.603370e-06	1.653596e-08	3.263707e+01	1.083490e+03
2.090000e-06	4.508937e-06	1.638165e-08	3.196756e+01	1.073343e+03
2.100000e-06	4.412875e-06	1.625309e-08	3.128650e+01	1.062856e+03
2.110000e-06	4.315377e-06	1.609331e-08	3.059525e+01	1.052025e+03
2.120000e-06	4.216484e-06	1.593467e-08	2.989412e+01	1.040853e+03
2.130000e-06	4.116141e-06	1.574697e-08	2.918270e+01	1.029344e+03
2.140000e-06	4.014145e-06	1.555688e-08	2.845957e+01	1.017506e+03
2.150000e-06	3.910548e-06	1.535817e-08	2.772509e+01	1.005343e+03
2.160000e-06	3.805524e-06	1.516787e-08	2.698049e+01	9.928512e+02
2.170000e-06	3.699265e-06	1.499351e-08	2.622713e+01	9.800218e+02
2.180000e-06	3.591794e-06	1.480558e-08	2.546518e+01	9.668405e+02
2.190000e-06	3.483031e-06	1.460471e-08	2.469407e+01	9.532901e+02
2.200000e-06	3.373009e-06	1.438638e-08	2.391403e+01	9.393537e+02
2.210000e-06	3.261619e-06	1.415595e-08	2.312430e+01	9.250171e+02
2.220000e-06	3.148923e-06	1.390839e-08	2.232530e+01	9.102700e+02
2.230000e-06	3.035037e-06	1.367307e-08	2.151787e+01	8.951062e+02
2.240000e-06	2.919987e-06	1.345218e-08	2.070218e+01	8.795220e+02
2.250000e-06	2.803772e-06	1.323294e-08	1.987825e+01	8.635141e+02
2.260000e-06	2.686366e-06	1.298919e-08	1.904586e+01	8.470776e+02
2.270000e-06	2.567858e-06	1.272717e-08	1.820566e+01	8.302048e+02
2.280000e-06	2.448281e-06	1.245376e-08	1.735788e+01	8.128845e+02
2.290000e-06	2.327724e-06	1.216956e-08	1.650315e+01	7.951028e+02
2.300000e-06	2.206423e-06	1.188757e-08	1.564315e+01	7.768448e+02
2.310000e-06	2.084501e-06	1.161144e-08	1.477874e+01	7.580957e+02
2.320000e-06	1.961945e-06	1.132999e-08	1.390984e+01	7.388425e+02
2.330000e-06	1.838768e-06	1.102702e-08	1.303654e+01	7.190751e+02
2.340000e-06	1.714970e-06	1.070992e-08	1.215883e+01	6.987855e+02
2.350000e-06	1.590542e-06	1.038630e-08	1.127666e+01	6.779675e+02
2.360000e-06	1.465498e-06	1.005857e-08	1.039012e+01	6.566158e+02
2.370000e-06	1.339907e-06	9.724278e-09	9.499705e+00	6.347250e+02
2.380000e-06	1.213925e-06	9.390891e-09	8.606510e+00	6.122892e+02
2.390000e-06	1.087644e-06	9.049503e-09	7.711201e+00	5.893023e+02
2.400000e-06	9.610111e-07	8.691493e-09	6.813398e+00	5.657587e+02
2.410000e-06	8.339950e-07	8.319030e-09	5.912876e+00	5.416542e+02
2.420000e-06	7.067011e-07	7.932425e-09	5.010385e+00	5.169865e+02
2.430000e-06	5.791087e-07	7.539874e-09	4.105777e+00	4.917554e+02
2.440000e-06	4.512516e-07	7.143590e-09	3.199293e+00	4.659617e+02
2.450000e-06	3.232405e-07	6.747059e-09	2.291718e+00	4.396054e+02
2.460000e-06	1.950887e-07	6.345127e-09	1.383144e+00	4.126830e+02
2.470000e-06	6.677419e-08	5.929708e-09	4.734171e-01	3.851843e+02
2.480000e-06	-6.160331e-08	5.501913e-09	-4.367565e-01	3.570895e+02
2.490000e-06	-1.898830e-07	5.059205e-09	-1.346236e+00	3.283658e+02
2.500000e-06	-3.180702e-07	4.602887e-09	-2.255061e+00	2.989655e+02
2.510000e-06	-4.461929e-07	4.137962e-09	-3.163428e+00	2.688236e+02
2.520000e-06	-5.742136e-07	3.666174e-09	-4.071072e+00	2.378581e+02
2.530000e-06	-7.019904e-07	3.181349e-09	-4.976987e+00	2.059700e+02
2.540000e-06	-8.295322e-07	2.678895e-09	-5.881236e+00	1.730467e+02
2.550000e-06	-9.567965e-07	2.159030e-09	-6.783516e+00	1.389668e+02
2.560000e-06	-1.083622e-06	1.616793e-09	-7.682685e+00	1.036087e+02
2.570000e-06	-1.210054e-06	1.050466e-09	-8.579068e+00	6.686101e+01
2.580000e-06	-1.336110e-06	4.643562e-10	-9.472783e+00	2.863700e+01
2.590000e-06	-1.461700e-06	-1.423611e-10	-1.036319e+01	-1.111037e+01
2.600000e-06	-1.586668e-06	-7.718121e-10	-1.124920e+01	-5.237299e+01
2.610000e-06	-1.710963e-06	-1.424797e-09	-1.213042e+01	-9.507465e+01
2.620000e-06	-1.834525e-06	-2.099831e-09	-1.300645e+01	-1.390627e+02
2.630000e-06	-1.957315e-06	-2.789868e-09	-1.387701e+01	-1.841068e+02
2.640000e-06	-2.079408e-06	-3.493656e-09	-1.474263e+01	-2.299052e+02
2.650000e-06	-2.200852e-06	-4.200836e-09	-1.560365e+01	-2.761000e+02
2.660000e-06	-2.321557e-06	-4.906318e-09	-1.645943e+01	-3.222988e+02
2.670000e-06	-2.441267e-06	-5.607122e-09	-1.730815e+01	-3.681008e+02
2.680000e-06	-2.559954e-06	-6.294854e-09	-1.814962e+01	-4.131243e+02
2.690000e-06	-2.677631e-06	-6.967382e-09	-1.898393e+01	-4.570314e+02
2.700000e-06	-2.794187e-06	-7.619519e-09	-1.981029e+01	-4.995464e+02
2.710000e-06	-2.909592e-06	-8.249840e-09	-2.062849e+01	-5.404662e+02
2.720000e-06	-3.023805e-06	-8.854526e-09	-2.143824e+01	-5.796624e+02
2.730000e-06	-3.136733e-06	-9.428960e-09	-2.223888e+01	-6.170743e+02
2.740000e-06	-3.248373e-06	-9.975024e-09	-2.303039e+01	-6.526964e+02
2.750000e-06	-3.358785e-06	-1.049314e-08	-2.381319e+01	-6.865633e+02
2.760000e-06	-3.468003e-06	-1.098504e-08	-2.458753e+01	-7.187338e+02
2.770000e-06	-3.576104e-06	-1.145322e-08	-2.535394e+01	-7.492787e+02
2.780000e-06	-3.683076e-06	-1.189689e-08	-2.611236e+01	-7.782716e+02
2.790000e-06	-3.788839e-06	-1.231805e-08	-2.686219e+01	-8.057853e+02
2.800000e-06	-3.893329e-06	-1.271960e-08	-2.760301e+01	-8.318913e+02
2.810000e-06	-3.996341e-06	-1.310285e-08	-2.833335e+01	-8.566613e+02
2.820000e-06	-4.097870e-06	-1.346599e-08	-2.905317e+01	-8.801692e+02
2.830000e-06	-4.197912e-06	-1.380735e-08	-2.976245e+01	-9.024921e+02
2.840000e-06	-4.296456e-06	-1.412986e-08	-3.046111e+01	-9.237086e+02
2.850000e-06	-4.393641e-06	-1.443780e-08	-3.115013e+01	-9.438961e+02
2.860000e-06	-4.489378e-06	-1.473250e-08	-3.182889e+01	-9.631265e+02
2.870000e-06	-4.583446e-06	-1.501299e-08	-3.249581e+01	-9.814620e+02
2.880000e-06	-4.675801e-06	-1.527915e-08	-3.315060e+01	-9.989535e+02
2.890000e-06	-4.766435e-06	-1.553227e-08	-3.379318e+01	-1.015640e+03
2.900000e-06	-4.855412e-06	-1.577641e-08	-3.442401e+01	-1.031550e+03
2.910000e-06	-4.942636e-06	-1.601336e-08	-3.504241e+01	-1.046710e+03
2.920000e-06	-5.027936e-06	-1.623836e-08	-3.564717e+01	-1.061144e+03
2.930000e-06	-5.111406e-06	-1.645012e-08	-3.623896e+01	-1.074879e+03
2.940000e-06	-5.193114e-06	-1.665129e-08	-3.681825e+01	-1.087950e+03
2.950000e-06	-5.273010e-06	-1.684203e-08	-3.738470e+01	-1.100397e+03
2.960000e-06	-5.350776e-06	-1.702152e-08	-3.793605e+01	-1.112262e+03
2.970000e-06	-5.426357e-06	-1.719358e-08	-3.847190e+01	-1.123584e+03
2.980000e-06	-5.499982e-06	-1.735944e-08	-3.899389e+01	-1.134399e+03
2.990000e-06	-5.571617e-06	-1.751666e-08	-3.950177e+01	-1.144728e+03
3.000000e-06	-5.641153e-06	-1.766565e-08	-3.999477e+01	-1.154587e+03
3.010000e-06	-5.708623e-06	-1.780812e-08	-4.047312e+01	-1.163979e+03
3.020000e-06	-5.774136e-06	-1.794443e-08	-4.093760e+01	-1.172902e+03
3.030000e-06	-5.837658e-06	-1.807272e-08	-4.138796e+01	-1.181356e+03
3.040000e-06	-5.899042e-06	-1.819260e-08	-4.182316e+01	-1.189344e+03
3.050000e-06	-5.958282e-06	-1.830655e-08	-4.224316e+01	-1.196875e+03
3.060000e-06	-6.015506e-06	-1.841550e-08	-4.264887e+01	-1.203968e+03
3.070000e-06	-6.070621e-06	-1.851729e-08	-4.303962e+01	-1.210647e+03
3.080000e-06	-6.123373e-06	-1.861105e-08	-4.341363e+01	-1.216941e+03
3.090000e-06	-6.173570e-06	-1.869767e-08	-4.376951e+01	-1.222874e+03
3.100000e-06	-6.221261e-06	-1.878218e-08	-4.410763e+01	-1.228466e+03
3.110000e-06	-6.266773e-06	-1.886425e-08	-4.443030e+01	-1.233731e+03
3.120000e-06	-6.310268e-06	-1.894032e-08	-4.473868e+01	-1.238673e+03
3.130000e-06	-6.351727e-06	-1.901192e-08	-4.503261e+01	-1.243293e+03
3.140000e-06	-6.391015e-06	-1.907954e-08	-4.531116e+01	-1.247590e+03
3.150000e-06	-6.428013e-06	-1.914138e-08	-4.557347e+01	-1.251567e+03
3.160000e-06	-6.462763e-06	-1.919558e-08	-4.581984e+01	-1.255230e+03
3.170000e-06	-6.495251e-06	-1.924601e-08	-4.605017e+01	-1.258590e+03
3.180000e-06	-6.525297e-06	-1.929128e-08	-4.626320e+01	-1.261662e+03
3.190000e-06	-6.552907e-06	-1.933228e-08	-4.645894e+01	-1.264461e+03
3.200000e-06	-6.578289e-06	-1.936986e-08	-4.663890e+01	-1.266995e+03
3.210000e-06	-6.601323e-06	-1.940277e-08	-4.680220e+01	-1.269267e+03
3.220000e-06	-6.621876e-06	-1.943136e-08	-4.694792e+01	-1.271272e+03
3.230000e-06	-6.640121e-06	-1.945637e-08	-4.707727e+01	-1.272998e+03
3.240000e-06	-6.655978e-06	-1.947736e-08	-4.718970e+01	-1.274434e+03
3.250000e-06	-6.669161e-06	-1.949514e-08	-4.728316e+01	-1.275570e+03
3.260000e-06	-6.679762e-06	-1.950961e-08	-4.735832e+01	-1.276406e+03
3.270000e-06	-6.687989e-06	-1.951647e-08	-4.741665e+01	-1.276955e+03
3.280000e-06	-6.693804e-06	-1.951685e-08	-4.745788e+01	-1.277242e+03
3.290000e-06	-6.697256e-06	-1.951459e-08	-4.748235e+01	-1.277297e+03
3.300000e-06	-6.698450e-06	-1.951092e-08	-4.749082e+01	-1.277154e+03
3.310000e-06	-6.697253e-06	-1.950664e-08	-4.748233e+01	-1.276839e+03
