5.036281e+02
5.058270e+02
5.049815e+02
5.055585e+02
5.048274e+02
5.016297e+02
5.000030e+02
5.006951e+02
5.010066e+02
5.018489e+02
5.011548e+02
4.953168e+02
4.931319e+02
4.941112e+02
4.944967e+02
4.899531e+02
4.899818e+02
4.907900e+02
4.859052e+02
4.904338e+02
4.848761e+02
4.864144e+02
4.879183e+02
4.881795e+02
4.819452e+02
4.827391e+02
4.803773e+02
4.919472e+02
4.938876e+02
4.919117e+02
5.026110e+02
5.033955e+02
4.994020e+02
5.004924e+02
5.004394e+02
4.976038e+02
4.995503e+02
5.018678e+02
5.051030e+02
5.043761e+02
5.033679e+02
5.082139e+02
5.048874e+02
5.064124e+02
5.056030e+02
5.070544e+02
5.028934e+02
5.066672e+02
5.085777e+02
5.054489e+02
5.074582e+02
5.081319e+02
5.109846e+02
5.055022e+02
5.090880e+02
5.078639e+02
5.073731e+02
5.032712e+02
5.052853e+02
5.080618e+02
5.038528e+02
5.039215e+02
5.053188e+02
5.046027e+02
5.040890e+02
5.050663e+02
5.059589e+02
5.037871e+02
5.080274e+02
5.039213e+02
5.060103e+02
5.069680e+02
5.057187e+02
5.108022e+02
5.098496e+02
5.085447e+02
5.067587e+02
5.088275e+02
5.049670e+02
5.075317e+02
5.038034e+02
5.036901e+02
5.027061e+02
