# Temperatura_=_27.34
# Concentracion g/m^3_=_24000.0
# C_Vs_to_Am_M_A/Vsm_=_65563218390.804596
# pendiente_HvsI_1/m_=_3716.3
# ordenada_HvsI_A/m_=_1297.0
# frecuencia_Hz_=_301602.4717989984

Tiempo_(s)	Campo_(V.s)	Magnetizacion_(V.s)	Campo_(kA/m)	Magnetizacion_(A/m)
0.000000e+00	-5.262529e-06	-1.700849e-08	-3.834246e+01	-1.111240e+03
1.000000e-08	-5.260346e-06	-1.700394e-08	-3.832655e+01	-1.110883e+03
2.000000e-08	-5.256380e-06	-1.699470e-08	-3.829766e+01	-1.110326e+03
3.000000e-08	-5.250854e-06	-1.698169e-08	-3.825740e+01	-1.109556e+03
4.000000e-08	-5.243751e-06	-1.696352e-08	-3.820564e+01	-1.108552e+03
5.000000e-08	-5.234950e-06	-1.693989e-08	-3.814152e+01	-1.107297e+03
6.000000e-08	-5.224162e-06	-1.691465e-08	-3.806292e+01	-1.105781e+03
7.000000e-08	-5.211474e-06	-1.688250e-08	-3.797047e+01	-1.104007e+03
8.000000e-08	-5.196767e-06	-1.684897e-08	-3.786332e+01	-1.101992e+03
9.000000e-08	-5.179785e-06	-1.686264e-08	-3.773959e+01	-1.099772e+03
1.000000e-07	-5.160779e-06	-1.683673e-08	-3.760112e+01	-1.097391e+03
1.100000e-07	-5.139978e-06	-1.675996e-08	-3.744956e+01	-1.094899e+03
1.200000e-07	-5.117456e-06	-1.671681e-08	-3.728547e+01	-1.092339e+03
1.300000e-07	-5.093521e-06	-1.660898e-08	-3.711108e+01	-1.089743e+03
1.400000e-07	-5.068081e-06	-1.657403e-08	-3.692572e+01	-1.087121e+03
1.500000e-07	-5.040893e-06	-1.666461e-08	-3.672763e+01	-1.084459e+03
1.600000e-07	-5.012209e-06	-1.650868e-08	-3.651864e+01	-1.081722e+03
1.700000e-07	-4.982053e-06	-1.646607e-08	-3.629893e+01	-1.078860e+03
1.800000e-07	-4.950033e-06	-1.652978e-08	-3.606563e+01	-1.075813e+03
1.900000e-07	-4.915995e-06	-1.632716e-08	-3.581763e+01	-1.072520e+03
2.000000e-07	-4.880366e-06	-1.629768e-08	-3.555804e+01	-1.068932e+03
2.100000e-07	-4.843182e-06	-1.628400e-08	-3.528713e+01	-1.065014e+03
2.200000e-07	-4.804264e-06	-1.611067e-08	-3.500357e+01	-1.060750e+03
2.300000e-07	-4.763533e-06	-1.611681e-08	-3.470680e+01	-1.056141e+03
2.400000e-07	-4.720825e-06	-1.608706e-08	-3.439564e+01	-1.051201e+03
2.500000e-07	-4.676333e-06	-1.593564e-08	-3.407147e+01	-1.045955e+03
2.600000e-07	-4.630103e-06	-1.586170e-08	-3.373464e+01	-1.040426e+03
2.700000e-07	-4.582072e-06	-1.575729e-08	-3.338469e+01	-1.034637e+03
2.800000e-07	-4.532031e-06	-1.566931e-08	-3.302010e+01	-1.028603e+03
2.900000e-07	-4.479862e-06	-1.559405e-08	-3.264000e+01	-1.022332e+03
3.000000e-07	-4.425949e-06	-1.550619e-08	-3.224719e+01	-1.015827e+03
3.100000e-07	-4.370569e-06	-1.540191e-08	-3.184370e+01	-1.009084e+03
3.200000e-07	-4.313587e-06	-1.527957e-08	-3.142853e+01	-1.002101e+03
3.300000e-07	-4.254858e-06	-1.516803e-08	-3.100063e+01	-9.948769e+02
3.400000e-07	-4.194630e-06	-1.502267e-08	-3.056181e+01	-9.874116e+02
3.500000e-07	-4.133056e-06	-1.492850e-08	-3.011319e+01	-9.797085e+02
3.600000e-07	-4.070105e-06	-1.483863e-08	-2.965453e+01	-9.717719e+02
3.700000e-07	-4.005710e-06	-1.469436e-08	-2.918535e+01	-9.636056e+02
3.800000e-07	-3.939677e-06	-1.457178e-08	-2.870424e+01	-9.552112e+02
3.900000e-07	-3.872070e-06	-1.443554e-08	-2.821166e+01	-9.465875e+02
4.000000e-07	-3.803166e-06	-1.428627e-08	-2.770963e+01	-9.377301e+02
4.100000e-07	-3.733047e-06	-1.413880e-08	-2.719875e+01	-9.286327e+02
4.200000e-07	-3.661783e-06	-1.399777e-08	-2.667953e+01	-9.192884e+02
4.300000e-07	-3.589350e-06	-1.387199e-08	-2.615178e+01	-9.096913e+02
4.400000e-07	-3.515345e-06	-1.372791e-08	-2.561258e+01	-8.998377e+02
4.500000e-07	-3.439714e-06	-1.356637e-08	-2.506154e+01	-8.897257e+02
4.600000e-07	-3.362742e-06	-1.339803e-08	-2.450073e+01	-8.793557e+02
4.700000e-07	-3.284528e-06	-1.323213e-08	-2.393086e+01	-8.687280e+02
4.800000e-07	-3.205024e-06	-1.306306e-08	-2.335161e+01	-8.578425e+02
4.900000e-07	-3.124194e-06	-1.288980e-08	-2.276268e+01	-8.466970e+02
5.000000e-07	-3.042208e-06	-1.273195e-08	-2.216534e+01	-8.352870e+02
5.100000e-07	-2.959267e-06	-1.255992e-08	-2.156104e+01	-8.236060e+02
5.200000e-07	-2.875485e-06	-1.236641e-08	-2.095061e+01	-8.116469e+02
5.300000e-07	-2.790803e-06	-1.216998e-08	-2.033362e+01	-7.994026e+02
5.400000e-07	-2.705164e-06	-1.197723e-08	-1.970966e+01	-7.868682e+02
5.500000e-07	-2.618645e-06	-1.178471e-08	-1.907928e+01	-7.740410e+02
5.600000e-07	-2.531299e-06	-1.158219e-08	-1.844289e+01	-7.609203e+02
5.700000e-07	-2.443038e-06	-1.137900e-08	-1.779982e+01	-7.475072e+02
5.800000e-07	-2.353708e-06	-1.117096e-08	-1.714897e+01	-7.338023e+02
5.900000e-07	-2.263306e-06	-1.095632e-08	-1.649031e+01	-7.198051e+02
6.000000e-07	-2.172039e-06	-1.073326e-08	-1.582534e+01	-7.055126e+02
6.100000e-07	-2.080031e-06	-1.050557e-08	-1.515498e+01	-6.909195e+02
6.200000e-07	-1.987336e-06	-1.027569e-08	-1.447961e+01	-6.760187e+02
6.300000e-07	-1.893967e-06	-1.004239e-08	-1.379932e+01	-6.608029e+02
6.400000e-07	-1.799909e-06	-9.812183e-09	-1.311402e+01	-6.452665e+02
6.500000e-07	-1.705260e-06	-9.575769e-09	-1.242442e+01	-6.294068e+02
6.600000e-07	-1.610065e-06	-9.326036e-09	-1.173084e+01	-6.132245e+02
6.700000e-07	-1.514350e-06	-9.064396e-09	-1.103346e+01	-5.967238e+02
6.800000e-07	-1.418081e-06	-8.803290e-09	-1.033205e+01	-5.799108e+02
6.900000e-07	-1.321257e-06	-8.544402e-09	-9.626594e+00	-5.627911e+02
7.000000e-07	-1.223854e-06	-8.280984e-09	-8.916927e+00	-5.453683e+02
7.100000e-07	-1.125966e-06	-8.011181e-09	-8.203717e+00	-5.276420e+02
7.200000e-07	-1.027652e-06	-7.735740e-09	-7.487409e+00	-5.096077e+02
7.300000e-07	-9.289172e-07	-7.455408e-09	-6.768033e+00	-4.912572e+02
7.400000e-07	-8.298526e-07	-7.168171e-09	-6.046254e+00	-4.725805e+02
7.500000e-07	-7.304956e-07	-6.877072e-09	-5.322346e+00	-4.535684e+02
7.600000e-07	-6.309146e-07	-6.580802e-09	-4.596804e+00	-4.342146e+02
7.700000e-07	-5.311278e-07	-6.277935e-09	-3.869764e+00	-4.145171e+02
7.800000e-07	-4.311542e-07	-5.970512e-09	-3.141362e+00	-3.944781e+02
7.900000e-07	-3.311039e-07	-5.661519e-09	-2.412402e+00	-3.741033e+02
8.000000e-07	-2.310318e-07	-5.348440e-09	-1.683283e+00	-3.533987e+02
8.100000e-07	-1.308740e-07	-5.028140e-09	-9.535398e-01	-3.323682e+02
8.200000e-07	-3.063495e-08	-4.699974e-09	-2.232043e-01	-3.110101e+02
8.300000e-07	6.964828e-08	-4.366184e-09	5.074530e-01	-2.893159e+02
8.400000e-07	1.699287e-07	-4.029476e-09	1.238090e+00	-2.672697e+02
8.500000e-07	2.701667e-07	-3.687285e-09	1.968417e+00	-2.448489e+02
8.600000e-07	3.703232e-07	-3.338758e-09	2.698152e+00	-2.220271e+02
8.700000e-07	4.704041e-07	-2.982644e-09	3.427335e+00	-1.987762e+02
8.800000e-07	5.703977e-07	-2.620145e-09	4.155882e+00	-1.750689e+02
8.900000e-07	6.702861e-07	-2.252300e-09	4.883663e+00	-1.508799e+02
9.000000e-07	7.700007e-07	-1.877808e-09	5.610177e+00	-1.261855e+02
9.100000e-07	8.694013e-07	-1.494500e-09	6.334404e+00	-1.009627e+02
9.200000e-07	9.684651e-07	-1.100696e-09	7.056176e+00	-7.518690e+01
9.300000e-07	1.067138e-06	-6.976930e-10	7.775104e+00	-4.882991e+01
9.400000e-07	1.165330e-06	-2.854407e-10	8.490522e+00	-2.185990e+01
9.500000e-07	1.263045e-06	1.348968e-10	9.202465e+00	5.757370e+00
9.600000e-07	1.360227e-06	5.646571e-10	9.910529e+00	3.405458e+01
9.700000e-07	1.456822e-06	1.005437e-09	1.061431e+01	6.305696e+01
9.800000e-07	1.552745e-06	1.458263e-09	1.131320e+01	9.277516e+01
9.900000e-07	1.647962e-06	1.921882e-09	1.200695e+01	1.231982e+02
1.000000e-06	1.742596e-06	2.394800e-09	1.269645e+01	1.542876e+02
1.010000e-06	1.836737e-06	2.878681e-09	1.338235e+01	1.859747e+02
1.020000e-06	1.930277e-06	3.370231e-09	1.406388e+01	2.181605e+02
1.030000e-06	2.023077e-06	3.866871e-09	1.474002e+01	2.507199e+02
1.040000e-06	2.115259e-06	4.365834e-09	1.541164e+01	2.835079e+02
1.050000e-06	2.206838e-06	4.864999e-09	1.607888e+01	3.163680e+02
1.060000e-06	2.297602e-06	5.364414e-09	1.674018e+01	3.491415e+02
1.070000e-06	2.387397e-06	5.862045e-09	1.739443e+01	3.816753e+02
1.080000e-06	2.476177e-06	6.353483e-09	1.804127e+01	4.138282e+02
1.090000e-06	2.563988e-06	6.834667e-09	1.868105e+01	4.454747e+02
1.100000e-06	2.650931e-06	7.306238e-09	1.931452e+01	4.765067e+02
1.110000e-06	2.737054e-06	7.767062e-09	1.994201e+01	5.068331e+02
1.120000e-06	2.822263e-06	8.216505e-09	2.056283e+01	5.363784e+02
1.130000e-06	2.906574e-06	8.651733e-09	2.117712e+01	5.650811e+02
1.140000e-06	2.990050e-06	9.072500e-09	2.178532e+01	5.928919e+02
1.150000e-06	3.072550e-06	9.481063e-09	2.238641e+01	6.197728e+02
1.160000e-06	3.153887e-06	9.875062e-09	2.297903e+01	6.456972e+02
1.170000e-06	3.233962e-06	1.025480e-08	2.356245e+01	6.706498e+02
1.180000e-06	3.312862e-06	1.061992e-08	2.413730e+01	6.946261e+02
1.190000e-06	3.390647e-06	1.097142e-08	2.470404e+01	7.176327e+02
1.200000e-06	3.467271e-06	1.130812e-08	2.526232e+01	7.396852e+02
1.210000e-06	3.542662e-06	1.162809e-08	2.581161e+01	7.608070e+02
1.220000e-06	3.616593e-06	1.193244e-08	2.635027e+01	7.810266e+02
1.230000e-06	3.688958e-06	1.222385e-08	2.687752e+01	8.003751e+02
1.240000e-06	3.759924e-06	1.250214e-08	2.739457e+01	8.188846e+02
1.250000e-06	3.829602e-06	1.276904e-08	2.790224e+01	8.365865e+02
1.260000e-06	3.898039e-06	1.302537e-08	2.840087e+01	8.535105e+02
1.270000e-06	3.965190e-06	1.326988e-08	2.889013e+01	8.696852e+02
1.280000e-06	4.030768e-06	1.350256e-08	2.936792e+01	8.851380e+02
1.290000e-06	4.094751e-06	1.372453e-08	2.983410e+01	8.998957e+02
1.300000e-06	4.157273e-06	1.393905e-08	3.028964e+01	9.139848e+02
1.310000e-06	4.218389e-06	1.414372e-08	3.073492e+01	9.274311e+02
1.320000e-06	4.278213e-06	1.433727e-08	3.117079e+01	9.402596e+02
1.330000e-06	4.336590e-06	1.451938e-08	3.159612e+01	9.524935e+02
1.340000e-06	4.393236e-06	1.469233e-08	3.200885e+01	9.641535e+02
1.350000e-06	4.448186e-06	1.485905e-08	3.240921e+01	9.752579e+02
1.360000e-06	4.501568e-06	1.502037e-08	3.279814e+01	9.858223e+02
1.370000e-06	4.553210e-06	1.517535e-08	3.317440e+01	9.958601e+02
1.380000e-06	4.602801e-06	1.532200e-08	3.353572e+01	1.005384e+03
1.390000e-06	4.650444e-06	1.546195e-08	3.388285e+01	1.014405e+03
1.400000e-06	4.696464e-06	1.559443e-08	3.421814e+01	1.022938e+03
1.410000e-06	4.740990e-06	1.571589e-08	3.454256e+01	1.030994e+03
1.420000e-06	4.783966e-06	1.582719e-08	3.485568e+01	1.038589e+03
1.430000e-06	4.825053e-06	1.593274e-08	3.515504e+01	1.045737e+03
1.440000e-06	4.864331e-06	1.603303e-08	3.544122e+01	1.052455e+03
1.450000e-06	4.902065e-06	1.612755e-08	3.571614e+01	1.058757e+03
1.460000e-06	4.938257e-06	1.621575e-08	3.597984e+01	1.064660e+03
1.470000e-06	4.972698e-06	1.629810e-08	3.623077e+01	1.070177e+03
1.480000e-06	5.005225e-06	1.637474e-08	3.646776e+01	1.075323e+03
1.490000e-06	5.036015e-06	1.644579e-08	3.669209e+01	1.080115e+03
1.500000e-06	5.065154e-06	1.651368e-08	3.690440e+01	1.084567e+03
1.510000e-06	5.092682e-06	1.657758e-08	3.710497e+01	1.088693e+03
1.520000e-06	5.118266e-06	1.663568e-08	3.729137e+01	1.092504e+03
1.530000e-06	5.141799e-06	1.668809e-08	3.746283e+01	1.096010e+03
1.540000e-06	5.163525e-06	1.673524e-08	3.762112e+01	1.099214e+03
1.550000e-06	5.183580e-06	1.677626e-08	3.776724e+01	1.102117e+03
1.560000e-06	5.201959e-06	1.681164e-08	3.790115e+01	1.104712e+03
1.570000e-06	5.218408e-06	1.684377e-08	3.802100e+01	1.106993e+03
1.580000e-06	5.232840e-06	1.687399e-08	3.812615e+01	1.108953e+03
1.590000e-06	5.245331e-06	1.690006e-08	3.821716e+01	1.110590e+03
1.600000e-06	5.255679e-06	1.692108e-08	3.829255e+01	1.111907e+03
1.610000e-06	5.263899e-06	1.693807e-08	3.835244e+01	1.112915e+03
1.620000e-06	5.270281e-06	1.694831e-08	3.839894e+01	1.113634e+03
1.630000e-06	5.274927e-06	1.695314e-08	3.843279e+01	1.114087e+03
1.640000e-06	5.277800e-06	1.695472e-08	3.845372e+01	1.114301e+03
1.650000e-06	5.278661e-06	1.695692e-08	3.846000e+01	1.114299e+03
1.660000e-06	5.277662e-06	1.695361e-08	3.845272e+01	1.114096e+03
1.670000e-06	5.275021e-06	1.694234e-08	3.843347e+01	1.113697e+03
1.680000e-06	5.270802e-06	1.693534e-08	3.840274e+01	1.113095e+03
1.690000e-06	5.264780e-06	1.692860e-08	3.835886e+01	1.112275e+03
1.700000e-06	5.256843e-06	1.691579e-08	3.830103e+01	1.111219e+03
1.710000e-06	5.247347e-06	1.689882e-08	3.823185e+01	1.109908e+03
1.720000e-06	5.236341e-06	1.688146e-08	3.815165e+01	1.108335e+03
1.730000e-06	5.223587e-06	1.687542e-08	3.805873e+01	1.106507e+03
1.740000e-06	5.208741e-06	1.679066e-08	3.795057e+01	1.104444e+03
1.750000e-06	5.191524e-06	1.672350e-08	3.782512e+01	1.102185e+03
1.760000e-06	5.171853e-06	1.672553e-08	3.768180e+01	1.099775e+03
1.770000e-06	5.149758e-06	1.669006e-08	3.752082e+01	1.097265e+03
1.780000e-06	5.126004e-06	1.674927e-08	3.734775e+01	1.094695e+03
1.790000e-06	5.101580e-06	1.665975e-08	3.716979e+01	1.092093e+03
1.800000e-06	5.075982e-06	1.648130e-08	3.698329e+01	1.089463e+03
1.810000e-06	5.048456e-06	1.660171e-08	3.678274e+01	1.086788e+03
1.820000e-06	5.019361e-06	1.650190e-08	3.657075e+01	1.084029e+03
1.830000e-06	4.988573e-06	1.636899e-08	3.634643e+01	1.081132e+03
1.840000e-06	4.955606e-06	1.651315e-08	3.610624e+01	1.078037e+03
1.850000e-06	4.920909e-06	1.634988e-08	3.585343e+01	1.074684e+03
1.860000e-06	4.884677e-06	1.626042e-08	3.558946e+01	1.071027e+03
1.870000e-06	4.846515e-06	1.633738e-08	3.531141e+01	1.067035e+03
1.880000e-06	4.806574e-06	1.612937e-08	3.502040e+01	1.062696e+03
1.890000e-06	4.764820e-06	1.610744e-08	3.471618e+01	1.058013e+03
1.900000e-06	4.721365e-06	1.609184e-08	3.439957e+01	1.053006e+03
1.910000e-06	4.676376e-06	1.594604e-08	3.407178e+01	1.047696e+03
1.920000e-06	4.629598e-06	1.595464e-08	3.373096e+01	1.042109e+03
1.930000e-06	4.581236e-06	1.578877e-08	3.337860e+01	1.036266e+03
1.940000e-06	4.531224e-06	1.569623e-08	3.301421e+01	1.030181e+03
1.950000e-06	4.479375e-06	1.562741e-08	3.263645e+01	1.023859e+03
1.960000e-06	4.425561e-06	1.546612e-08	3.224437e+01	1.017302e+03
1.970000e-06	4.369833e-06	1.542030e-08	3.183833e+01	1.010508e+03
1.980000e-06	4.312571e-06	1.529573e-08	3.142113e+01	1.003473e+03
1.990000e-06	4.253811e-06	1.522912e-08	3.099300e+01	9.961963e+02
2.000000e-06	4.193666e-06	1.509313e-08	3.055479e+01	9.886792e+02
2.010000e-06	4.132129e-06	1.490785e-08	3.010644e+01	9.809251e+02
2.020000e-06	4.068858e-06	1.485558e-08	2.964545e+01	9.729385e+02
2.030000e-06	4.003967e-06	1.468802e-08	2.917266e+01	9.647228e+02
2.040000e-06	3.937631e-06	1.457912e-08	2.868933e+01	9.562790e+02
2.050000e-06	3.870002e-06	1.447187e-08	2.819659e+01	9.476051e+02
2.060000e-06	3.801115e-06	1.432705e-08	2.769469e+01	9.386963e+02
2.070000e-06	3.730648e-06	1.419835e-08	2.718127e+01	9.295460e+02
2.080000e-06	3.658674e-06	1.399008e-08	2.665687e+01	9.201475e+02
2.090000e-06	3.585465e-06	1.387265e-08	2.612348e+01	9.104952e+02
2.100000e-06	3.511074e-06	1.373921e-08	2.558146e+01	9.005857e+02
2.110000e-06	3.435390e-06	1.358246e-08	2.503004e+01	8.904179e+02
2.120000e-06	3.358347e-06	1.342946e-08	2.446871e+01	8.799921e+02
2.130000e-06	3.279903e-06	1.326436e-08	2.389717e+01	8.693087e+02
2.140000e-06	3.200100e-06	1.311557e-08	2.331573e+01	8.583672e+02
2.150000e-06	3.119194e-06	1.290549e-08	2.272625e+01	8.471650e+02
2.160000e-06	3.037219e-06	1.272958e-08	2.212899e+01	8.356970e+02
2.170000e-06	2.954245e-06	1.256836e-08	2.152444e+01	8.239565e+02
2.180000e-06	2.870372e-06	1.239394e-08	2.091335e+01	8.119362e+02
2.190000e-06	2.785466e-06	1.220826e-08	2.029473e+01	7.996296e+02
2.200000e-06	2.699369e-06	1.201226e-08	1.966744e+01	7.870321e+02
2.210000e-06	2.612148e-06	1.182522e-08	1.903195e+01	7.741414e+02
2.220000e-06	2.523953e-06	1.160856e-08	1.838937e+01	7.609575e+02
2.230000e-06	2.434808e-06	1.139810e-08	1.773986e+01	7.474812e+02
2.240000e-06	2.344840e-06	1.119561e-08	1.708436e+01	7.337133e+02
2.250000e-06	2.254160e-06	1.099547e-08	1.642367e+01	7.196526e+02
2.260000e-06	2.162819e-06	1.077928e-08	1.575816e+01	7.052958e+02
2.270000e-06	2.070819e-06	1.055181e-08	1.508786e+01	6.906368e+02
2.280000e-06	1.978084e-06	1.032771e-08	1.441219e+01	6.756686e+02
2.290000e-06	1.884518e-06	1.008824e-08	1.373048e+01	6.603840e+02
2.300000e-06	1.790124e-06	9.844069e-09	1.304273e+01	6.447779e+02
2.310000e-06	1.695011e-06	9.602648e-09	1.234974e+01	6.288483e+02
2.320000e-06	1.599238e-06	9.365523e-09	1.165195e+01	6.125968e+02
2.330000e-06	1.502914e-06	9.116740e-09	1.095014e+01	5.960282e+02
2.340000e-06	1.406178e-06	8.858336e-09	1.024532e+01	5.791484e+02
2.350000e-06	1.309067e-06	8.595738e-09	9.537782e+00	5.619631e+02
2.360000e-06	1.211538e-06	8.327493e-09	8.827192e+00	5.444749e+02
2.370000e-06	1.113595e-06	8.054434e-09	8.113583e+00	5.266826e+02
2.380000e-06	1.015294e-06	7.778848e-09	7.397370e+00	5.085808e+02
2.390000e-06	9.167217e-07	7.505006e-09	6.679177e+00	4.901607e+02
2.400000e-06	8.179139e-07	7.221880e-09	5.959270e+00	4.714124e+02
2.410000e-06	7.188845e-07	6.928879e-09	5.237748e+00	4.523270e+02
2.420000e-06	6.196461e-07	6.631517e-09	4.514703e+00	4.328990e+02
2.430000e-06	5.202351e-07	6.330260e-09	3.790401e+00	4.131274e+02
2.440000e-06	4.206762e-07	6.023042e-09	3.065021e+00	3.930154e+02
2.450000e-06	3.209901e-07	5.711786e-09	2.338714e+00	3.725689e+02
2.460000e-06	2.211727e-07	5.396749e-09	1.611450e+00	3.517938e+02
2.470000e-06	1.212303e-07	5.077162e-09	8.832768e-01	3.306929e+02
2.480000e-06	2.123992e-08	4.752573e-09	1.547527e-01	3.092632e+02
2.490000e-06	-7.875277e-08	4.420559e-09	-5.737878e-01	2.874947e+02
2.500000e-06	-1.786855e-07	4.080058e-09	-1.301892e+00	2.653697e+02
2.510000e-06	-2.785472e-07	3.731581e-09	-2.029478e+00	2.428648e+02
2.520000e-06	-3.783478e-07	3.381436e-09	-2.756618e+00	2.199529e+02
2.530000e-06	-4.780806e-07	3.030396e-09	-3.483266e+00	1.966060e+02
2.540000e-06	-5.777024e-07	2.671822e-09	-4.209103e+00	1.727970e+02
2.550000e-06	-6.771320e-07	2.300962e-09	-4.933542e+00	1.485010e+02
2.560000e-06	-7.763398e-07	1.919742e-09	-5.656364e+00	1.236949e+02
2.570000e-06	-8.752999e-07	1.530784e-09	-6.377381e+00	9.835524e+01
2.580000e-06	-9.739779e-07	1.133552e-09	-7.096343e+00	7.245683e+01
2.590000e-06	-1.072324e-06	7.306282e-10	-7.812884e+00	4.597077e+01
2.600000e-06	-1.170271e-06	3.186526e-10	-8.526521e+00	1.886443e+01
2.610000e-06	-1.267788e-06	-1.067428e-10	-9.237022e+00	-8.896466e+00
2.620000e-06	-1.364899e-06	-5.429118e-10	-9.944572e+00	-3.734357e+01
2.630000e-06	-1.461589e-06	-9.864834e-10	-1.064905e+01	-6.649961e+01
2.640000e-06	-1.557854e-06	-1.441460e-09	-1.135043e+01	-9.637115e+01
2.650000e-06	-1.653638e-06	-1.910276e-09	-1.204830e+01	-1.269417e+02
2.660000e-06	-1.748751e-06	-2.387324e-09	-1.274129e+01	-1.581666e+02
2.670000e-06	-1.843039e-06	-2.871636e-09	-1.342827e+01	-1.899704e+02
2.680000e-06	-1.936487e-06	-3.363212e-09	-1.410912e+01	-2.222481e+02
2.690000e-06	-2.029104e-06	-3.859285e-09	-1.478392e+01	-2.548698e+02
2.700000e-06	-2.120888e-06	-4.359325e-09	-1.545266e+01	-2.876871e+02
2.710000e-06	-2.211979e-06	-4.863124e-09	-1.611634e+01	-3.205425e+02
2.720000e-06	-2.302344e-06	-5.365595e-09	-1.677473e+01	-3.532777e+02
2.730000e-06	-2.391840e-06	-5.860537e-09	-1.742680e+01	-3.857418e+02
2.740000e-06	-2.480576e-06	-6.347361e-09	-1.807332e+01	-4.177967e+02
2.750000e-06	-2.568653e-06	-6.829003e-09	-1.871505e+01	-4.493205e+02
2.760000e-06	-2.655868e-06	-7.303235e-09	-1.935049e+01	-4.802089e+02
2.770000e-06	-2.741922e-06	-7.765299e-09	-1.997748e+01	-5.103743e+02
2.780000e-06	-2.826888e-06	-8.216172e-09	-2.059653e+01	-5.397444e+02
2.790000e-06	-2.910910e-06	-8.654441e-09	-2.120871e+01	-5.682602e+02
2.800000e-06	-2.993964e-06	-9.076288e-09	-2.181384e+01	-5.958751e+02
2.810000e-06	-3.076012e-06	-9.483526e-09	-2.241163e+01	-6.225534e+02
2.820000e-06	-3.157070e-06	-9.878466e-09	-2.300222e+01	-6.482710e+02
2.830000e-06	-3.237143e-06	-1.026023e-08	-2.358563e+01	-6.730149e+02
2.840000e-06	-3.315966e-06	-1.062580e-08	-2.415992e+01	-6.967831e+02
2.850000e-06	-3.393304e-06	-1.097395e-08	-2.472340e+01	-7.195841e+02
2.860000e-06	-3.469232e-06	-1.130745e-08	-2.527661e+01	-7.414356e+02
2.870000e-06	-3.543884e-06	-1.162630e-08	-2.582052e+01	-7.623620e+02
2.880000e-06	-3.617312e-06	-1.193298e-08	-2.635551e+01	-7.823928e+02
2.890000e-06	-3.689519e-06	-1.222977e-08	-2.688160e+01	-8.015594e+02
2.900000e-06	-3.760325e-06	-1.251472e-08	-2.739749e+01	-8.198937e+02
2.910000e-06	-3.829575e-06	-1.278609e-08	-2.790204e+01	-8.374270e+02
2.920000e-06	-3.897389e-06	-1.304360e-08	-2.839614e+01	-8.541886e+02
2.930000e-06	-3.963907e-06	-1.328967e-08	-2.888078e+01	-8.702068e+02
2.940000e-06	-4.029108e-06	-1.352363e-08	-2.935583e+01	-8.855090e+02
2.950000e-06	-4.092992e-06	-1.374761e-08	-2.982129e+01	-9.001217e+02
2.960000e-06	-4.155286e-06	-1.396501e-08	-3.027515e+01	-9.140715e+02
2.970000e-06	-4.215841e-06	-1.417304e-08	-3.071635e+01	-9.273839e+02
2.980000e-06	-4.274912e-06	-1.436948e-08	-3.114674e+01	-9.400836e+02
2.990000e-06	-4.332607e-06	-1.455605e-08	-3.156710e+01	-9.521933e+02
3.000000e-06	-4.388900e-06	-1.473466e-08	-3.197725e+01	-9.637334e+02
3.010000e-06	-4.443446e-06	-1.490396e-08	-3.237467e+01	-9.747214e+02
3.020000e-06	-4.495992e-06	-1.506086e-08	-3.275752e+01	-9.851723e+02
3.030000e-06	-4.546777e-06	-1.521011e-08	-3.312753e+01	-9.950995e+02
3.040000e-06	-4.595694e-06	-1.535380e-08	-3.348394e+01	-1.004515e+03
3.050000e-06	-4.642715e-06	-1.549067e-08	-3.382653e+01	-1.013431e+03
3.060000e-06	-4.688184e-06	-1.561873e-08	-3.415782e+01	-1.021861e+03
3.070000e-06	-4.732251e-06	-1.573891e-08	-3.447889e+01	-1.029818e+03
3.080000e-06	-4.774871e-06	-1.585522e-08	-3.478941e+01	-1.037316e+03
3.090000e-06	-4.815941e-06	-1.596832e-08	-3.508865e+01	-1.044372e+03
3.100000e-06	-4.855421e-06	-1.607356e-08	-3.537629e+01	-1.050999e+03
3.110000e-06	-4.893078e-06	-1.616829e-08	-3.565067e+01	-1.057215e+03
3.120000e-06	-4.928876e-06	-1.625618e-08	-3.591149e+01	-1.063034e+03
3.130000e-06	-4.962983e-06	-1.634033e-08	-3.615998e+01	-1.068471e+03
3.140000e-06	-4.995426e-06	-1.641988e-08	-3.639637e+01	-1.073541e+03
3.150000e-06	-5.026027e-06	-1.649307e-08	-3.661932e+01	-1.078259e+03
3.160000e-06	-5.054762e-06	-1.656109e-08	-3.682868e+01	-1.082640e+03
3.170000e-06	-5.081784e-06	-1.662450e-08	-3.702556e+01	-1.086698e+03
3.180000e-06	-5.107074e-06	-1.668339e-08	-3.720982e+01	-1.090445e+03
3.190000e-06	-5.130552e-06	-1.673743e-08	-3.738088e+01	-1.093886e+03
3.200000e-06	-5.152039e-06	-1.678729e-08	-3.753744e+01	-1.097027e+03
3.210000e-06	-5.171640e-06	-1.683117e-08	-3.768025e+01	-1.099864e+03
3.220000e-06	-5.189555e-06	-1.686954e-08	-3.781078e+01	-1.102393e+03
3.230000e-06	-5.205730e-06	-1.690399e-08	-3.792863e+01	-1.104606e+03
3.240000e-06	-5.219768e-06	-1.693538e-08	-3.803091e+01	-1.106498e+03
3.250000e-06	-5.231586e-06	-1.696100e-08	-3.811701e+01	-1.108066e+03
3.260000e-06	-5.241494e-06	-1.698022e-08	-3.818920e+01	-1.109317e+03
3.270000e-06	-5.249593e-06	-1.699391e-08	-3.824821e+01	-1.110261e+03
3.280000e-06	-5.255709e-06	-1.700494e-08	-3.829277e+01	-1.110921e+03
3.290000e-06	-5.259866e-06	-1.701395e-08	-3.832306e+01	-1.111322e+03
3.300000e-06	-5.262325e-06	-1.701732e-08	-3.834097e+01	-1.111488e+03
3.310000e-06	-5.263114e-06	-1.701429e-08	-3.834672e+01	-1.111443e+03
