# Temperatura_=_60.39
# Concentracion g/m^3_=_24000.0
# C_Vs_to_Am_M_A/Vsm_=_65563218390.804596
# pendiente_HvsI_1/m_=_3716.3
# ordenada_HvsI_A/m_=_1297.0
# frecuencia_Hz_=_301605.48371684115

Tiempo_(s)	Campo_(V.s)	Magnetizacion_(V.s)	Campo_(kA/m)	Magnetizacion_(A/m)
0.000000e+00	-5.276548e-06	-1.819130e-08	-3.833687e+01	-1.189430e+03
1.000000e-08	-5.274383e-06	-1.818651e-08	-3.832113e+01	-1.189037e+03
2.000000e-08	-5.270392e-06	-1.817733e-08	-3.829214e+01	-1.188431e+03
3.000000e-08	-5.264812e-06	-1.816461e-08	-3.825160e+01	-1.187604e+03
4.000000e-08	-5.257704e-06	-1.814665e-08	-3.819996e+01	-1.186542e+03
5.000000e-08	-5.248952e-06	-1.812363e-08	-3.813637e+01	-1.185228e+03
6.000000e-08	-5.238180e-06	-1.809900e-08	-3.805810e+01	-1.183650e+03
7.000000e-08	-5.225477e-06	-1.806984e-08	-3.796580e+01	-1.181807e+03
8.000000e-08	-5.210847e-06	-1.803725e-08	-3.785951e+01	-1.179708e+03
9.000000e-08	-5.193989e-06	-1.803988e-08	-3.773703e+01	-1.177380e+03
1.000000e-07	-5.174996e-06	-1.801262e-08	-3.759904e+01	-1.174860e+03
1.100000e-07	-5.154081e-06	-1.793820e-08	-3.744708e+01	-1.172196e+03
1.200000e-07	-5.131440e-06	-1.788940e-08	-3.728258e+01	-1.169434e+03
1.300000e-07	-5.107405e-06	-1.779867e-08	-3.710795e+01	-1.166610e+03
1.400000e-07	-5.081886e-06	-1.774726e-08	-3.692255e+01	-1.163747e+03
1.500000e-07	-5.054652e-06	-1.780495e-08	-3.672468e+01	-1.160842e+03
1.600000e-07	-5.025909e-06	-1.767824e-08	-3.651585e+01	-1.157867e+03
1.700000e-07	-4.995662e-06	-1.761425e-08	-3.629608e+01	-1.154776e+03
1.800000e-07	-4.963514e-06	-1.765424e-08	-3.606251e+01	-1.151503e+03
1.900000e-07	-4.929365e-06	-1.748811e-08	-3.581440e+01	-1.147982e+03
2.000000e-07	-4.893664e-06	-1.744526e-08	-3.555501e+01	-1.144149e+03
2.100000e-07	-4.856371e-06	-1.744678e-08	-3.528406e+01	-1.139957e+03
2.200000e-07	-4.817271e-06	-1.730592e-08	-3.499998e+01	-1.135379e+03
2.300000e-07	-4.776381e-06	-1.725765e-08	-3.470289e+01	-1.130411e+03
2.400000e-07	-4.733565e-06	-1.718689e-08	-3.439181e+01	-1.125072e+03
2.500000e-07	-4.688929e-06	-1.703997e-08	-3.406751e+01	-1.119393e+03
2.600000e-07	-4.642527e-06	-1.697149e-08	-3.373037e+01	-1.113414e+03
2.700000e-07	-4.594329e-06	-1.688161e-08	-3.338019e+01	-1.107173e+03
2.800000e-07	-4.544160e-06	-1.678366e-08	-3.301568e+01	-1.100699e+03
2.900000e-07	-4.491908e-06	-1.667280e-08	-3.263604e+01	-1.094010e+03
3.000000e-07	-4.437871e-06	-1.656643e-08	-3.224344e+01	-1.087109e+03
3.100000e-07	-4.382320e-06	-1.647914e-08	-3.183983e+01	-1.079989e+03
3.200000e-07	-4.325151e-06	-1.637132e-08	-3.142447e+01	-1.072636e+03
3.300000e-07	-4.266255e-06	-1.625484e-08	-3.099656e+01	-1.065034e+03
3.400000e-07	-4.205816e-06	-1.610430e-08	-3.055744e+01	-1.057173e+03
3.500000e-07	-4.144008e-06	-1.598382e-08	-3.010837e+01	-1.049044e+03
3.600000e-07	-4.080902e-06	-1.587320e-08	-2.964987e+01	-1.040649e+03
3.700000e-07	-4.016406e-06	-1.573672e-08	-2.918128e+01	-1.031992e+03
3.800000e-07	-3.950216e-06	-1.561025e-08	-2.870037e+01	-1.023081e+03
3.900000e-07	-3.882412e-06	-1.545944e-08	-2.820775e+01	-1.013924e+03
4.000000e-07	-3.813329e-06	-1.530379e-08	-2.770582e+01	-1.004526e+03
4.100000e-07	-3.743044e-06	-1.516109e-08	-2.719516e+01	-9.948863e+02
4.200000e-07	-3.671622e-06	-1.501718e-08	-2.667624e+01	-9.850005e+02
4.300000e-07	-3.598909e-06	-1.487667e-08	-2.614795e+01	-9.748609e+02
4.400000e-07	-3.524641e-06	-1.471653e-08	-2.560835e+01	-9.644584e+02
4.500000e-07	-3.448838e-06	-1.453536e-08	-2.505760e+01	-9.537844e+02
4.600000e-07	-3.371680e-06	-1.435153e-08	-2.449701e+01	-9.428328e+02
4.700000e-07	-3.293258e-06	-1.418777e-08	-2.392723e+01	-9.316002e+02
4.800000e-07	-3.213504e-06	-1.402971e-08	-2.334778e+01	-9.200856e+02
4.900000e-07	-3.132458e-06	-1.384657e-08	-2.275894e+01	-9.082894e+02
5.000000e-07	-3.050311e-06	-1.365869e-08	-2.216210e+01	-8.962116e+02
5.100000e-07	-2.967164e-06	-1.346683e-08	-2.155799e+01	-8.838510e+02
5.200000e-07	-2.883144e-06	-1.326686e-08	-2.094754e+01	-8.712040e+02
5.300000e-07	-2.798257e-06	-1.306290e-08	-2.033079e+01	-8.582650e+02
5.400000e-07	-2.712411e-06	-1.286481e-08	-1.970708e+01	-8.450272e+02
5.500000e-07	-2.625714e-06	-1.266358e-08	-1.907718e+01	-8.314834e+02
5.600000e-07	-2.538205e-06	-1.244190e-08	-1.844138e+01	-8.176273e+02
5.700000e-07	-2.449672e-06	-1.222306e-08	-1.779814e+01	-8.034546e+02
5.800000e-07	-2.360014e-06	-1.201175e-08	-1.714673e+01	-7.889625e+02
5.900000e-07	-2.269279e-06	-1.178931e-08	-1.648749e+01	-7.741499e+02
6.000000e-07	-2.177670e-06	-1.154789e-08	-1.582190e+01	-7.590161e+02
6.100000e-07	-2.085411e-06	-1.130602e-08	-1.515160e+01	-7.435599e+02
6.200000e-07	-1.992438e-06	-1.106774e-08	-1.447610e+01	-7.277790e+02
6.300000e-07	-1.898704e-06	-1.081966e-08	-1.379508e+01	-7.116691e+02
6.400000e-07	-1.804348e-06	-1.056912e-08	-1.310953e+01	-6.952246e+02
6.500000e-07	-1.709426e-06	-1.031731e-08	-1.241987e+01	-6.784389e+02
6.600000e-07	-1.613947e-06	-1.005361e-08	-1.172617e+01	-6.613052e+02
6.700000e-07	-1.517944e-06	-9.777410e-09	-1.102865e+01	-6.438169e+02
6.800000e-07	-1.421397e-06	-9.504281e-09	-1.032719e+01	-6.259686e+02
6.900000e-07	-1.324218e-06	-9.234422e-09	-9.621133e+00	-6.077553e+02
7.000000e-07	-1.226442e-06	-8.954216e-09	-8.910740e+00	-5.891728e+02
7.100000e-07	-1.128231e-06	-8.663331e-09	-8.197183e+00	-5.702165e+02
7.200000e-07	-1.029543e-06	-8.366291e-09	-7.480166e+00	-5.508814e+02
7.300000e-07	-9.304338e-07	-8.061567e-09	-6.760085e+00	-5.311618e+02
7.400000e-07	-8.310822e-07	-7.749768e-09	-6.038244e+00	-5.110513e+02
7.500000e-07	-7.314870e-07	-7.437678e-09	-5.314633e+00	-4.905435e+02
7.600000e-07	-6.316451e-07	-7.122170e-09	-4.589230e+00	-4.696324e+02
7.700000e-07	-5.316443e-07	-6.794810e-09	-3.862672e+00	-4.483130e+02
7.800000e-07	-4.315052e-07	-6.458633e-09	-3.135110e+00	-4.265809e+02
7.900000e-07	-3.312391e-07	-6.121753e-09	-2.406624e+00	-4.044324e+02
8.000000e-07	-2.308929e-07	-5.781435e-09	-1.677557e+00	-3.818633e+02
8.100000e-07	-1.304935e-07	-5.430480e-09	-9.481033e-01	-3.588675e+02
8.200000e-07	-3.004738e-08	-5.070385e-09	-2.183098e-01	-3.354366e+02
8.300000e-07	7.046372e-08	-4.704195e-09	5.119556e-01	-3.115582e+02
8.400000e-07	1.709972e-07	-4.330881e-09	1.242384e+00	-2.872163e+02
8.500000e-07	2.714810e-07	-3.951529e-09	1.972450e+00	-2.623908e+02
8.600000e-07	3.718734e-07	-3.567050e-09	2.701854e+00	-2.370580e+02
8.700000e-07	4.721779e-07	-3.173137e-09	3.430618e+00	-2.111903e+02
8.800000e-07	5.723999e-07	-2.768123e-09	4.158783e+00	-1.847561e+02
8.900000e-07	6.724796e-07	-2.354262e-09	4.885914e+00	-1.577183e+02
9.000000e-07	7.723692e-07	-1.933739e-09	5.611664e+00	-1.300336e+02
9.100000e-07	8.720471e-07	-1.504777e-09	6.335875e+00	-1.016510e+02
9.200000e-07	9.714545e-07	-1.061992e-09	7.058122e+00	-7.251140e+01
9.300000e-07	1.070517e-06	-6.044581e-10	7.777864e+00	-4.255011e+01
9.400000e-07	1.169171e-06	-1.321691e-10	8.494635e+00	-1.170059e+01
9.500000e-07	1.267265e-06	3.552102e-10	9.207343e+00	2.009821e+01
9.600000e-07	1.364665e-06	8.556183e-10	9.915004e+00	5.289227e+01
9.700000e-07	1.461447e-06	1.367637e-09	1.061817e+01	8.670162e+01
9.800000e-07	1.557669e-06	1.894461e-09	1.131728e+01	1.215097e+02
9.900000e-07	1.653267e-06	2.438988e-09	1.201184e+01	1.572546e+02
1.000000e-06	1.748239e-06	3.000001e-09	1.270186e+01	1.938250e+02
1.010000e-06	1.842625e-06	3.570260e-09	1.338763e+01	2.310602e+02
1.020000e-06	1.936387e-06	4.142323e-09	1.406886e+01	2.687567e+02
1.030000e-06	2.029437e-06	4.716408e-09	1.474492e+01	3.066794e+02
1.040000e-06	2.121820e-06	5.291357e-09	1.541612e+01	3.445768e+02
1.050000e-06	2.213610e-06	5.860845e-09	1.608303e+01	3.821976e+02
1.060000e-06	2.304670e-06	6.424559e-09	1.674462e+01	4.193063e+02
1.070000e-06	2.394743e-06	6.981727e-09	1.739905e+01	4.556960e+02
1.080000e-06	2.483718e-06	7.525884e-09	1.804550e+01	4.911968e+02
1.090000e-06	2.571714e-06	8.049776e-09	1.868484e+01	5.256785e+02
1.100000e-06	2.658873e-06	8.555995e-09	1.931810e+01	5.590498e+02
1.110000e-06	2.745226e-06	9.047656e-09	1.994550e+01	5.912524e+02
1.120000e-06	2.830632e-06	9.520762e-09	2.056601e+01	6.222541e+02
1.130000e-06	2.915079e-06	9.972342e-09	2.117956e+01	6.520418e+02
1.140000e-06	2.998746e-06	1.040491e-08	2.178745e+01	6.806152e+02
1.150000e-06	3.081529e-06	1.082054e-08	2.238891e+01	7.079831e+02
1.160000e-06	3.163108e-06	1.121698e-08	2.298162e+01	7.341614e+02
1.170000e-06	3.243453e-06	1.159703e-08	2.356538e+01	7.591731e+02
1.180000e-06	3.322649e-06	1.196134e-08	2.414077e+01	7.830487e+02
1.190000e-06	3.400649e-06	1.230844e-08	2.470748e+01	8.058268e+02
1.200000e-06	3.477474e-06	1.263826e-08	2.526566e+01	8.275531e+02
1.210000e-06	3.553093e-06	1.295412e-08	2.581507e+01	8.482791e+02
1.220000e-06	3.627256e-06	1.325540e-08	2.635390e+01	8.680583e+02
1.230000e-06	3.699786e-06	1.354065e-08	2.688087e+01	8.869434e+02
1.240000e-06	3.770910e-06	1.381086e-08	2.739762e+01	9.049830e+02
1.250000e-06	3.840840e-06	1.407095e-08	2.790570e+01	9.222193e+02
1.260000e-06	3.909507e-06	1.432077e-08	2.840460e+01	9.386879e+02
1.270000e-06	3.976860e-06	1.455756e-08	2.889396e+01	9.544186e+02
1.280000e-06	4.042609e-06	1.478348e-08	2.937165e+01	9.694374e+02
1.290000e-06	4.106684e-06	1.500022e-08	2.983720e+01	9.837689e+02
1.300000e-06	4.169371e-06	1.520731e-08	3.029265e+01	9.974385e+02
1.310000e-06	4.230640e-06	1.540373e-08	3.073780e+01	1.010473e+03
1.320000e-06	4.290570e-06	1.559240e-08	3.117322e+01	1.022901e+03
1.330000e-06	4.349065e-06	1.577131e-08	3.159822e+01	1.034751e+03
1.340000e-06	4.405790e-06	1.594085e-08	3.201035e+01	1.046050e+03
1.350000e-06	4.460856e-06	1.610278e-08	3.241044e+01	1.056819e+03
1.360000e-06	4.514403e-06	1.625829e-08	3.279948e+01	1.067077e+03
1.370000e-06	4.566237e-06	1.640709e-08	3.317609e+01	1.076834e+03
1.380000e-06	4.616034e-06	1.654690e-08	3.353789e+01	1.086098e+03
1.390000e-06	4.663845e-06	1.668092e-08	3.388526e+01	1.094875e+03
1.400000e-06	4.710011e-06	1.680896e-08	3.422068e+01	1.103172e+03
1.410000e-06	4.754670e-06	1.692759e-08	3.454515e+01	1.110998e+03
1.420000e-06	4.797771e-06	1.703701e-08	3.485830e+01	1.118369e+03
1.430000e-06	4.838970e-06	1.714114e-08	3.515763e+01	1.125304e+03
1.440000e-06	4.878360e-06	1.724021e-08	3.544382e+01	1.131826e+03
1.450000e-06	4.916216e-06	1.733242e-08	3.571887e+01	1.137960e+03
1.460000e-06	4.952519e-06	1.741780e-08	3.598262e+01	1.143730e+03
1.470000e-06	4.987145e-06	1.749647e-08	3.623420e+01	1.149154e+03
1.480000e-06	5.019841e-06	1.757079e-08	3.647176e+01	1.154248e+03
1.490000e-06	5.050710e-06	1.764245e-08	3.669604e+01	1.159020e+03
1.500000e-06	5.079907e-06	1.771250e-08	3.690817e+01	1.163472e+03
1.510000e-06	5.107479e-06	1.777865e-08	3.710849e+01	1.167605e+03
1.520000e-06	5.133159e-06	1.783726e-08	3.729507e+01	1.171416e+03
1.530000e-06	5.156789e-06	1.789077e-08	3.746675e+01	1.174904e+03
1.540000e-06	5.178589e-06	1.793753e-08	3.762514e+01	1.178067e+03
1.550000e-06	5.198730e-06	1.797595e-08	3.777148e+01	1.180905e+03
1.560000e-06	5.217109e-06	1.800993e-08	3.790501e+01	1.183422e+03
1.570000e-06	5.233507e-06	1.804049e-08	3.802415e+01	1.185619e+03
1.580000e-06	5.247959e-06	1.806939e-08	3.812915e+01	1.187503e+03
1.590000e-06	5.260445e-06	1.809553e-08	3.821987e+01	1.189079e+03
1.600000e-06	5.270723e-06	1.811746e-08	3.829454e+01	1.190357e+03
1.610000e-06	5.278889e-06	1.813476e-08	3.835387e+01	1.191346e+03
1.620000e-06	5.285254e-06	1.814544e-08	3.840012e+01	1.192060e+03
1.630000e-06	5.289868e-06	1.815140e-08	3.843364e+01	1.192515e+03
1.640000e-06	5.292673e-06	1.815253e-08	3.845402e+01	1.192729e+03
1.650000e-06	5.293496e-06	1.815119e-08	3.846000e+01	1.192716e+03
1.660000e-06	5.292461e-06	1.814620e-08	3.845248e+01	1.192488e+03
1.670000e-06	5.289816e-06	1.813709e-08	3.843326e+01	1.192049e+03
1.680000e-06	5.285581e-06	1.813206e-08	3.840250e+01	1.191396e+03
1.690000e-06	5.279514e-06	1.812473e-08	3.835841e+01	1.190519e+03
1.700000e-06	5.271612e-06	1.810993e-08	3.830100e+01	1.189403e+03
1.710000e-06	5.262159e-06	1.808972e-08	3.823232e+01	1.188033e+03
1.720000e-06	5.251085e-06	1.806623e-08	3.815187e+01	1.186398e+03
1.730000e-06	5.238134e-06	1.804914e-08	3.805777e+01	1.184498e+03
1.740000e-06	5.223134e-06	1.797201e-08	3.794878e+01	1.182347e+03
1.750000e-06	5.205852e-06	1.790793e-08	3.782322e+01	1.179973e+03
1.760000e-06	5.186057e-06	1.790612e-08	3.767940e+01	1.177418e+03
1.770000e-06	5.163835e-06	1.787146e-08	3.751795e+01	1.174728e+03
1.780000e-06	5.140033e-06	1.789906e-08	3.734501e+01	1.171949e+03
1.790000e-06	5.115591e-06	1.782564e-08	3.716743e+01	1.169116e+03
1.800000e-06	5.090010e-06	1.767105e-08	3.698157e+01	1.166244e+03
1.810000e-06	5.062476e-06	1.775542e-08	3.678152e+01	1.163327e+03
1.820000e-06	5.033315e-06	1.768832e-08	3.656965e+01	1.160331e+03
1.830000e-06	5.002413e-06	1.756361e-08	3.634513e+01	1.157206e+03
1.840000e-06	4.969326e-06	1.765599e-08	3.610474e+01	1.153885e+03
1.850000e-06	4.934539e-06	1.751739e-08	3.585199e+01	1.150301e+03
1.860000e-06	4.898170e-06	1.740215e-08	3.558775e+01	1.146394e+03
1.870000e-06	4.859861e-06	1.743335e-08	3.530941e+01	1.142120e+03
1.880000e-06	4.819768e-06	1.727709e-08	3.501812e+01	1.137458e+03
1.890000e-06	4.777879e-06	1.726383e-08	3.471377e+01	1.132408e+03
1.900000e-06	4.734332e-06	1.723703e-08	3.439738e+01	1.126992e+03
1.910000e-06	4.689190e-06	1.707981e-08	3.406941e+01	1.121245e+03
1.920000e-06	4.642162e-06	1.704498e-08	3.372772e+01	1.115206e+03
1.930000e-06	4.593563e-06	1.688905e-08	3.337463e+01	1.108912e+03
1.940000e-06	4.543418e-06	1.680418e-08	3.301030e+01	1.102391e+03
1.950000e-06	4.491388e-06	1.673721e-08	3.263227e+01	1.095656e+03
1.960000e-06	4.437324e-06	1.658007e-08	3.223947e+01	1.088708e+03
1.970000e-06	4.381344e-06	1.650928e-08	3.183274e+01	1.081539e+03
1.980000e-06	4.323821e-06	1.635913e-08	3.141481e+01	1.074133e+03
1.990000e-06	4.264863e-06	1.626797e-08	3.098644e+01	1.066476e+03
2.000000e-06	4.204535e-06	1.616086e-08	3.054813e+01	1.058557e+03
2.010000e-06	4.142667e-06	1.599263e-08	3.009863e+01	1.050371e+03
2.020000e-06	4.079068e-06	1.590727e-08	2.963655e+01	1.041918e+03
2.030000e-06	4.014016e-06	1.573707e-08	2.916391e+01	1.033205e+03
2.040000e-06	3.947519e-06	1.561059e-08	2.868078e+01	1.024241e+03
2.050000e-06	3.879731e-06	1.548252e-08	2.818826e+01	1.015031e+03
2.060000e-06	3.810626e-06	1.533246e-08	2.768618e+01	1.005581e+03
2.070000e-06	3.739892e-06	1.521121e-08	2.717226e+01	9.958884e+02
2.080000e-06	3.667745e-06	1.500772e-08	2.664807e+01	9.859484e+02
2.090000e-06	3.594375e-06	1.486100e-08	2.611501e+01	9.757527e+02
2.100000e-06	3.519822e-06	1.472516e-08	2.557334e+01	9.652921e+02
2.110000e-06	3.443914e-06	1.457094e-08	2.502183e+01	9.545584e+02
2.120000e-06	3.366505e-06	1.439549e-08	2.445941e+01	9.435462e+02
2.130000e-06	3.287657e-06	1.420467e-08	2.388654e+01	9.322526e+02
2.140000e-06	3.207562e-06	1.404582e-08	2.330461e+01	9.206770e+02
2.150000e-06	3.126455e-06	1.384553e-08	2.271532e+01	9.088198e+02
2.160000e-06	3.044299e-06	1.366298e-08	2.211842e+01	8.966810e+02
2.170000e-06	2.961127e-06	1.349915e-08	2.151413e+01	8.842588e+02
2.180000e-06	2.877010e-06	1.331699e-08	2.090297e+01	8.715492e+02
2.190000e-06	2.791766e-06	1.309908e-08	2.028363e+01	8.585463e+02
2.200000e-06	2.705300e-06	1.288400e-08	1.965541e+01	8.452429e+02
2.210000e-06	2.617755e-06	1.270065e-08	1.901935e+01	8.316320e+02
2.220000e-06	2.529277e-06	1.248475e-08	1.837651e+01	8.177078e+02
2.230000e-06	2.439952e-06	1.225280e-08	1.772752e+01	8.034662e+02
2.240000e-06	2.349822e-06	1.203078e-08	1.707268e+01	7.889050e+02
2.250000e-06	2.258953e-06	1.182053e-08	1.641247e+01	7.740230e+02
2.260000e-06	2.167386e-06	1.158921e-08	1.574719e+01	7.588196e+02
2.270000e-06	2.075163e-06	1.134721e-08	1.507714e+01	7.432935e+02
2.280000e-06	1.982278e-06	1.111776e-08	1.440228e+01	7.274419e+02
2.290000e-06	1.888512e-06	1.086843e-08	1.372102e+01	7.112602e+02
2.300000e-06	1.793743e-06	1.060226e-08	1.303248e+01	6.947426e+02
2.310000e-06	1.698199e-06	1.034867e-08	1.233830e+01	6.778823e+02
2.320000e-06	1.602152e-06	1.010772e-08	1.164047e+01	6.606725e+02
2.330000e-06	1.505684e-06	9.842485e-09	1.093957e+01	6.431070e+02
2.340000e-06	1.408762e-06	9.555297e-09	1.023539e+01	6.251802e+02
2.350000e-06	1.311397e-06	9.270218e-09	9.527983e+00	6.068876e+02
2.360000e-06	1.213578e-06	8.987528e-09	8.817276e+00	5.882248e+02
2.370000e-06	1.115328e-06	8.698541e-09	8.103439e+00	5.691872e+02
2.380000e-06	1.016744e-06	8.407866e-09	7.387174e+00	5.497696e+02
2.390000e-06	9.179059e-07	8.117050e-09	6.669064e+00	5.299662e+02
2.400000e-06	8.188890e-07	7.809134e-09	5.949655e+00	5.097705e+02
2.410000e-06	7.196333e-07	7.488322e-09	5.228510e+00	4.891762e+02
2.420000e-06	6.200887e-07	7.168290e-09	4.505267e+00	4.681774e+02
2.430000e-06	5.203621e-07	6.846210e-09	3.780701e+00	4.467693e+02
2.440000e-06	4.205286e-07	6.510649e-09	3.055359e+00	4.249477e+02
2.450000e-06	3.205909e-07	6.168431e-09	2.329260e+00	4.027089e+02
2.460000e-06	2.205151e-07	5.827186e-09	1.602157e+00	3.800483e+02
2.470000e-06	1.202915e-07	5.480118e-09	8.739805e-01	3.569595e+02
2.480000e-06	1.999476e-08	5.123689e-09	1.452723e-01	3.334333e+02
2.490000e-06	-8.027774e-08	4.758729e-09	-5.832595e-01	3.094565e+02
2.500000e-06	-1.804915e-07	4.382416e-09	-1.311365e+00	2.850122e+02
2.510000e-06	-2.806547e-07	3.996957e-09	-2.039103e+00	2.600795e+02
2.520000e-06	-3.807615e-07	3.610418e-09	-2.766430e+00	2.346340e+02
2.530000e-06	-4.807799e-07	3.222025e-09	-3.493116e+00	2.086471e+02
2.540000e-06	-5.806233e-07	2.821488e-09	-4.218530e+00	1.820863e+02
2.550000e-06	-6.802533e-07	2.404325e-09	-4.942394e+00	1.549132e+02
2.560000e-06	-7.796677e-07	1.975638e-09	-5.664691e+00	1.270829e+02
2.570000e-06	-8.788114e-07	1.537719e-09	-6.385022e+00	9.854266e+01
2.580000e-06	-9.776625e-07	1.089708e-09	-7.103227e+00	6.923203e+01
2.590000e-06	-1.076226e-06	6.313746e-10	-7.819343e+00	3.908535e+01
2.600000e-06	-1.174464e-06	1.588444e-10	-8.533089e+00	8.036604e+00
2.610000e-06	-1.272242e-06	-3.307028e-10	-9.243501e+00	-2.397290e+01
2.620000e-06	-1.369478e-06	-8.351678e-10	-9.949972e+00	-5.698452e+01
2.630000e-06	-1.466271e-06	-1.352610e-09	-1.065322e+01	-9.101129e+01
2.640000e-06	-1.562671e-06	-1.884766e-09	-1.135362e+01	-1.260275e+02
2.650000e-06	-1.658622e-06	-2.433641e-09	-1.205075e+01	-1.619611e+02
2.660000e-06	-1.754043e-06	-2.996350e-09	-1.274404e+01	-1.986896e+02
2.670000e-06	-1.848741e-06	-3.569298e-09	-1.343206e+01	-2.360427e+02
2.680000e-06	-1.942511e-06	-4.147678e-09	-1.411335e+01	-2.738088e+02
2.690000e-06	-2.035331e-06	-4.727539e-09	-1.478774e+01	-3.117481e+02
2.700000e-06	-2.127366e-06	-5.306363e-09	-1.545642e+01	-3.496077e+02
2.710000e-06	-2.218703e-06	-5.880942e-09	-1.612003e+01	-3.871384e+02
2.720000e-06	-2.309266e-06	-6.446865e-09	-1.677802e+01	-4.241099e+02
2.730000e-06	-2.398980e-06	-7.001809e-09	-1.742984e+01	-4.603226e+02
2.740000e-06	-2.487861e-06	-7.541876e-09	-1.807560e+01	-4.956152e+02
2.750000e-06	-2.576016e-06	-8.064682e-09	-1.871610e+01	-5.298661e+02
2.760000e-06	-2.663461e-06	-8.570203e-09	-1.935143e+01	-5.629914e+02
2.770000e-06	-2.749857e-06	-9.058721e-09	-1.997914e+01	-5.949392e+02
2.780000e-06	-2.835036e-06	-9.531099e-09	-2.059801e+01	-6.256819e+02
2.790000e-06	-2.919214e-06	-9.983874e-09	-2.120961e+01	-6.552097e+02
2.800000e-06	-3.002490e-06	-1.041660e-08	-2.181465e+01	-6.835244e+02
2.810000e-06	-3.084785e-06	-1.083103e-08	-2.241257e+01	-7.106364e+02
2.820000e-06	-3.166024e-06	-1.122843e-08	-2.300281e+01	-7.365631e+02
2.830000e-06	-3.246244e-06	-1.160990e-08	-2.358565e+01	-7.613291e+02
2.840000e-06	-3.325338e-06	-1.197354e-08	-2.416031e+01	-7.849666e+02
2.850000e-06	-3.403002e-06	-1.231701e-08	-2.472458e+01	-8.075158e+02
2.860000e-06	-3.479190e-06	-1.264257e-08	-2.527812e+01	-8.290239e+02
2.870000e-06	-3.554018e-06	-1.295493e-08	-2.582179e+01	-8.495431e+02
2.880000e-06	-3.627529e-06	-1.325727e-08	-2.635589e+01	-8.691269e+02
2.890000e-06	-3.699873e-06	-1.354755e-08	-2.688150e+01	-8.878276e+02
2.900000e-06	-3.770975e-06	-1.382320e-08	-2.739810e+01	-9.056922e+02
2.910000e-06	-3.840466e-06	-1.408579e-08	-2.790299e+01	-9.227618e+02
2.920000e-06	-3.908399e-06	-1.433662e-08	-2.839655e+01	-9.390706e+02
2.930000e-06	-3.975032e-06	-1.457594e-08	-2.888067e+01	-9.546473e+02
2.940000e-06	-4.040371e-06	-1.480322e-08	-2.935539e+01	-9.695173e+02
2.950000e-06	-4.104399e-06	-1.502058e-08	-2.982059e+01	-9.837054e+02
2.960000e-06	-4.166823e-06	-1.522994e-08	-3.027413e+01	-9.972371e+02
2.970000e-06	-4.227504e-06	-1.542987e-08	-3.071502e+01	-1.010140e+03
2.980000e-06	-4.286720e-06	-1.562080e-08	-3.114525e+01	-1.022442e+03
2.990000e-06	-4.344525e-06	-1.580209e-08	-3.156523e+01	-1.034173e+03
3.000000e-06	-4.400854e-06	-1.597415e-08	-3.197449e+01	-1.045357e+03
3.010000e-06	-4.455491e-06	-1.613668e-08	-3.237146e+01	-1.056016e+03
3.020000e-06	-4.508192e-06	-1.628879e-08	-3.275436e+01	-1.066166e+03
3.030000e-06	-4.559071e-06	-1.643405e-08	-3.312402e+01	-1.075817e+03
3.040000e-06	-4.608208e-06	-1.657395e-08	-3.348103e+01	-1.084977e+03
3.050000e-06	-4.655508e-06	-1.670978e-08	-3.382469e+01	-1.093651e+03
3.060000e-06	-4.701142e-06	-1.683581e-08	-3.415624e+01	-1.101847e+03
3.070000e-06	-4.745323e-06	-1.695246e-08	-3.447724e+01	-1.109575e+03
3.080000e-06	-4.788026e-06	-1.706560e-08	-3.478750e+01	-1.116851e+03
3.090000e-06	-4.829163e-06	-1.717561e-08	-3.508638e+01	-1.123696e+03
3.100000e-06	-4.868721e-06	-1.727795e-08	-3.537379e+01	-1.130133e+03
3.110000e-06	-4.906449e-06	-1.736968e-08	-3.564790e+01	-1.136188e+03
3.120000e-06	-4.942305e-06	-1.745567e-08	-3.590842e+01	-1.141883e+03
3.130000e-06	-4.976506e-06	-1.753861e-08	-3.615690e+01	-1.147237e+03
3.140000e-06	-5.009082e-06	-1.761582e-08	-3.639359e+01	-1.152261e+03
3.150000e-06	-5.039872e-06	-1.768614e-08	-3.661729e+01	-1.156965e+03
3.160000e-06	-5.068679e-06	-1.775309e-08	-3.682659e+01	-1.161350e+03
3.170000e-06	-5.095660e-06	-1.781717e-08	-3.702262e+01	-1.165414e+03
3.180000e-06	-5.120921e-06	-1.787649e-08	-3.720616e+01	-1.169157e+03
3.190000e-06	-5.144446e-06	-1.793059e-08	-3.737708e+01	-1.172576e+03
3.200000e-06	-5.166002e-06	-1.797880e-08	-3.753369e+01	-1.175670e+03
3.210000e-06	-5.185642e-06	-1.802089e-08	-3.767638e+01	-1.178439e+03
3.220000e-06	-5.203599e-06	-1.805744e-08	-3.780685e+01	-1.180888e+03
3.230000e-06	-5.219719e-06	-1.808798e-08	-3.792397e+01	-1.183018e+03
3.240000e-06	-5.233678e-06	-1.811648e-08	-3.802539e+01	-1.184836e+03
3.250000e-06	-5.245485e-06	-1.814213e-08	-3.811118e+01	-1.186348e+03
3.260000e-06	-5.255437e-06	-1.816315e-08	-3.818348e+01	-1.187563e+03
3.270000e-06	-5.263598e-06	-1.817912e-08	-3.824278e+01	-1.188493e+03
3.280000e-06	-5.269764e-06	-1.818876e-08	-3.828758e+01	-1.189151e+03
3.290000e-06	-5.273937e-06	-1.819481e-08	-3.831790e+01	-1.189554e+03
3.300000e-06	-5.276383e-06	-1.819837e-08	-3.833567e+01	-1.189718e+03
3.310000e-06	-5.277149e-06	-1.819666e-08	-3.834123e+01	-1.189659e+03
