# Temperatura_=_64.23
# Concentracion g/m^3_=_24000.0
# C_Vs_to_Am_M_A/Vsm_=_65563218390.804596
# pendiente_HvsI_1/m_=_3716.3
# ordenada_HvsI_A/m_=_1297.0
# frecuencia_Hz_=_301597.6127136423

Tiempo_(s)	Campo_(V.s)	Magnetizacion_(V.s)	Campo_(kA/m)	Magnetizacion_(A/m)
0.000000e+00	-5.269997e-06	-1.833688e-08	-3.834166e+01	-1.198803e+03
1.000000e-08	-5.267677e-06	-1.833105e-08	-3.832478e+01	-1.198382e+03
2.000000e-08	-5.263561e-06	-1.832116e-08	-3.829484e+01	-1.197753e+03
3.000000e-08	-5.257829e-06	-1.830761e-08	-3.825313e+01	-1.196905e+03
4.000000e-08	-5.250537e-06	-1.828776e-08	-3.820008e+01	-1.195820e+03
5.000000e-08	-5.241544e-06	-1.826382e-08	-3.813466e+01	-1.194480e+03
6.000000e-08	-5.230512e-06	-1.824021e-08	-3.805439e+01	-1.192872e+03
7.000000e-08	-5.217561e-06	-1.821624e-08	-3.796017e+01	-1.190996e+03
8.000000e-08	-5.202636e-06	-1.818581e-08	-3.785158e+01	-1.188862e+03
9.000000e-08	-5.185478e-06	-1.816891e-08	-3.772674e+01	-1.186497e+03
1.000000e-07	-5.166270e-06	-1.813992e-08	-3.758700e+01	-1.183942e+03
1.100000e-07	-5.145223e-06	-1.807839e-08	-3.743387e+01	-1.181243e+03
1.200000e-07	-5.122483e-06	-1.801775e-08	-3.726843e+01	-1.178446e+03
1.300000e-07	-5.098354e-06	-1.795750e-08	-3.709288e+01	-1.175589e+03
1.400000e-07	-5.072697e-06	-1.790547e-08	-3.690621e+01	-1.172692e+03
1.500000e-07	-5.045308e-06	-1.790299e-08	-3.670695e+01	-1.169751e+03
1.600000e-07	-5.016473e-06	-1.784305e-08	-3.649716e+01	-1.166743e+03
1.700000e-07	-4.986137e-06	-1.778083e-08	-3.627645e+01	-1.163618e+03
1.800000e-07	-4.953891e-06	-1.775698e-08	-3.604184e+01	-1.160316e+03
1.900000e-07	-4.919649e-06	-1.764668e-08	-3.579272e+01	-1.156768e+03
2.000000e-07	-4.883819e-06	-1.756822e-08	-3.553204e+01	-1.152910e+03
2.100000e-07	-4.846395e-06	-1.752842e-08	-3.525976e+01	-1.148693e+03
2.200000e-07	-4.807260e-06	-1.745139e-08	-3.497504e+01	-1.144086e+03
2.300000e-07	-4.766339e-06	-1.740731e-08	-3.467732e+01	-1.139080e+03
2.400000e-07	-4.723465e-06	-1.732113e-08	-3.436539e+01	-1.133689e+03
2.500000e-07	-4.678780e-06	-1.717317e-08	-3.404029e+01	-1.127942e+03
2.600000e-07	-4.632305e-06	-1.708011e-08	-3.370216e+01	-1.121876e+03
2.700000e-07	-4.583973e-06	-1.698970e-08	-3.335052e+01	-1.115530e+03
2.800000e-07	-4.533645e-06	-1.690500e-08	-3.298436e+01	-1.108938e+03
2.900000e-07	-4.481305e-06	-1.681228e-08	-3.260357e+01	-1.102122e+03
3.000000e-07	-4.427237e-06	-1.669249e-08	-3.221020e+01	-1.095091e+03
3.100000e-07	-4.371662e-06	-1.658689e-08	-3.180586e+01	-1.087842e+03
3.200000e-07	-4.314353e-06	-1.647549e-08	-3.138891e+01	-1.080364e+03
3.300000e-07	-4.255329e-06	-1.635009e-08	-3.095948e+01	-1.072643e+03
3.400000e-07	-4.194897e-06	-1.622181e-08	-3.051981e+01	-1.064664e+03
3.500000e-07	-4.133059e-06	-1.610354e-08	-3.006991e+01	-1.056416e+03
3.600000e-07	-4.069848e-06	-1.597460e-08	-2.961003e+01	-1.047894e+03
3.700000e-07	-4.005285e-06	-1.583868e-08	-2.914030e+01	-1.039102e+03
3.800000e-07	-3.939071e-06	-1.571577e-08	-2.865856e+01	-1.030044e+03
3.900000e-07	-3.871212e-06	-1.556533e-08	-2.816485e+01	-1.020728e+03
4.000000e-07	-3.802110e-06	-1.539911e-08	-2.766211e+01	-1.011163e+03
4.100000e-07	-3.731822e-06	-1.525290e-08	-2.715073e+01	-1.001352e+03
4.200000e-07	-3.660387e-06	-1.510912e-08	-2.663101e+01	-9.912958e+02
4.300000e-07	-3.587700e-06	-1.496583e-08	-2.610218e+01	-9.809893e+02
4.400000e-07	-3.513403e-06	-1.480974e-08	-2.556163e+01	-9.704258e+02
4.500000e-07	-3.437538e-06	-1.463309e-08	-2.500968e+01	-9.595964e+02
4.600000e-07	-3.360383e-06	-1.444459e-08	-2.444833e+01	-9.484928e+02
4.700000e-07	-3.281981e-06	-1.426442e-08	-2.387793e+01	-9.371080e+02
4.800000e-07	-3.202239e-06	-1.410144e-08	-2.329777e+01	-9.254375e+02
4.900000e-07	-3.121203e-06	-1.392625e-08	-2.270819e+01	-9.134790e+02
5.000000e-07	-3.039009e-06	-1.373714e-08	-2.211019e+01	-9.012317e+02
5.100000e-07	-2.955832e-06	-1.353918e-08	-2.150504e+01	-8.886954e+02
5.200000e-07	-2.871836e-06	-1.333880e-08	-2.089393e+01	-8.758692e+02
5.300000e-07	-2.786973e-06	-1.313525e-08	-2.027651e+01	-8.627510e+02
5.400000e-07	-2.701198e-06	-1.293170e-08	-1.965247e+01	-8.493371e+02
5.500000e-07	-2.614533e-06	-1.272726e-08	-1.902193e+01	-8.356223e+02
5.600000e-07	-2.527011e-06	-1.250657e-08	-1.838517e+01	-8.216005e+02
5.700000e-07	-2.438555e-06	-1.228180e-08	-1.774162e+01	-8.072653e+02
5.800000e-07	-2.348948e-06	-1.206522e-08	-1.708968e+01	-7.926107e+02
5.900000e-07	-2.258304e-06	-1.184505e-08	-1.643021e+01	-7.776315e+02
6.000000e-07	-2.166870e-06	-1.160535e-08	-1.576498e+01	-7.623237e+02
6.100000e-07	-2.074706e-06	-1.135766e-08	-1.509444e+01	-7.466840e+02
6.200000e-07	-1.981845e-06	-1.111247e-08	-1.441884e+01	-7.307098e+02
6.300000e-07	-1.888281e-06	-1.086377e-08	-1.373812e+01	-7.143984e+02
6.400000e-07	-1.794012e-06	-1.061256e-08	-1.305226e+01	-6.977474e+02
6.500000e-07	-1.699139e-06	-1.035817e-08	-1.236202e+01	-6.807536e+02
6.600000e-07	-1.603756e-06	-1.009367e-08	-1.166807e+01	-6.634131e+02
6.700000e-07	-1.507803e-06	-9.815098e-09	-1.096996e+01	-6.457214e+02
6.800000e-07	-1.411248e-06	-9.533321e-09	-1.026748e+01	-6.276733e+02
6.900000e-07	-1.314086e-06	-9.256660e-09	-9.560581e+00	-6.092627e+02
7.000000e-07	-1.216342e-06	-8.975464e-09	-8.849451e+00	-5.904828e+02
7.100000e-07	-1.118129e-06	-8.682342e-09	-8.134903e+00	-5.713265e+02
7.200000e-07	-1.019558e-06	-8.383213e-09	-7.417757e+00	-5.517859e+02
7.300000e-07	-9.206724e-07	-8.078945e-09	-6.698317e+00	-5.318532e+02
7.400000e-07	-8.214734e-07	-7.767451e-09	-5.976598e+00	-5.115208e+02
7.500000e-07	-7.220469e-07	-7.451249e-09	-5.253224e+00	-4.907815e+02
7.600000e-07	-6.223623e-07	-7.128023e-09	-4.527973e+00	-4.696290e+02
7.700000e-07	-5.224448e-07	-6.795164e-09	-3.801027e+00	-4.480579e+02
7.800000e-07	-4.224279e-07	-6.454102e-09	-3.073358e+00	-4.260635e+02
7.900000e-07	-3.223000e-07	-6.112576e-09	-2.344881e+00	-4.036418e+02
8.000000e-07	-2.220275e-07	-5.769520e-09	-1.615352e+00	-3.807885e+02
8.100000e-07	-1.216508e-07	-5.416800e-09	-8.850656e-01	-3.574986e+02
8.200000e-07	-2.122828e-08	-5.053622e-09	-1.544455e-01	-3.337659e+02
8.300000e-07	7.918588e-08	-4.681561e-09	5.761139e-01	-3.095815e+02
8.400000e-07	1.795450e-07	-4.303391e-09	1.306272e+00	-2.849337e+02
8.500000e-07	2.798471e-07	-3.919628e-09	2.036017e+00	-2.598069e+02
8.600000e-07	3.801153e-07	-3.529324e-09	2.765514e+00	-2.341802e+02
8.700000e-07	4.803335e-07	-3.131259e-09	3.494648e+00	-2.080270e+02
8.800000e-07	5.804464e-07	-2.723591e-09	4.223015e+00	-1.813126e+02
8.900000e-07	6.803939e-07	-2.306618e-09	4.950180e+00	-1.539941e+02
9.000000e-07	7.801327e-07	-1.880222e-09	5.675826e+00	-1.260189e+02
9.100000e-07	8.796180e-07	-1.442246e-09	6.399627e+00	-9.732561e+01
9.200000e-07	9.787550e-07	-9.922702e-10	7.120894e+00	-6.784550e+01
9.300000e-07	1.077558e-06	-5.309687e-10	7.839729e+00	-3.750696e+01
9.400000e-07	1.176009e-06	-5.590827e-11	8.556009e+00	-6.241437e+00
9.500000e-07	1.273972e-06	4.358183e-10	9.268733e+00	2.600836e+01
9.600000e-07	1.371355e-06	9.423856e-10	9.977239e+00	5.927893e+01
9.700000e-07	1.468010e-06	1.462229e-09	1.068045e+01	9.357637e+01
9.800000e-07	1.563920e-06	1.997625e-09	1.137824e+01	1.288678e+02
9.900000e-07	1.659211e-06	2.550256e-09	1.207152e+01	1.650754e+02
1.000000e-06	1.753986e-06	3.117592e-09	1.276106e+01	2.020742e+02
1.010000e-06	1.848198e-06	3.691434e-09	1.344649e+01	2.396949e+02
1.020000e-06	1.941699e-06	4.268930e-09	1.412676e+01	2.777300e+02
1.030000e-06	2.034543e-06	4.848082e-09	1.480224e+01	3.159456e+02
1.040000e-06	2.126798e-06	5.426645e-09	1.547344e+01	3.540945e+02
1.050000e-06	2.218441e-06	6.000793e-09	1.614018e+01	3.919311e+02
1.060000e-06	2.309329e-06	6.567825e-09	1.680144e+01	4.292251e+02
1.070000e-06	2.399190e-06	7.125199e-09	1.745521e+01	4.657731e+02
1.080000e-06	2.487967e-06	7.666466e-09	1.810111e+01	5.014057e+02
1.090000e-06	2.575754e-06	8.189319e-09	1.873980e+01	5.359918e+02
1.100000e-06	2.662672e-06	8.696798e-09	1.937217e+01	5.694376e+02
1.110000e-06	2.748760e-06	9.189443e-09	1.999850e+01	6.016833e+02
1.120000e-06	2.833942e-06	9.661394e-09	2.061824e+01	6.326975e+02
1.130000e-06	2.918236e-06	1.011223e-08	2.123152e+01	6.624708e+02
1.140000e-06	3.001676e-06	1.054500e-08	2.183858e+01	6.910097e+02
1.150000e-06	3.084179e-06	1.096035e-08	2.243883e+01	7.183319e+02
1.160000e-06	3.165577e-06	1.135658e-08	2.303103e+01	7.444629e+02
1.170000e-06	3.245757e-06	1.173685e-08	2.361438e+01	7.694341e+02
1.180000e-06	3.324751e-06	1.210135e-08	2.418910e+01	7.932816e+02
1.190000e-06	3.402577e-06	1.244692e-08	2.475532e+01	8.160455e+02
1.200000e-06	3.479224e-06	1.277456e-08	2.531296e+01	8.377693e+02
1.210000e-06	3.554627e-06	1.308934e-08	2.586155e+01	8.584988e+02
1.220000e-06	3.628576e-06	1.339094e-08	2.639957e+01	8.782806e+02
1.230000e-06	3.700931e-06	1.367519e-08	2.692598e+01	8.971606e+02
1.240000e-06	3.771895e-06	1.394482e-08	2.744228e+01	9.151824e+02
1.250000e-06	3.841628e-06	1.420590e-08	2.794962e+01	9.323864e+02
1.260000e-06	3.910068e-06	1.445681e-08	2.844755e+01	9.488094e+02
1.270000e-06	3.977186e-06	1.469432e-08	2.893587e+01	9.644852e+02
1.280000e-06	4.042708e-06	1.491897e-08	2.941257e+01	9.794451e+02
1.290000e-06	4.106557e-06	1.513292e-08	2.987710e+01	9.937191e+02
1.300000e-06	4.168971e-06	1.533806e-08	3.033119e+01	1.007337e+03
1.310000e-06	4.230045e-06	1.553317e-08	3.077553e+01	1.020328e+03
1.320000e-06	4.289813e-06	1.571993e-08	3.121037e+01	1.032722e+03
1.330000e-06	4.348109e-06	1.589808e-08	3.163450e+01	1.044546e+03
1.340000e-06	4.404624e-06	1.606873e-08	3.204568e+01	1.055825e+03
1.350000e-06	4.459443e-06	1.623248e-08	3.244451e+01	1.066581e+03
1.360000e-06	4.512724e-06	1.638895e-08	3.283215e+01	1.076830e+03
1.370000e-06	4.564207e-06	1.653746e-08	3.320672e+01	1.086586e+03
1.380000e-06	4.613637e-06	1.667953e-08	3.356634e+01	1.095857e+03
1.390000e-06	4.661196e-06	1.681567e-08	3.391235e+01	1.104651e+03
1.400000e-06	4.707123e-06	1.694134e-08	3.424649e+01	1.112974e+03
1.410000e-06	4.751535e-06	1.705777e-08	3.456961e+01	1.120835e+03
1.420000e-06	4.794417e-06	1.716901e-08	3.488160e+01	1.128243e+03
1.430000e-06	4.835427e-06	1.727412e-08	3.517996e+01	1.135212e+03
1.440000e-06	4.874656e-06	1.737051e-08	3.546537e+01	1.141761e+03
1.450000e-06	4.912275e-06	1.746055e-08	3.573907e+01	1.147907e+03
1.460000e-06	4.948301e-06	1.754754e-08	3.600118e+01	1.153671e+03
1.470000e-06	4.982662e-06	1.762990e-08	3.625116e+01	1.159073e+03
1.480000e-06	5.015113e-06	1.770582e-08	3.648727e+01	1.164130e+03
1.490000e-06	5.045790e-06	1.777594e-08	3.671045e+01	1.168856e+03
1.500000e-06	5.074847e-06	1.784286e-08	3.692185e+01	1.173262e+03
1.510000e-06	5.102298e-06	1.790524e-08	3.712157e+01	1.177355e+03
1.520000e-06	5.127789e-06	1.796031e-08	3.730703e+01	1.181139e+03
1.530000e-06	5.151214e-06	1.801264e-08	3.747746e+01	1.184613e+03
1.540000e-06	5.172851e-06	1.806159e-08	3.763488e+01	1.187776e+03
1.550000e-06	5.192825e-06	1.810332e-08	3.778020e+01	1.190623e+03
1.560000e-06	5.211044e-06	1.813800e-08	3.791275e+01	1.193149e+03
1.570000e-06	5.227274e-06	1.816738e-08	3.803083e+01	1.195352e+03
1.580000e-06	5.241501e-06	1.819473e-08	3.813434e+01	1.197230e+03
1.590000e-06	5.253771e-06	1.821943e-08	3.822361e+01	1.198786e+03
1.600000e-06	5.263951e-06	1.824014e-08	3.829768e+01	1.200029e+03
1.610000e-06	5.272057e-06	1.825687e-08	3.835665e+01	1.200973e+03
1.620000e-06	5.278342e-06	1.826763e-08	3.840238e+01	1.201635e+03
1.630000e-06	5.282866e-06	1.827323e-08	3.843529e+01	1.202038e+03
1.640000e-06	5.285548e-06	1.827485e-08	3.845480e+01	1.202202e+03
1.650000e-06	5.286262e-06	1.827478e-08	3.846000e+01	1.202147e+03
1.660000e-06	5.285099e-06	1.827110e-08	3.845154e+01	1.201885e+03
1.670000e-06	5.282277e-06	1.826127e-08	3.843100e+01	1.201419e+03
1.680000e-06	5.277917e-06	1.825233e-08	3.839928e+01	1.200744e+03
1.690000e-06	5.271775e-06	1.824246e-08	3.835460e+01	1.199846e+03
1.700000e-06	5.263741e-06	1.822704e-08	3.829615e+01	1.198707e+03
1.710000e-06	5.254089e-06	1.820551e-08	3.822593e+01	1.197310e+03
1.720000e-06	5.242856e-06	1.818022e-08	3.814420e+01	1.195644e+03
1.730000e-06	5.229850e-06	1.815578e-08	3.804957e+01	1.193710e+03
1.740000e-06	5.214713e-06	1.810022e-08	3.793944e+01	1.191523e+03
1.750000e-06	5.197198e-06	1.804078e-08	3.781201e+01	1.189113e+03
1.760000e-06	5.177244e-06	1.802258e-08	3.766684e+01	1.186523e+03
1.770000e-06	5.154948e-06	1.799754e-08	3.750463e+01	1.183798e+03
1.780000e-06	5.131108e-06	1.798047e-08	3.733118e+01	1.180985e+03
1.790000e-06	5.106589e-06	1.792343e-08	3.715279e+01	1.178118e+03
1.800000e-06	5.080850e-06	1.781372e-08	3.696553e+01	1.175211e+03
1.810000e-06	5.053190e-06	1.783093e-08	3.676429e+01	1.172259e+03
1.820000e-06	5.023945e-06	1.781665e-08	3.655152e+01	1.169229e+03
1.830000e-06	4.992913e-06	1.774158e-08	3.632575e+01	1.166072e+03
1.840000e-06	4.959742e-06	1.777189e-08	3.608442e+01	1.162722e+03
1.850000e-06	4.924923e-06	1.769802e-08	3.583109e+01	1.159112e+03
1.860000e-06	4.888520e-06	1.758843e-08	3.556624e+01	1.155180e+03
1.870000e-06	4.850166e-06	1.756750e-08	3.528720e+01	1.150880e+03
1.880000e-06	4.809950e-06	1.745267e-08	3.499461e+01	1.146187e+03
1.890000e-06	4.767901e-06	1.740845e-08	3.468868e+01	1.141096e+03
1.900000e-06	4.724235e-06	1.738983e-08	3.437099e+01	1.135625e+03
1.910000e-06	4.679063e-06	1.725900e-08	3.404234e+01	1.129806e+03
1.920000e-06	4.632061e-06	1.719045e-08	3.370039e+01	1.123676e+03
1.930000e-06	4.583471e-06	1.705624e-08	3.334686e+01	1.117274e+03
1.940000e-06	4.533252e-06	1.693806e-08	3.298150e+01	1.110632e+03
1.950000e-06	4.481137e-06	1.686885e-08	3.260234e+01	1.103769e+03
1.960000e-06	4.427049e-06	1.673242e-08	3.220883e+01	1.096691e+03
1.970000e-06	4.371071e-06	1.665110e-08	3.180156e+01	1.089394e+03
1.980000e-06	4.313525e-06	1.653091e-08	3.138289e+01	1.081865e+03
1.990000e-06	4.254485e-06	1.640056e-08	3.095334e+01	1.074088e+03
2.000000e-06	4.194096e-06	1.628742e-08	3.051399e+01	1.066051e+03
2.010000e-06	4.132174e-06	1.613688e-08	3.006347e+01	1.057744e+03
2.020000e-06	4.068518e-06	1.603066e-08	2.960035e+01	1.049164e+03
2.030000e-06	4.003375e-06	1.587974e-08	2.912640e+01	1.040313e+03
2.040000e-06	3.936766e-06	1.574632e-08	2.864179e+01	1.031198e+03
2.050000e-06	3.868935e-06	1.561971e-08	2.814829e+01	1.021828e+03
2.060000e-06	3.799816e-06	1.545789e-08	2.764542e+01	1.012210e+03
2.070000e-06	3.729043e-06	1.532104e-08	2.713051e+01	1.002346e+03
2.080000e-06	3.656866e-06	1.513541e-08	2.660539e+01	9.922352e+02
2.090000e-06	3.583487e-06	1.497628e-08	2.607152e+01	9.818737e+02
2.100000e-06	3.508887e-06	1.483276e-08	2.552877e+01	9.712533e+02
2.110000e-06	3.432973e-06	1.468012e-08	2.497647e+01	9.603651e+02
2.120000e-06	3.355633e-06	1.451867e-08	2.441378e+01	9.492011e+02
2.130000e-06	3.276845e-06	1.432495e-08	2.384056e+01	9.377547e+02
2.140000e-06	3.196778e-06	1.414922e-08	2.325804e+01	9.260219e+02
2.150000e-06	3.115659e-06	1.395130e-08	2.266786e+01	9.140009e+02
2.160000e-06	3.033471e-06	1.376038e-08	2.206990e+01	9.016910e+02
2.170000e-06	2.950292e-06	1.358754e-08	2.146473e+01	8.890920e+02
2.180000e-06	2.866229e-06	1.340537e-08	2.085314e+01	8.762028e+02
2.190000e-06	2.781071e-06	1.319676e-08	2.023358e+01	8.630210e+02
2.200000e-06	2.694646e-06	1.297561e-08	1.960480e+01	8.495424e+02
2.210000e-06	2.607111e-06	1.278021e-08	1.896794e+01	8.357617e+02
2.220000e-06	2.518691e-06	1.256993e-08	1.832464e+01	8.216726e+02
2.230000e-06	2.429392e-06	1.233984e-08	1.767495e+01	8.072687e+02
2.240000e-06	2.339233e-06	1.211024e-08	1.701900e+01	7.925442e+02
2.250000e-06	2.248322e-06	1.189058e-08	1.635758e+01	7.774943e+02
2.260000e-06	2.156784e-06	1.165884e-08	1.569160e+01	7.621149e+02
2.270000e-06	2.064658e-06	1.141641e-08	1.502134e+01	7.464031e+02
2.280000e-06	1.971785e-06	1.118093e-08	1.434564e+01	7.303561e+02
2.290000e-06	1.877963e-06	1.093044e-08	1.366305e+01	7.139716e+02
2.300000e-06	1.783187e-06	1.066361e-08	1.297351e+01	6.972467e+02
2.310000e-06	1.687728e-06	1.040233e-08	1.227900e+01	6.801782e+02
2.320000e-06	1.591800e-06	1.015402e-08	1.158108e+01	6.627622e+02
2.330000e-06	1.495387e-06	9.889484e-09	1.087963e+01	6.449940e+02
2.340000e-06	1.398523e-06	9.602944e-09	1.017490e+01	6.268680e+02
2.350000e-06	1.301266e-06	9.313995e-09	9.467312e+00	6.083782e+02
2.360000e-06	1.203572e-06	9.026062e-09	8.756541e+00	5.895176e+02
2.370000e-06	1.105454e-06	8.732013e-09	8.042688e+00	5.702789e+02
2.380000e-06	1.007007e-06	8.437021e-09	7.326438e+00	5.506543e+02
2.390000e-06	9.082857e-07	8.142248e-09	6.608198e+00	5.306359e+02
2.400000e-06	8.092754e-07	7.830647e-09	5.887852e+00	5.102162e+02
2.410000e-06	7.100111e-07	7.506079e-09	5.165659e+00	4.893882e+02
2.420000e-06	6.106050e-07	7.183918e-09	4.442434e+00	4.681458e+02
2.430000e-06	5.111028e-07	6.860636e-09	3.718509e+00	4.464836e+02
2.440000e-06	4.114555e-07	6.521813e-09	2.993529e+00	4.243973e+02
2.450000e-06	3.116894e-07	6.173026e-09	2.267685e+00	4.018828e+02
2.460000e-06	2.118196e-07	5.824141e-09	1.541086e+00	3.789357e+02
2.470000e-06	1.118160e-07	5.471153e-09	8.135131e-01	3.555509e+02
2.480000e-06	1.175380e-08	5.110411e-09	8.551431e-02	3.317215e+02
2.490000e-06	-8.824988e-08	4.742491e-09	-6.420586e-01	3.074383e+02
2.500000e-06	-1.882188e-07	4.364638e-09	-1.369378e+00	2.826887e+02
2.510000e-06	-2.881625e-07	3.974677e-09	-2.096516e+00	2.574560e+02
2.520000e-06	-3.880770e-07	3.580254e-09	-2.823439e+00	2.317183e+02
2.530000e-06	-4.879762e-07	3.185517e-09	-3.550252e+00	2.054473e+02
2.540000e-06	-5.877090e-07	2.782278e-09	-4.275855e+00	1.786068e+02
2.550000e-06	-6.872056e-07	2.361688e-09	-4.999738e+00	1.511516e+02
2.560000e-06	-7.865255e-07	1.928164e-09	-5.722336e+00	1.230273e+02
2.570000e-06	-8.856171e-07	1.485765e-09	-6.443273e+00	9.417067e+01
2.580000e-06	-9.843552e-07	1.032845e-09	-7.161638e+00	6.451197e+01
2.590000e-06	-1.082714e-06	5.676083e-10	-7.877243e+00	3.397964e+01
2.600000e-06	-1.180670e-06	8.774133e-11	-8.589919e+00	2.506786e+00
2.610000e-06	-1.278218e-06	-4.081416e-10	-9.299629e+00	-2.996024e+01
2.620000e-06	-1.375381e-06	-9.211746e-10	-1.000653e+01	-6.345224e+01
2.630000e-06	-1.472133e-06	-1.448687e-09	-1.071045e+01	-9.796758e+01
2.640000e-06	-1.568401e-06	-1.989743e-09	-1.141084e+01	-1.334641e+02
2.650000e-06	-1.664140e-06	-2.545509e-09	-1.210739e+01	-1.698541e+02
2.660000e-06	-1.759327e-06	-3.114734e-09	-1.279992e+01	-2.070025e+02
2.670000e-06	-1.853809e-06	-3.693760e-09	-1.348732e+01	-2.447312e+02
2.680000e-06	-1.947401e-06	-4.277020e-09	-1.416824e+01	-2.828261e+02
2.690000e-06	-2.040010e-06	-4.860163e-09	-1.484202e+01	-3.210490e+02
2.700000e-06	-2.131814e-06	-5.441354e-09	-1.550993e+01	-3.591520e+02
2.710000e-06	-2.222957e-06	-6.017916e-09	-1.617304e+01	-3.968917e+02
2.720000e-06	-2.313353e-06	-6.585497e-09	-1.683071e+01	-4.340426e+02
2.730000e-06	-2.402920e-06	-7.144743e-09	-1.748235e+01	-4.704080e+02
2.740000e-06	-2.491683e-06	-7.692546e-09	-1.812814e+01	-5.058268e+02
2.750000e-06	-2.579763e-06	-8.220423e-09	-1.876897e+01	-5.401759e+02
2.760000e-06	-2.667084e-06	-8.726254e-09	-1.940426e+01	-5.733691e+02
2.770000e-06	-2.753300e-06	-9.213041e-09	-2.003153e+01	-6.053535e+02
2.780000e-06	-2.838293e-06	-9.684393e-09	-2.064989e+01	-6.361026e+02
2.790000e-06	-2.922322e-06	-1.013705e-08	-2.126124e+01	-6.656111e+02
2.800000e-06	-3.005466e-06	-1.056930e-08	-2.186616e+01	-6.938881e+02
2.810000e-06	-3.087604e-06	-1.098401e-08	-2.246374e+01	-7.209534e+02
2.820000e-06	-3.168675e-06	-1.138138e-08	-2.305357e+01	-7.468337e+02
2.830000e-06	-3.248713e-06	-1.176252e-08	-2.363589e+01	-7.715616e+02
2.840000e-06	-3.327569e-06	-1.212663e-08	-2.420960e+01	-7.951741e+02
2.850000e-06	-3.404962e-06	-1.247206e-08	-2.477267e+01	-8.177121e+02
2.860000e-06	-3.480947e-06	-1.280006e-08	-2.532550e+01	-8.392196e+02
2.870000e-06	-3.555657e-06	-1.311173e-08	-2.586905e+01	-8.597427e+02
2.880000e-06	-3.629050e-06	-1.341255e-08	-2.640301e+01	-8.793282e+02
2.890000e-06	-3.701241e-06	-1.370207e-08	-2.692824e+01	-8.980213e+02
2.900000e-06	-3.772130e-06	-1.397633e-08	-2.744399e+01	-9.158653e+02
2.910000e-06	-3.841398e-06	-1.423825e-08	-2.794794e+01	-9.328996e+02
2.920000e-06	-3.909196e-06	-1.448878e-08	-2.844120e+01	-9.491605e+02
2.930000e-06	-3.975686e-06	-1.472745e-08	-2.892495e+01	-9.646809e+02
2.940000e-06	-4.040850e-06	-1.495336e-08	-2.939905e+01	-9.794920e+02
2.950000e-06	-4.104687e-06	-1.517138e-08	-2.986349e+01	-9.936237e+02
2.960000e-06	-4.166884e-06	-1.538380e-08	-3.031601e+01	-1.007106e+03
2.970000e-06	-4.227390e-06	-1.558413e-08	-3.075622e+01	-1.019967e+03
2.980000e-06	-4.286482e-06	-1.577035e-08	-3.118613e+01	-1.032237e+03
2.990000e-06	-4.344145e-06	-1.594862e-08	-3.160566e+01	-1.043943e+03
3.000000e-06	-4.400277e-06	-1.612120e-08	-3.201405e+01	-1.055109e+03
3.010000e-06	-4.454648e-06	-1.628445e-08	-3.240962e+01	-1.065755e+03
3.020000e-06	-4.507086e-06	-1.643720e-08	-3.279113e+01	-1.075899e+03
3.030000e-06	-4.557673e-06	-1.658276e-08	-3.315917e+01	-1.085551e+03
3.040000e-06	-4.606471e-06	-1.672327e-08	-3.351421e+01	-1.094720e+03
3.050000e-06	-4.653488e-06	-1.685728e-08	-3.385627e+01	-1.103413e+03
3.060000e-06	-4.698909e-06	-1.698217e-08	-3.418673e+01	-1.111637e+03
3.070000e-06	-4.742867e-06	-1.709881e-08	-3.450655e+01	-1.119400e+03
3.080000e-06	-4.785339e-06	-1.721273e-08	-3.481555e+01	-1.126713e+03
3.090000e-06	-4.826327e-06	-1.732337e-08	-3.511376e+01	-1.133592e+03
3.100000e-06	-4.865726e-06	-1.742485e-08	-3.540040e+01	-1.140053e+03
3.110000e-06	-4.903232e-06	-1.751756e-08	-3.567327e+01	-1.146117e+03
3.120000e-06	-4.938887e-06	-1.760556e-08	-3.593268e+01	-1.151803e+03
3.130000e-06	-4.972909e-06	-1.768886e-08	-3.618021e+01	-1.157130e+03
3.140000e-06	-5.005254e-06	-1.776494e-08	-3.641554e+01	-1.162115e+03
3.150000e-06	-5.035711e-06	-1.783511e-08	-3.663712e+01	-1.166772e+03
3.160000e-06	-5.064283e-06	-1.790301e-08	-3.684500e+01	-1.171111e+03
3.170000e-06	-5.091169e-06	-1.796658e-08	-3.704061e+01	-1.175139e+03
3.180000e-06	-5.116288e-06	-1.802353e-08	-3.722336e+01	-1.178857e+03
3.190000e-06	-5.139597e-06	-1.807631e-08	-3.739294e+01	-1.182266e+03
3.200000e-06	-5.160986e-06	-1.812568e-08	-3.754855e+01	-1.185362e+03
3.210000e-06	-5.180524e-06	-1.817009e-08	-3.769071e+01	-1.188141e+03
3.220000e-06	-5.198351e-06	-1.821062e-08	-3.782040e+01	-1.190599e+03
3.230000e-06	-5.214349e-06	-1.824660e-08	-3.793679e+01	-1.192733e+03
3.240000e-06	-5.228180e-06	-1.827553e-08	-3.803742e+01	-1.194542e+03
3.250000e-06	-5.239764e-06	-1.829679e-08	-3.812171e+01	-1.196031e+03
3.260000e-06	-5.249511e-06	-1.831269e-08	-3.819262e+01	-1.197209e+03
3.270000e-06	-5.257541e-06	-1.832439e-08	-3.825104e+01	-1.198091e+03
3.280000e-06	-5.263592e-06	-1.833361e-08	-3.829507e+01	-1.198697e+03
3.290000e-06	-5.267706e-06	-1.834024e-08	-3.832499e+01	-1.199047e+03
3.300000e-06	-5.270092e-06	-1.834364e-08	-3.834235e+01	-1.199164e+03
3.310000e-06	-5.270749e-06	-1.834209e-08	-3.834713e+01	-1.199065e+03
