# Temperatura_=_58.25
# Concentracion g/m^3_=_24000.0
# C_Vs_to_Am_M_A/Vsm_=_65563218390.804596
# pendiente_HvsI_1/m_=_3716.3
# ordenada_HvsI_A/m_=_1297.0
# frecuencia_Hz_=_301608.0219632073

Tiempo_(s)	Campo_(V.s)	Magnetizacion_(V.s)	Campo_(kA/m)	Magnetizacion_(A/m)
0.000000e+00	-5.264109e-06	-1.810595e-08	-3.833540e+01	-1.183332e+03
1.000000e-08	-5.261657e-06	-1.810042e-08	-3.831754e+01	-1.182914e+03
2.000000e-08	-5.257449e-06	-1.809148e-08	-3.828689e+01	-1.182300e+03
3.000000e-08	-5.251628e-06	-1.807994e-08	-3.824451e+01	-1.181479e+03
4.000000e-08	-5.244257e-06	-1.806219e-08	-3.819083e+01	-1.180433e+03
5.000000e-08	-5.235133e-06	-1.803822e-08	-3.812438e+01	-1.179138e+03
6.000000e-08	-5.223994e-06	-1.801094e-08	-3.804326e+01	-1.177580e+03
7.000000e-08	-5.211055e-06	-1.798047e-08	-3.794903e+01	-1.175752e+03
8.000000e-08	-5.196129e-06	-1.796902e-08	-3.784034e+01	-1.173665e+03
9.000000e-08	-5.178870e-06	-1.795732e-08	-3.771465e+01	-1.171347e+03
1.000000e-07	-5.159594e-06	-1.790232e-08	-3.757427e+01	-1.168841e+03
1.100000e-07	-5.138566e-06	-1.784722e-08	-3.742114e+01	-1.166199e+03
1.200000e-07	-5.115845e-06	-1.777944e-08	-3.725568e+01	-1.163472e+03
1.300000e-07	-5.091707e-06	-1.770641e-08	-3.707989e+01	-1.160698e+03
1.400000e-07	-5.065949e-06	-1.773616e-08	-3.689232e+01	-1.157897e+03
1.500000e-07	-5.038419e-06	-1.767834e-08	-3.669183e+01	-1.155064e+03
1.600000e-07	-5.009480e-06	-1.757655e-08	-3.648109e+01	-1.152169e+03
1.700000e-07	-4.979077e-06	-1.760619e-08	-3.625968e+01	-1.149157e+03
1.800000e-07	-4.946771e-06	-1.750297e-08	-3.602441e+01	-1.145961e+03
1.900000e-07	-4.912468e-06	-1.739285e-08	-3.577460e+01	-1.142511e+03
2.000000e-07	-4.876619e-06	-1.740485e-08	-3.551353e+01	-1.138743e+03
2.100000e-07	-4.839210e-06	-1.730235e-08	-3.524110e+01	-1.134609e+03
2.200000e-07	-4.800065e-06	-1.723347e-08	-3.495604e+01	-1.130086e+03
2.300000e-07	-4.759045e-06	-1.721270e-08	-3.465732e+01	-1.125169e+03
2.400000e-07	-4.716035e-06	-1.707488e-08	-3.434410e+01	-1.119877e+03
2.500000e-07	-4.671264e-06	-1.696268e-08	-3.401806e+01	-1.114242e+03
2.600000e-07	-4.624752e-06	-1.688216e-08	-3.367934e+01	-1.108301e+03
2.700000e-07	-4.576416e-06	-1.679766e-08	-3.332734e+01	-1.102091e+03
2.800000e-07	-4.525970e-06	-1.670829e-08	-3.295996e+01	-1.095638e+03
2.900000e-07	-4.473472e-06	-1.659297e-08	-3.257765e+01	-1.088960e+03
3.000000e-07	-4.419349e-06	-1.648556e-08	-3.218351e+01	-1.082061e+03
3.100000e-07	-4.363725e-06	-1.638656e-08	-3.177843e+01	-1.074935e+03
3.200000e-07	-4.306372e-06	-1.628750e-08	-3.136076e+01	-1.067572e+03
3.300000e-07	-4.247300e-06	-1.615614e-08	-3.093058e+01	-1.059959e+03
3.400000e-07	-4.186820e-06	-1.602671e-08	-3.049014e+01	-1.052085e+03
3.500000e-07	-4.124946e-06	-1.591984e-08	-3.003954e+01	-1.043945e+03
3.600000e-07	-4.061759e-06	-1.577913e-08	-2.957939e+01	-1.035539e+03
3.700000e-07	-3.997138e-06	-1.565014e-08	-2.910880e+01	-1.026871e+03
3.800000e-07	-3.930819e-06	-1.552844e-08	-2.862583e+01	-1.017947e+03
3.900000e-07	-3.862980e-06	-1.537152e-08	-2.813180e+01	-1.008775e+03
4.000000e-07	-3.793882e-06	-1.521645e-08	-2.762860e+01	-9.993585e+02
4.100000e-07	-3.723552e-06	-1.507460e-08	-2.711643e+01	-9.897006e+02
4.200000e-07	-3.652069e-06	-1.494406e-08	-2.659586e+01	-9.797996e+02
4.300000e-07	-3.579336e-06	-1.479667e-08	-2.606619e+01	-9.696512e+02
4.400000e-07	-3.504999e-06	-1.463138e-08	-2.552483e+01	-9.592491e+02
4.500000e-07	-3.429166e-06	-1.445446e-08	-2.497259e+01	-9.485863e+02
4.600000e-07	-3.352031e-06	-1.427323e-08	-2.441086e+01	-9.376563e+02
4.700000e-07	-3.273576e-06	-1.410906e-08	-2.383952e+01	-9.264531e+02
4.800000e-07	-3.193818e-06	-1.394662e-08	-2.325869e+01	-9.149720e+02
4.900000e-07	-3.112810e-06	-1.377425e-08	-2.266875e+01	-9.032090e+02
5.000000e-07	-3.030628e-06	-1.358422e-08	-2.207027e+01	-8.911608e+02
5.100000e-07	-2.947466e-06	-1.338546e-08	-2.146466e+01	-8.788242e+02
5.200000e-07	-2.863512e-06	-1.318664e-08	-2.085327e+01	-8.661963e+02
5.300000e-07	-2.778690e-06	-1.298771e-08	-2.023556e+01	-8.532738e+02
5.400000e-07	-2.692944e-06	-1.279218e-08	-1.961112e+01	-8.400537e+02
5.500000e-07	-2.606325e-06	-1.259098e-08	-1.898032e+01	-8.265328e+02
5.600000e-07	-2.518894e-06	-1.237384e-08	-1.834361e+01	-8.127075e+02
5.700000e-07	-2.430547e-06	-1.215273e-08	-1.770024e+01	-7.985742e+02
5.800000e-07	-2.341025e-06	-1.193857e-08	-1.704830e+01	-7.841286e+02
5.900000e-07	-2.250380e-06	-1.171646e-08	-1.638819e+01	-7.693659e+02
6.000000e-07	-2.158943e-06	-1.147875e-08	-1.572230e+01	-7.542809e+02
6.100000e-07	-2.066895e-06	-1.123897e-08	-1.505197e+01	-7.388683e+02
6.200000e-07	-1.974105e-06	-1.100181e-08	-1.437624e+01	-7.231230e+02
6.300000e-07	-1.880545e-06	-1.075696e-08	-1.369490e+01	-7.070409e+02
6.400000e-07	-1.786353e-06	-1.050655e-08	-1.300896e+01	-6.906188e+02
6.500000e-07	-1.691557e-06	-1.025213e-08	-1.231861e+01	-6.738546e+02
6.600000e-07	-1.596216e-06	-9.988587e-09	-1.162430e+01	-6.567468e+02
6.700000e-07	-1.500414e-06	-9.715224e-09	-1.092663e+01	-6.392935e+02
6.800000e-07	-1.404107e-06	-9.440621e-09	-1.022528e+01	-6.214916e+02
6.900000e-07	-1.307184e-06	-9.170359e-09	-9.519446e+00	-6.033360e+02
7.000000e-07	-1.209644e-06	-8.892037e-09	-8.809120e+00	-5.848193e+02
7.100000e-07	-1.111579e-06	-8.601630e-09	-8.094973e+00	-5.659320e+02
7.200000e-07	-1.013045e-06	-8.305313e-09	-7.377410e+00	-5.466631e+02
7.300000e-07	-9.141130e-07	-8.003537e-09	-6.656945e+00	-5.270022e+02
7.400000e-07	-8.148734e-07	-7.695053e-09	-5.934242e+00	-5.069403e+02
7.500000e-07	-7.153929e-07	-7.381784e-09	-5.209784e+00	-4.864712e+02
7.600000e-07	-6.156961e-07	-7.063067e-09	-4.483751e+00	-4.655920e+02
7.700000e-07	-5.158366e-07	-6.735124e-09	-3.756533e+00	-4.443026e+02
7.800000e-07	-4.158857e-07	-6.400782e-09	-3.028650e+00	-4.226042e+02
7.900000e-07	-3.158709e-07	-6.064794e-09	-2.300301e+00	-4.004978e+02
8.000000e-07	-2.157498e-07	-5.726092e-09	-1.571178e+00	-3.779813e+02
8.100000e-07	-1.155354e-07	-5.378600e-09	-8.413757e-01	-3.550489e+02
8.200000e-07	-1.530576e-08	-5.021916e-09	-1.114628e-01	-3.316895e+02
8.300000e-07	8.495255e-08	-4.658109e-09	6.186592e-01	-3.078873e+02
8.400000e-07	1.852225e-07	-4.286100e-09	1.348866e+00	-2.836228e+02
8.500000e-07	2.854385e-07	-3.907208e-09	2.078680e+00	-2.588738e+02
8.600000e-07	3.855992e-07	-3.521065e-09	2.808091e+00	-2.336167e+02
8.700000e-07	4.856926e-07	-3.125496e-09	3.537012e+00	-2.078265e+02
8.800000e-07	5.857094e-07	-2.720979e-09	4.265376e+00	-1.814755e+02
8.900000e-07	6.856305e-07	-2.309225e-09	4.993042e+00	-1.545313e+02
9.000000e-07	7.853464e-07	-1.890746e-09	5.719214e+00	-1.269540e+02
9.100000e-07	8.848061e-07	-1.463642e-09	6.443520e+00	-9.869387e+01
9.200000e-07	9.839590e-07	-1.023958e-09	7.165592e+00	-6.969087e+01
9.300000e-07	1.082689e-06	-5.689839e-10	7.884586e+00	-3.987673e+01
9.400000e-07	1.180866e-06	-9.816042e-11	8.599552e+00	-9.180472e+00
9.500000e-07	1.278462e-06	3.866866e-10	9.310286e+00	2.246293e+01
9.600000e-07	1.375501e-06	8.841102e-10	1.001696e+01	5.510144e+01
9.700000e-07	1.471919e-06	1.393963e-09	1.071912e+01	8.875402e+01
9.800000e-07	1.567742e-06	1.918266e-09	1.141694e+01	1.233999e+02
9.900000e-07	1.663016e-06	2.459074e-09	1.211076e+01	1.589707e+02
1.000000e-06	1.757703e-06	3.015287e-09	1.280031e+01	1.953479e+02
1.010000e-06	1.851786e-06	3.581206e-09	1.348547e+01	2.323651e+02
1.020000e-06	1.945200e-06	4.149635e-09	1.416574e+01	2.698163e+02
1.030000e-06	2.037930e-06	4.718381e-09	1.484104e+01	3.074686e+02
1.040000e-06	2.130047e-06	5.287372e-09	1.551187e+01	3.450769e+02
1.050000e-06	2.221558e-06	5.853025e-09	1.617829e+01	3.823994e+02
1.060000e-06	2.312242e-06	6.413912e-09	1.683869e+01	4.192118e+02
1.070000e-06	2.401855e-06	6.967238e-09	1.749129e+01	4.553170e+02
1.080000e-06	2.490456e-06	7.506796e-09	1.813652e+01	4.905516e+02
1.090000e-06	2.578156e-06	8.027617e-09	1.877518e+01	5.247880e+02
1.100000e-06	2.664972e-06	8.530976e-09	1.940741e+01	5.579321e+02
1.110000e-06	2.750911e-06	9.017317e-09	2.003326e+01	5.899197e+02
1.120000e-06	2.835983e-06	9.483970e-09	2.065279e+01	6.207117e+02
1.130000e-06	2.920201e-06	9.931197e-09	2.126610e+01	6.502888e+02
1.140000e-06	3.003569e-06	1.036022e-08	2.187322e+01	6.786481e+02
1.150000e-06	3.085934e-06	1.077283e-08	2.247303e+01	7.057999e+02
1.160000e-06	3.167105e-06	1.116853e-08	2.306415e+01	7.317663e+02
1.170000e-06	3.247128e-06	1.154762e-08	2.364691e+01	7.565789e+02
1.180000e-06	3.326004e-06	1.190861e-08	2.422132e+01	7.802779e+02
1.190000e-06	3.403677e-06	1.225116e-08	2.478697e+01	8.029090e+02
1.200000e-06	3.480184e-06	1.257682e-08	2.534413e+01	8.245211e+02
1.210000e-06	3.555457e-06	1.288919e-08	2.589229e+01	8.451630e+02
1.220000e-06	3.629208e-06	1.318823e-08	2.642938e+01	8.648806e+02
1.230000e-06	3.701366e-06	1.347274e-08	2.695486e+01	8.837150e+02
1.240000e-06	3.772160e-06	1.374262e-08	2.747041e+01	9.017021e+02
1.250000e-06	3.841673e-06	1.400156e-08	2.797663e+01	9.188732e+02
1.260000e-06	3.909930e-06	1.425195e-08	2.847371e+01	9.352569e+02
1.270000e-06	3.976897e-06	1.449097e-08	2.896139e+01	9.508813e+02
1.280000e-06	4.042274e-06	1.471661e-08	2.943750e+01	9.657761e+02
1.290000e-06	4.105994e-06	1.492903e-08	2.990153e+01	9.799738e+02
1.300000e-06	4.168271e-06	1.513145e-08	3.035505e+01	9.935091e+02
1.310000e-06	4.229200e-06	1.532392e-08	3.079877e+01	1.006418e+03
1.320000e-06	4.288829e-06	1.550696e-08	3.123301e+01	1.018734e+03
1.330000e-06	4.346949e-06	1.568218e-08	3.165626e+01	1.030488e+03
1.340000e-06	4.403308e-06	1.585249e-08	3.206669e+01	1.041703e+03
1.350000e-06	4.458010e-06	1.601747e-08	3.246506e+01	1.052396e+03
1.360000e-06	4.511130e-06	1.617604e-08	3.285189e+01	1.062576e+03
1.370000e-06	4.562413e-06	1.632579e-08	3.322536e+01	1.072251e+03
1.380000e-06	4.611668e-06	1.646631e-08	3.358405e+01	1.081424e+03
1.390000e-06	4.659111e-06	1.659878e-08	3.392955e+01	1.090102e+03
1.400000e-06	4.704961e-06	1.672152e-08	3.426345e+01	1.098294e+03
1.410000e-06	4.749319e-06	1.683571e-08	3.458649e+01	1.106017e+03
1.420000e-06	4.792061e-06	1.694514e-08	3.489775e+01	1.113291e+03
1.430000e-06	4.832889e-06	1.705043e-08	3.519508e+01	1.120140e+03
1.440000e-06	4.871971e-06	1.714825e-08	3.547969e+01	1.126588e+03
1.450000e-06	4.909499e-06	1.723980e-08	3.575298e+01	1.132657e+03
1.460000e-06	4.945472e-06	1.732574e-08	3.601495e+01	1.138368e+03
1.470000e-06	4.979680e-06	1.740624e-08	3.626407e+01	1.143734e+03
1.480000e-06	5.011974e-06	1.748142e-08	3.649925e+01	1.148764e+03
1.490000e-06	5.042550e-06	1.755045e-08	3.672192e+01	1.153466e+03
1.500000e-06	5.071491e-06	1.761574e-08	3.693267e+01	1.157843e+03
1.510000e-06	5.098784e-06	1.767653e-08	3.713143e+01	1.161900e+03
1.520000e-06	5.124135e-06	1.773165e-08	3.731605e+01	1.165642e+03
1.530000e-06	5.147446e-06	1.778191e-08	3.748581e+01	1.169072e+03
1.540000e-06	5.168976e-06	1.782690e-08	3.764260e+01	1.172196e+03
1.550000e-06	5.188830e-06	1.786882e-08	3.778718e+01	1.175016e+03
1.560000e-06	5.206857e-06	1.790729e-08	3.791846e+01	1.177531e+03
1.570000e-06	5.222961e-06	1.794041e-08	3.803574e+01	1.179739e+03
1.580000e-06	5.237178e-06	1.796852e-08	3.813928e+01	1.181636e+03
1.590000e-06	5.249422e-06	1.799223e-08	3.822844e+01	1.183219e+03
1.600000e-06	5.259516e-06	1.801147e-08	3.830195e+01	1.184491e+03
1.610000e-06	5.267528e-06	1.802563e-08	3.836029e+01	1.185458e+03
1.620000e-06	5.273694e-06	1.803373e-08	3.840520e+01	1.186134e+03
1.630000e-06	5.278109e-06	1.803876e-08	3.843735e+01	1.186541e+03
1.640000e-06	5.280671e-06	1.804247e-08	3.845601e+01	1.186701e+03
1.650000e-06	5.281219e-06	1.804378e-08	3.846000e+01	1.186640e+03
1.660000e-06	5.279914e-06	1.803903e-08	3.845050e+01	1.186374e+03
1.670000e-06	5.276976e-06	1.803025e-08	3.842910e+01	1.185914e+03
1.680000e-06	5.272508e-06	1.802083e-08	3.839656e+01	1.185257e+03
1.690000e-06	5.266246e-06	1.800994e-08	3.835096e+01	1.184389e+03
1.700000e-06	5.258103e-06	1.799514e-08	3.829166e+01	1.183290e+03
1.710000e-06	5.248415e-06	1.797594e-08	3.822111e+01	1.181940e+03
1.720000e-06	5.237127e-06	1.795713e-08	3.813890e+01	1.180323e+03
1.730000e-06	5.223962e-06	1.791533e-08	3.804303e+01	1.178437e+03
1.740000e-06	5.208709e-06	1.784783e-08	3.793195e+01	1.176297e+03
1.750000e-06	5.191136e-06	1.782306e-08	3.780398e+01	1.173934e+03
1.760000e-06	5.171049e-06	1.780370e-08	3.765770e+01	1.171394e+03
1.770000e-06	5.148580e-06	1.779890e-08	3.749407e+01	1.168729e+03
1.780000e-06	5.124685e-06	1.777700e-08	3.732005e+01	1.165988e+03
1.790000e-06	5.100147e-06	1.764110e-08	3.714136e+01	1.163207e+03
1.800000e-06	5.074303e-06	1.762971e-08	3.695315e+01	1.160400e+03
1.810000e-06	5.046583e-06	1.764348e-08	3.675128e+01	1.157557e+03
1.820000e-06	5.017352e-06	1.754515e-08	3.653841e+01	1.154640e+03
1.830000e-06	4.986237e-06	1.759126e-08	3.631182e+01	1.151594e+03
1.840000e-06	4.952977e-06	1.755838e-08	3.606961e+01	1.148349e+03
1.850000e-06	4.918175e-06	1.741339e-08	3.581616e+01	1.144835e+03
1.860000e-06	4.881703e-06	1.742091e-08	3.555056e+01	1.140991e+03
1.870000e-06	4.843234e-06	1.732676e-08	3.527041e+01	1.136775e+03
1.880000e-06	4.802969e-06	1.722498e-08	3.497718e+01	1.132166e+03
1.890000e-06	4.760884e-06	1.724042e-08	3.467071e+01	1.127166e+03
1.900000e-06	4.717211e-06	1.714029e-08	3.435266e+01	1.121797e+03
1.910000e-06	4.671945e-06	1.706050e-08	3.402301e+01	1.116092e+03
1.920000e-06	4.624789e-06	1.695564e-08	3.367961e+01	1.110090e+03
1.930000e-06	4.576059e-06	1.682913e-08	3.332473e+01	1.103825e+03
1.940000e-06	4.525677e-06	1.677571e-08	3.295783e+01	1.097323e+03
1.950000e-06	4.473429e-06	1.664439e-08	3.257734e+01	1.090597e+03
1.960000e-06	4.419188e-06	1.654986e-08	3.218234e+01	1.083649e+03
1.970000e-06	4.363105e-06	1.645491e-08	3.177392e+01	1.076472e+03
1.980000e-06	4.305531e-06	1.632496e-08	3.135464e+01	1.069056e+03
1.990000e-06	4.246497e-06	1.621832e-08	3.092473e+01	1.061387e+03
2.000000e-06	4.186191e-06	1.606301e-08	3.048556e+01	1.053456e+03
2.010000e-06	4.124283e-06	1.596826e-08	3.003471e+01	1.045258e+03
2.020000e-06	4.060589e-06	1.583826e-08	2.957087e+01	1.036795e+03
2.030000e-06	3.995462e-06	1.568570e-08	2.909659e+01	1.028071e+03
2.040000e-06	3.928899e-06	1.557922e-08	2.861185e+01	1.019092e+03
2.050000e-06	3.861148e-06	1.542257e-08	2.811846e+01	1.009867e+03
2.060000e-06	3.792026e-06	1.528580e-08	2.761508e+01	1.000398e+03
2.070000e-06	3.721165e-06	1.512605e-08	2.709905e+01	9.906874e+02
2.080000e-06	3.648966e-06	1.496239e-08	2.657326e+01	9.807332e+02
2.090000e-06	3.575628e-06	1.481067e-08	2.603919e+01	9.705302e+02
2.100000e-06	3.501090e-06	1.465628e-08	2.549637e+01	9.600722e+02
2.110000e-06	3.425251e-06	1.451803e-08	2.494408e+01	9.493520e+02
2.120000e-06	3.347937e-06	1.433545e-08	2.438105e+01	9.383632e+02
2.130000e-06	3.269150e-06	1.415633e-08	2.380729e+01	9.271002e+02
2.140000e-06	3.189159e-06	1.397359e-08	2.322476e+01	9.155583e+02
2.150000e-06	3.108110e-06	1.378979e-08	2.263453e+01	9.037338e+02
2.160000e-06	3.025955e-06	1.361669e-08	2.203624e+01	8.916233e+02
2.170000e-06	2.942810e-06	1.344489e-08	2.143075e+01	8.792239e+02
2.180000e-06	2.858745e-06	1.326440e-08	2.081855e+01	8.665324e+02
2.190000e-06	2.773618e-06	1.304220e-08	2.019862e+01	8.535457e+02
2.200000e-06	2.687164e-06	1.282926e-08	1.956903e+01	8.402608e+02
2.210000e-06	2.599558e-06	1.263376e-08	1.893104e+01	8.266742e+02
2.220000e-06	2.511143e-06	1.242892e-08	1.828717e+01	8.127826e+02
2.230000e-06	2.421845e-06	1.220383e-08	1.763686e+01	7.985820e+02
2.240000e-06	2.331690e-06	1.198032e-08	1.698032e+01	7.840682e+02
2.250000e-06	2.240824e-06	1.176639e-08	1.631860e+01	7.692362e+02
2.260000e-06	2.149325e-06	1.153269e-08	1.565226e+01	7.540808e+02
2.270000e-06	2.057261e-06	1.129378e-08	1.498182e+01	7.385966e+02
2.280000e-06	1.964478e-06	1.106013e-08	1.430613e+01	7.227787e+02
2.290000e-06	1.870768e-06	1.081092e-08	1.362370e+01	7.066233e+02
2.300000e-06	1.776137e-06	1.054640e-08	1.293456e+01	6.901274e+02
2.310000e-06	1.680748e-06	1.029394e-08	1.223989e+01	6.732890e+02
2.320000e-06	1.584823e-06	1.005082e-08	1.154133e+01	6.561067e+02
2.330000e-06	1.488481e-06	9.786157e-09	1.083973e+01	6.385783e+02
2.340000e-06	1.391707e-06	9.499494e-09	1.013498e+01	6.207004e+02
2.350000e-06	1.294505e-06	9.215401e-09	9.427113e+00	6.024675e+02
2.360000e-06	1.196879e-06	8.936158e-09	8.716166e+00	5.838715e+02
2.370000e-06	1.098821e-06	8.648813e-09	8.002066e+00	5.649027e+02
2.380000e-06	1.000382e-06	8.358494e-09	7.285193e+00	5.455500e+02
2.390000e-06	9.016486e-07	8.066576e-09	6.566174e+00	5.258031e+02
2.400000e-06	8.027335e-07	7.757528e-09	5.845834e+00	5.056536e+02
2.410000e-06	7.036475e-07	7.434318e-09	5.124249e+00	4.850961e+02
2.420000e-06	6.043521e-07	7.115506e-09	4.401139e+00	4.641282e+02
2.430000e-06	5.048585e-07	6.797458e-09	3.676586e+00	4.427504e+02
2.440000e-06	4.051694e-07	6.465614e-09	2.950610e+00	4.209639e+02
2.450000e-06	3.053734e-07	6.122312e-09	2.223854e+00	3.987692e+02
2.460000e-06	2.054812e-07	5.778582e-09	1.496398e+00	3.761636e+02
2.470000e-06	1.054725e-07	5.430611e-09	7.680940e-01	3.531401e+02
2.480000e-06	5.427141e-09	5.073019e-09	3.952266e-02	3.296866e+02
2.490000e-06	-9.462762e-08	4.708705e-09	-6.891171e-01	3.057864e+02
2.500000e-06	-1.946844e-07	4.336170e-09	-1.417771e+00	2.814193e+02
2.510000e-06	-2.946787e-07	3.955098e-09	-2.145971e+00	2.565628e+02
2.520000e-06	-3.945723e-07	3.570392e-09	-2.873437e+00	2.311929e+02
2.530000e-06	-4.943411e-07	3.183321e-09	-3.599994e+00	2.052843e+02
2.540000e-06	-5.939442e-07	2.784105e-09	-4.325344e+00	1.788084e+02
2.550000e-06	-6.933499e-07	2.366953e-09	-5.049258e+00	1.517316e+02
2.560000e-06	-7.925356e-07	1.938505e-09	-5.771568e+00	1.240118e+02
2.570000e-06	-8.914455e-07	1.504551e-09	-6.491871e+00	9.559719e+01
2.580000e-06	-9.900469e-07	1.061700e-09	-7.209927e+00	6.642563e+01
2.590000e-06	-1.088355e-06	6.051823e-10	-7.925843e+00	3.642770e+01
2.600000e-06	-1.186311e-06	1.339856e-10	-8.639203e+00	5.532869e+00
2.610000e-06	-1.283821e-06	-3.524867e-10	-9.349309e+00	-2.632123e+01
2.620000e-06	-1.380828e-06	-8.560897e-10	-1.005575e+01	-5.917734e+01
2.630000e-06	-1.477387e-06	-1.374528e-09	-1.075893e+01	-9.304673e+01
2.640000e-06	-1.573594e-06	-1.907157e-09	-1.145955e+01	-1.278989e+02
2.650000e-06	-1.669358e-06	-2.453810e-09	-1.215694e+01	-1.636549e+02
2.660000e-06	-1.764447e-06	-3.012804e-09	-1.284942e+01	-2.001854e+02
2.670000e-06	-1.858649e-06	-3.582285e-09	-1.353544e+01	-2.373148e+02
2.680000e-06	-1.951943e-06	-4.156231e-09	-1.421485e+01	-2.748301e+02
2.690000e-06	-2.044452e-06	-4.731500e-09	-1.488854e+01	-3.124944e+02
2.700000e-06	-2.136203e-06	-5.306353e-09	-1.555671e+01	-3.500621e+02
2.710000e-06	-2.227174e-06	-5.876320e-09	-1.621919e+01	-3.872941e+02
2.720000e-06	-2.317338e-06	-6.437487e-09	-1.687581e+01	-4.239711e+02
2.730000e-06	-2.406701e-06	-6.989123e-09	-1.752658e+01	-4.599029e+02
2.740000e-06	-2.495344e-06	-7.527978e-09	-1.817212e+01	-4.949339e+02
2.750000e-06	-2.583288e-06	-8.048857e-09	-1.881256e+01	-5.289438e+02
2.760000e-06	-2.670348e-06	-8.551009e-09	-1.944657e+01	-5.618452e+02
2.770000e-06	-2.756281e-06	-9.035772e-09	-2.007236e+01	-5.935799e+02
2.780000e-06	-2.841102e-06	-9.502973e-09	-2.069007e+01	-6.241132e+02
2.790000e-06	-2.924961e-06	-9.951346e-09	-2.130076e+01	-6.534298e+02
2.800000e-06	-3.007869e-06	-1.038088e-08	-2.190453e+01	-6.815298e+02
2.810000e-06	-3.089766e-06	-1.079335e-08	-2.250094e+01	-7.084260e+02
2.820000e-06	-3.170682e-06	-1.119018e-08	-2.309020e+01	-7.341428e+02
2.830000e-06	-3.250637e-06	-1.157140e-08	-2.367247e+01	-7.587139e+02
2.840000e-06	-3.329319e-06	-1.193426e-08	-2.424547e+01	-7.821807e+02
2.850000e-06	-3.406497e-06	-1.227692e-08	-2.480751e+01	-8.045900e+02
2.860000e-06	-3.482267e-06	-1.260217e-08	-2.535929e+01	-8.259909e+02
2.870000e-06	-3.556735e-06	-1.291288e-08	-2.590160e+01	-8.464317e+02
2.880000e-06	-3.629978e-06	-1.321096e-08	-2.643498e+01	-8.659574e+02
2.890000e-06	-3.701977e-06	-1.349817e-08	-2.695931e+01	-8.846081e+02
2.900000e-06	-3.772554e-06	-1.377354e-08	-2.747328e+01	-9.024185e+02
2.910000e-06	-3.841632e-06	-1.403742e-08	-2.797633e+01	-9.194193e+02
2.920000e-06	-3.909276e-06	-1.428802e-08	-2.846895e+01	-9.356386e+02
2.930000e-06	-3.975543e-06	-1.452535e-08	-2.895153e+01	-9.511047e+02
2.940000e-06	-4.040501e-06	-1.475252e-08	-2.942458e+01	-9.658480e+02
2.950000e-06	-4.104109e-06	-1.497076e-08	-2.988780e+01	-9.799014e+02
2.960000e-06	-4.166112e-06	-1.517946e-08	-3.033933e+01	-9.933001e+02
2.970000e-06	-4.226481e-06	-1.537554e-08	-3.077896e+01	-1.006080e+03
2.980000e-06	-4.285419e-06	-1.556098e-08	-3.120818e+01	-1.018274e+03
2.990000e-06	-4.342914e-06	-1.573953e-08	-3.162688e+01	-1.029911e+03
3.000000e-06	-4.398877e-06	-1.591205e-08	-3.203443e+01	-1.041014e+03
3.010000e-06	-4.453126e-06	-1.607564e-08	-3.242949e+01	-1.051597e+03
3.020000e-06	-4.505475e-06	-1.622880e-08	-3.281071e+01	-1.061670e+03
3.030000e-06	-4.555981e-06	-1.637244e-08	-3.317852e+01	-1.071237e+03
3.040000e-06	-4.604673e-06	-1.650945e-08	-3.353311e+01	-1.080304e+03
3.050000e-06	-4.651527e-06	-1.664084e-08	-3.387432e+01	-1.088877e+03
3.060000e-06	-4.696781e-06	-1.676255e-08	-3.420388e+01	-1.096969e+03
3.070000e-06	-4.740624e-06	-1.687459e-08	-3.452316e+01	-1.104594e+03
3.080000e-06	-4.782995e-06	-1.698472e-08	-3.483172e+01	-1.111775e+03
3.090000e-06	-4.823825e-06	-1.709408e-08	-3.512907e+01	-1.118537e+03
3.100000e-06	-4.863004e-06	-1.719573e-08	-3.541439e+01	-1.124902e+03
3.110000e-06	-4.900342e-06	-1.728787e-08	-3.568630e+01	-1.130894e+03
3.120000e-06	-4.935927e-06	-1.737424e-08	-3.594544e+01	-1.136531e+03
3.130000e-06	-4.969870e-06	-1.745544e-08	-3.619263e+01	-1.141825e+03
3.140000e-06	-5.002115e-06	-1.753125e-08	-3.642745e+01	-1.146785e+03
3.150000e-06	-5.032478e-06	-1.760246e-08	-3.664856e+01	-1.151418e+03
3.160000e-06	-5.060941e-06	-1.767068e-08	-3.685585e+01	-1.155726e+03
3.170000e-06	-5.087702e-06	-1.773348e-08	-3.705073e+01	-1.159716e+03
3.180000e-06	-5.112770e-06	-1.778919e-08	-3.723328e+01	-1.163391e+03
3.190000e-06	-5.136027e-06	-1.784166e-08	-3.740265e+01	-1.166757e+03
3.200000e-06	-5.157278e-06	-1.789137e-08	-3.755741e+01	-1.169816e+03
3.210000e-06	-5.176637e-06	-1.793644e-08	-3.769839e+01	-1.172571e+03
3.220000e-06	-5.194302e-06	-1.797402e-08	-3.782703e+01	-1.175021e+03
3.230000e-06	-5.210117e-06	-1.800574e-08	-3.794220e+01	-1.177163e+03
3.240000e-06	-5.223662e-06	-1.803408e-08	-3.804085e+01	-1.178994e+03
3.250000e-06	-5.235082e-06	-1.805840e-08	-3.812401e+01	-1.180511e+03
3.260000e-06	-5.244713e-06	-1.807761e-08	-3.819415e+01	-1.181718e+03
3.270000e-06	-5.252508e-06	-1.809173e-08	-3.825091e+01	-1.182621e+03
3.280000e-06	-5.258327e-06	-1.810235e-08	-3.829329e+01	-1.183239e+03
3.290000e-06	-5.262243e-06	-1.810907e-08	-3.832181e+01	-1.183591e+03
3.300000e-06	-5.264471e-06	-1.811019e-08	-3.833803e+01	-1.183703e+03
3.310000e-06	-5.265004e-06	-1.810795e-08	-3.834191e+01	-1.183597e+03
