# Temperatura_=_49.18
# Concentracion g/m^3_=_24000.0
# C_Vs_to_Am_M_A/Vsm_=_65563218390.804596
# pendiente_HvsI_1/m_=_3716.3
# ordenada_HvsI_A/m_=_1297.0
# frecuencia_Hz_=_301606.01502949157

Tiempo_(s)	Campo_(V.s)	Magnetizacion_(V.s)	Campo_(kA/m)	Magnetizacion_(A/m)
0.000000e+00	-5.270920e-06	-1.772728e-08	-3.833721e+01	-1.159111e+03
1.000000e-08	-5.268718e-06	-1.771915e-08	-3.832119e+01	-1.158719e+03
2.000000e-08	-5.264741e-06	-1.771190e-08	-3.829227e+01	-1.158131e+03
3.000000e-08	-5.259229e-06	-1.769953e-08	-3.825218e+01	-1.157333e+03
4.000000e-08	-5.252122e-06	-1.768339e-08	-3.820049e+01	-1.156308e+03
5.000000e-08	-5.243283e-06	-1.766405e-08	-3.813619e+01	-1.155037e+03
6.000000e-08	-5.232453e-06	-1.764468e-08	-3.805742e+01	-1.153507e+03
7.000000e-08	-5.219655e-06	-1.763430e-08	-3.796434e+01	-1.151719e+03
8.000000e-08	-5.204903e-06	-1.759425e-08	-3.785704e+01	-1.149689e+03
9.000000e-08	-5.187911e-06	-1.754109e-08	-3.773346e+01	-1.147449e+03
1.000000e-07	-5.168830e-06	-1.753202e-08	-3.759467e+01	-1.145040e+03
1.100000e-07	-5.147936e-06	-1.748783e-08	-3.744270e+01	-1.142510e+03
1.200000e-07	-5.125307e-06	-1.742650e-08	-3.727811e+01	-1.139902e+03
1.300000e-07	-5.101202e-06	-1.742532e-08	-3.710279e+01	-1.137247e+03
1.400000e-07	-5.075570e-06	-1.729777e-08	-3.691636e+01	-1.134554e+03
1.500000e-07	-5.048276e-06	-1.725666e-08	-3.671784e+01	-1.131813e+03
1.600000e-07	-5.019458e-06	-1.732668e-08	-3.650824e+01	-1.128989e+03
1.700000e-07	-4.989130e-06	-1.719043e-08	-3.628765e+01	-1.126034e+03
1.800000e-07	-4.956985e-06	-1.717040e-08	-3.605385e+01	-1.122890e+03
1.900000e-07	-4.922862e-06	-1.713963e-08	-3.580566e+01	-1.119498e+03
2.000000e-07	-4.887142e-06	-1.693124e-08	-3.554586e+01	-1.115812e+03
2.100000e-07	-4.849827e-06	-1.693294e-08	-3.527445e+01	-1.111798e+03
2.200000e-07	-4.810746e-06	-1.692177e-08	-3.499021e+01	-1.107440e+03
2.300000e-07	-4.769876e-06	-1.682048e-08	-3.469294e+01	-1.102739e+03
2.400000e-07	-4.727081e-06	-1.679618e-08	-3.438168e+01	-1.097708e+03
2.500000e-07	-4.682494e-06	-1.665131e-08	-3.405738e+01	-1.092368e+03
2.600000e-07	-4.636171e-06	-1.652235e-08	-3.372046e+01	-1.086741e+03
2.700000e-07	-4.588031e-06	-1.646003e-08	-3.337032e+01	-1.080846e+03
2.800000e-07	-4.537870e-06	-1.638301e-08	-3.300548e+01	-1.074697e+03
2.900000e-07	-4.485613e-06	-1.630261e-08	-3.262540e+01	-1.068300e+03
3.000000e-07	-4.431621e-06	-1.618503e-08	-3.223270e+01	-1.061657e+03
3.100000e-07	-4.376129e-06	-1.607380e-08	-3.182909e+01	-1.054767e+03
3.200000e-07	-4.318963e-06	-1.595792e-08	-3.141330e+01	-1.047629e+03
3.300000e-07	-4.260081e-06	-1.585673e-08	-3.098503e+01	-1.040242e+03
3.400000e-07	-4.199693e-06	-1.575095e-08	-3.054581e+01	-1.032608e+03
3.500000e-07	-4.137896e-06	-1.560435e-08	-3.009634e+01	-1.024729e+03
3.600000e-07	-4.074763e-06	-1.549299e-08	-2.963715e+01	-1.016611e+03
3.700000e-07	-4.010212e-06	-1.537313e-08	-2.916764e+01	-1.008252e+03
3.800000e-07	-3.944012e-06	-1.524835e-08	-2.868615e+01	-9.996545e+02
3.900000e-07	-3.876276e-06	-1.512775e-08	-2.819348e+01	-9.908130e+02
4.000000e-07	-3.807245e-06	-1.495623e-08	-2.769139e+01	-9.817226e+02
4.100000e-07	-3.736995e-06	-1.480242e-08	-2.718044e+01	-9.723770e+02
4.200000e-07	-3.665622e-06	-1.465721e-08	-2.666133e+01	-9.627708e+02
4.300000e-07	-3.592997e-06	-1.452463e-08	-2.613310e+01	-9.529009e+02
4.400000e-07	-3.518768e-06	-1.439191e-08	-2.559320e+01	-9.427663e+02
4.500000e-07	-3.443008e-06	-1.423396e-08	-2.504218e+01	-9.323680e+02
4.600000e-07	-3.365942e-06	-1.404553e-08	-2.448165e+01	-9.217077e+02
4.700000e-07	-3.287560e-06	-1.384897e-08	-2.391155e+01	-9.107858e+02
4.800000e-07	-3.207815e-06	-1.369509e-08	-2.333154e+01	-8.996005e+02
4.900000e-07	-3.126799e-06	-1.353769e-08	-2.274228e+01	-8.881469e+02
5.000000e-07	-3.044702e-06	-1.336178e-08	-2.214516e+01	-8.764174e+02
5.100000e-07	-2.961635e-06	-1.317474e-08	-2.154099e+01	-8.644028e+02
5.200000e-07	-2.877748e-06	-1.297933e-08	-2.093085e+01	-8.520943e+02
5.300000e-07	-2.792966e-06	-1.277442e-08	-2.031420e+01	-8.394853e+02
5.400000e-07	-2.707176e-06	-1.257643e-08	-1.969022e+01	-8.265722e+02
5.500000e-07	-2.620453e-06	-1.239039e-08	-1.905946e+01	-8.133553e+02
5.600000e-07	-2.532951e-06	-1.218515e-08	-1.842302e+01	-7.998371e+02
5.700000e-07	-2.444580e-06	-1.196163e-08	-1.778027e+01	-7.860212e+02
5.800000e-07	-2.355021e-06	-1.174441e-08	-1.712888e+01	-7.719100e+02
5.900000e-07	-2.264341e-06	-1.153480e-08	-1.646933e+01	-7.575029e+02
6.000000e-07	-2.172860e-06	-1.130671e-08	-1.580395e+01	-7.427951e+02
6.100000e-07	-2.080721e-06	-1.106771e-08	-1.513379e+01	-7.277785e+02
6.200000e-07	-1.987913e-06	-1.083438e-08	-1.445877e+01	-7.124427e+02
6.300000e-07	-1.894349e-06	-1.059691e-08	-1.377825e+01	-6.967769e+02
6.400000e-07	-1.800043e-06	-1.034846e-08	-1.309233e+01	-6.807725e+02
6.500000e-07	-1.705173e-06	-1.010412e-08	-1.240231e+01	-6.644244e+02
6.600000e-07	-1.609854e-06	-9.859165e-09	-1.170902e+01	-6.477315e+02
6.700000e-07	-1.513985e-06	-9.591590e-09	-1.101173e+01	-6.306957e+02
6.800000e-07	-1.417450e-06	-9.310754e-09	-1.030960e+01	-6.133202e+02
6.900000e-07	-1.320279e-06	-9.038169e-09	-9.602840e+00	-5.956072e+02
7.000000e-07	-1.222543e-06	-8.771697e-09	-8.891971e+00	-5.775551e+02
7.100000e-07	-1.124334e-06	-8.495516e-09	-8.177670e+00	-5.591581e+02
7.200000e-07	-1.025686e-06	-8.211102e-09	-7.460169e+00	-5.404058e+02
7.300000e-07	-9.267150e-07	-7.917774e-09	-6.740316e+00	-5.212847e+02
7.400000e-07	-8.274829e-07	-7.613320e-09	-6.018567e+00	-5.017808e+02
7.500000e-07	-7.279546e-07	-7.303731e-09	-5.294663e+00	-4.818822e+02
7.600000e-07	-6.282191e-07	-6.997070e-09	-4.569253e+00	-4.615813e+02
7.700000e-07	-5.283365e-07	-6.686868e-09	-3.842773e+00	-4.408755e+02
7.800000e-07	-4.283406e-07	-6.360711e-09	-3.115468e+00	-4.197665e+02
7.900000e-07	-3.282428e-07	-6.028691e-09	-2.387422e+00	-3.982584e+02
8.000000e-07	-2.280369e-07	-5.696360e-09	-1.658590e+00	-3.763540e+02
8.100000e-07	-1.277497e-07	-5.358757e-09	-9.291672e-01	-3.540524e+02
8.200000e-07	-2.741317e-08	-5.010736e-09	-1.993854e-01	-3.313464e+02
8.300000e-07	7.298174e-08	-4.655783e-09	5.308212e-01	-3.082216e+02
8.400000e-07	1.733822e-07	-4.296210e-09	1.261068e+00	-2.846569e+02
8.500000e-07	2.737237e-07	-3.929944e-09	1.990886e+00	-2.606266e+02
8.600000e-07	3.739887e-07	-3.558461e-09	2.720148e+00	-2.361025e+02
8.700000e-07	4.741295e-07	-3.179722e-09	3.448506e+00	-2.110554e+02
8.800000e-07	5.741507e-07	-2.790158e-09	4.175994e+00	-1.854562e+02
8.900000e-07	6.740588e-07	-2.387105e-09	4.902660e+00	-1.592741e+02
9.000000e-07	7.738348e-07	-1.974179e-09	5.628366e+00	-1.324747e+02
9.100000e-07	8.734616e-07	-1.555804e-09	6.352986e+00	-1.050166e+02
9.200000e-07	9.728420e-07	-1.130503e-09	7.075813e+00	-7.684962e+01
9.300000e-07	1.071840e-06	-6.944595e-10	7.795862e+00	-4.791429e+01
9.400000e-07	1.170341e-06	-2.425432e-10	8.512292e+00	-1.814552e+01
9.500000e-07	1.268245e-06	2.274150e-10	9.224384e+00	1.252074e+01
9.600000e-07	1.365527e-06	7.118819e-10	9.931944e+00	4.413743e+01
9.700000e-07	1.462189e-06	1.207028e-09	1.063500e+01	7.673449e+01
9.800000e-07	1.558233e-06	1.713830e-09	1.133356e+01	1.103071e+02
9.900000e-07	1.653659e-06	2.236316e-09	1.202763e+01	1.448063e+02
1.000000e-06	1.748441e-06	2.777358e-09	1.271701e+01	1.801339e+02
1.010000e-06	1.842650e-06	3.329505e-09	1.340223e+01	2.161430e+02
1.020000e-06	1.936290e-06	3.883100e-09	1.408330e+01	2.526444e+02
1.030000e-06	2.029254e-06	4.436817e-09	1.475946e+01	2.894181e+02
1.040000e-06	2.121581e-06	4.992709e-09	1.543099e+01	3.262276e+02
1.050000e-06	2.213332e-06	5.547923e-09	1.609832e+01	3.628363e+02
1.060000e-06	2.304328e-06	6.099309e-09	1.676017e+01	3.990210e+02
1.070000e-06	2.394275e-06	6.642496e-09	1.741438e+01	4.345841e+02
1.080000e-06	2.483112e-06	7.172523e-09	1.806053e+01	4.693599e+02
1.090000e-06	2.571047e-06	7.685020e-09	1.870010e+01	5.032171e+02
1.100000e-06	2.658138e-06	8.183691e-09	1.933355e+01	5.360575e+02
1.110000e-06	2.744313e-06	8.669394e-09	1.996033e+01	5.678119e+02
1.120000e-06	2.829573e-06	9.137234e-09	2.058045e+01	5.984350e+02
1.130000e-06	2.913958e-06	9.583227e-09	2.119422e+01	6.279005e+02
1.140000e-06	2.997537e-06	1.001027e-08	2.180211e+01	6.561969e+02
1.150000e-06	3.080161e-06	1.042299e-08	2.240307e+01	6.833256e+02
1.160000e-06	3.161662e-06	1.081887e-08	2.299585e+01	7.092988e+02
1.170000e-06	3.241988e-06	1.119702e-08	2.358009e+01	7.341388e+02
1.180000e-06	3.321081e-06	1.155885e-08	2.415536e+01	7.578773e+02
1.190000e-06	3.398992e-06	1.190487e-08	2.472204e+01	7.805527e+02
1.200000e-06	3.475702e-06	1.223368e-08	2.527997e+01	8.022087e+02
1.210000e-06	3.551116e-06	1.255002e-08	2.582848e+01	8.228907e+02
1.220000e-06	3.625090e-06	1.285162e-08	2.636652e+01	8.426428e+02
1.230000e-06	3.697578e-06	1.313548e-08	2.689375e+01	8.615058e+02
1.240000e-06	3.768689e-06	1.340386e-08	2.741097e+01	8.795160e+02
1.250000e-06	3.838499e-06	1.366280e-08	2.791872e+01	8.967052e+02
1.260000e-06	3.907036e-06	1.391281e-08	2.841721e+01	9.131024e+02
1.270000e-06	3.974199e-06	1.414973e-08	2.890571e+01	9.287355e+02
1.280000e-06	4.039826e-06	1.437536e-08	2.938304e+01	9.436334e+02
1.290000e-06	4.103862e-06	1.459092e-08	2.984879e+01	9.578271e+02
1.300000e-06	4.166410e-06	1.479371e-08	3.030373e+01	9.713499e+02
1.310000e-06	4.227602e-06	1.498578e-08	3.074880e+01	9.842358e+02
1.320000e-06	4.287464e-06	1.517148e-08	3.118419e+01	9.965178e+02
1.330000e-06	4.345819e-06	1.535166e-08	3.160863e+01	1.008226e+03
1.340000e-06	4.402467e-06	1.552234e-08	3.202065e+01	1.019383e+03
1.350000e-06	4.457461e-06	1.568171e-08	3.242064e+01	1.030009e+03
1.360000e-06	4.510866e-06	1.583478e-08	3.280907e+01	1.040114e+03
1.370000e-06	4.562488e-06	1.598103e-08	3.318454e+01	1.049709e+03
1.380000e-06	4.612083e-06	1.612035e-08	3.354526e+01	1.058799e+03
1.390000e-06	4.659777e-06	1.625260e-08	3.389215e+01	1.067393e+03
1.400000e-06	4.705847e-06	1.637683e-08	3.422724e+01	1.075504e+03
1.410000e-06	4.750420e-06	1.649281e-08	3.455143e+01	1.083147e+03
1.420000e-06	4.793412e-06	1.660005e-08	3.486413e+01	1.090341e+03
1.430000e-06	4.834556e-06	1.670234e-08	3.516338e+01	1.097111e+03
1.440000e-06	4.873897e-06	1.679866e-08	3.544952e+01	1.103477e+03
1.450000e-06	4.911652e-06	1.688709e-08	3.572413e+01	1.109461e+03
1.460000e-06	4.947841e-06	1.696980e-08	3.598735e+01	1.115081e+03
1.470000e-06	4.982327e-06	1.704813e-08	3.623817e+01	1.120350e+03
1.480000e-06	5.014954e-06	1.712345e-08	3.647548e+01	1.125279e+03
1.490000e-06	5.045799e-06	1.719475e-08	3.669983e+01	1.129876e+03
1.500000e-06	5.074961e-06	1.726083e-08	3.691193e+01	1.134149e+03
1.510000e-06	5.102427e-06	1.732110e-08	3.711170e+01	1.138105e+03
1.520000e-06	5.127971e-06	1.737500e-08	3.729749e+01	1.141751e+03
1.530000e-06	5.151487e-06	1.742435e-08	3.746853e+01	1.145096e+03
1.540000e-06	5.173249e-06	1.746994e-08	3.762681e+01	1.148142e+03
1.550000e-06	5.193353e-06	1.751049e-08	3.777304e+01	1.150895e+03
1.560000e-06	5.211640e-06	1.754476e-08	3.790605e+01	1.153352e+03
1.570000e-06	5.227990e-06	1.757302e-08	3.802497e+01	1.155510e+03
1.580000e-06	5.242402e-06	1.759781e-08	3.812978e+01	1.157366e+03
1.590000e-06	5.254844e-06	1.762105e-08	3.822028e+01	1.158917e+03
1.600000e-06	5.265173e-06	1.764257e-08	3.829541e+01	1.160163e+03
1.610000e-06	5.273357e-06	1.766068e-08	3.835493e+01	1.161115e+03
1.620000e-06	5.279646e-06	1.767145e-08	3.840068e+01	1.161786e+03
1.630000e-06	5.284244e-06	1.767600e-08	3.843412e+01	1.162197e+03
1.640000e-06	5.287030e-06	1.767589e-08	3.845438e+01	1.162371e+03
1.650000e-06	5.287802e-06	1.767260e-08	3.846000e+01	1.162331e+03
1.660000e-06	5.286761e-06	1.767068e-08	3.845242e+01	1.162091e+03
1.670000e-06	5.284080e-06	1.766305e-08	3.843293e+01	1.161657e+03
1.680000e-06	5.279745e-06	1.765453e-08	3.840139e+01	1.161025e+03
1.690000e-06	5.273651e-06	1.764557e-08	3.835707e+01	1.160180e+03
1.700000e-06	5.265729e-06	1.763154e-08	3.829945e+01	1.159102e+03
1.710000e-06	5.256207e-06	1.761065e-08	3.823019e+01	1.157776e+03
1.720000e-06	5.245103e-06	1.757501e-08	3.814943e+01	1.156190e+03
1.730000e-06	5.232200e-06	1.754260e-08	3.805558e+01	1.154347e+03
1.740000e-06	5.217253e-06	1.753729e-08	3.794687e+01	1.152269e+03
1.750000e-06	5.199956e-06	1.746667e-08	3.782106e+01	1.149987e+03
1.760000e-06	5.180111e-06	1.743607e-08	3.767672e+01	1.147548e+03
1.770000e-06	5.157901e-06	1.741035e-08	3.751519e+01	1.144997e+03
1.780000e-06	5.134116e-06	1.732984e-08	3.734218e+01	1.142377e+03
1.790000e-06	5.109552e-06	1.739811e-08	3.716353e+01	1.139713e+03
1.800000e-06	5.083851e-06	1.728720e-08	3.697659e+01	1.137011e+03
1.810000e-06	5.056314e-06	1.718580e-08	3.677631e+01	1.134255e+03
1.820000e-06	5.027099e-06	1.730376e-08	3.656381e+01	1.131407e+03
1.830000e-06	4.996102e-06	1.716032e-08	3.633837e+01	1.128416e+03
1.840000e-06	4.963044e-06	1.713153e-08	3.609792e+01	1.125222e+03
1.850000e-06	4.928326e-06	1.722733e-08	3.584540e+01	1.121771e+03
1.860000e-06	4.892034e-06	1.700416e-08	3.558144e+01	1.118016e+03
1.870000e-06	4.853824e-06	1.698031e-08	3.530352e+01	1.113928e+03
1.880000e-06	4.813771e-06	1.695124e-08	3.501220e+01	1.109495e+03
1.890000e-06	4.771917e-06	1.677581e-08	3.470779e+01	1.104721e+03
1.900000e-06	4.728367e-06	1.684481e-08	3.439103e+01	1.099622e+03
1.910000e-06	4.683310e-06	1.674139e-08	3.406332e+01	1.094218e+03
1.920000e-06	4.636439e-06	1.663847e-08	3.372241e+01	1.088532e+03
1.930000e-06	4.587810e-06	1.656629e-08	3.336872e+01	1.082581e+03
1.940000e-06	4.537542e-06	1.636456e-08	3.300310e+01	1.076378e+03
1.950000e-06	4.485466e-06	1.634167e-08	3.262433e+01	1.069927e+03
1.960000e-06	4.431483e-06	1.623267e-08	3.223170e+01	1.063231e+03
1.970000e-06	4.375625e-06	1.614208e-08	3.182542e+01	1.056287e+03
1.980000e-06	4.318177e-06	1.605921e-08	3.140758e+01	1.049095e+03
1.990000e-06	4.259242e-06	1.588125e-08	3.097893e+01	1.041654e+03
2.000000e-06	4.198952e-06	1.582661e-08	3.054042e+01	1.033967e+03
2.010000e-06	4.137224e-06	1.564600e-08	3.009145e+01	1.026036e+03
2.020000e-06	4.073750e-06	1.553353e-08	2.962978e+01	1.017865e+03
2.030000e-06	4.008673e-06	1.543552e-08	2.915645e+01	1.009455e+03
2.040000e-06	3.942157e-06	1.525728e-08	2.867266e+01	1.000805e+03
2.050000e-06	3.874372e-06	1.516992e-08	2.817964e+01	9.919099e+02
2.060000e-06	3.805316e-06	1.499842e-08	2.767737e+01	9.827647e+02
2.070000e-06	3.734623e-06	1.489407e-08	2.716320e+01	9.733630e+02
2.080000e-06	3.662490e-06	1.473252e-08	2.663855e+01	9.637000e+02
2.090000e-06	3.589172e-06	1.452206e-08	2.610528e+01	9.537727e+02
2.100000e-06	3.514641e-06	1.439426e-08	2.556319e+01	9.435808e+02
2.110000e-06	3.438816e-06	1.425762e-08	2.501169e+01	9.331257e+02
2.120000e-06	3.361513e-06	1.413556e-08	2.444944e+01	9.224087e+02
2.130000e-06	3.282767e-06	1.393121e-08	2.387669e+01	9.114300e+02
2.140000e-06	3.202782e-06	1.375220e-08	2.329493e+01	9.001871e+02
2.150000e-06	3.121668e-06	1.356862e-08	2.270496e+01	8.886744e+02
2.160000e-06	3.039474e-06	1.336298e-08	2.210714e+01	8.768840e+02
2.170000e-06	2.956292e-06	1.320764e-08	2.150212e+01	8.648065e+02
2.180000e-06	2.872169e-06	1.305238e-08	2.089027e+01	8.524335e+02
2.190000e-06	2.787069e-06	1.286382e-08	2.027131e+01	8.397588e+02
2.200000e-06	2.700746e-06	1.262401e-08	1.964345e+01	8.267799e+02
2.210000e-06	2.613176e-06	1.242510e-08	1.900653e+01	8.134975e+02
2.220000e-06	2.524692e-06	1.223571e-08	1.836295e+01	7.999146e+02
2.230000e-06	2.435401e-06	1.201494e-08	1.771350e+01	7.860348e+02
2.240000e-06	2.345258e-06	1.178959e-08	1.705786e+01	7.718597e+02
2.250000e-06	2.254354e-06	1.158383e-08	1.639669e+01	7.573880e+02
2.260000e-06	2.162830e-06	1.137129e-08	1.573100e+01	7.426142e+02
2.270000e-06	2.070700e-06	1.112472e-08	1.506091e+01	7.275296e+02
2.280000e-06	1.977822e-06	1.089373e-08	1.438538e+01	7.121232e+02
2.290000e-06	1.884061e-06	1.066223e-08	1.370342e+01	6.963849e+02
2.300000e-06	1.789363e-06	1.040194e-08	1.301465e+01	6.803066e+02
2.310000e-06	1.693928e-06	1.013868e-08	1.232052e+01	6.638839e+02
2.320000e-06	1.597996e-06	9.904623e-09	1.162277e+01	6.471166e+02
2.330000e-06	1.501592e-06	9.664208e-09	1.092160e+01	6.300072e+02
2.340000e-06	1.404778e-06	9.386992e-09	1.021743e+01	6.125587e+02
2.350000e-06	1.307542e-06	9.100859e-09	9.510201e+00	5.947726e+02
2.360000e-06	1.209825e-06	8.823478e-09	8.799475e+00	5.766467e+02
2.370000e-06	1.111692e-06	8.541277e-09	8.085717e+00	5.581739e+02
2.380000e-06	1.013226e-06	8.254143e-09	7.369543e+00	5.393431e+02
2.390000e-06	9.144988e-07	7.976359e-09	6.651464e+00	5.201405e+02
2.400000e-06	8.155056e-07	7.686108e-09	5.931452e+00	5.005523e+02
2.410000e-06	7.162411e-07	7.371383e-09	5.209467e+00	4.805674e+02
2.420000e-06	6.168210e-07	7.053093e-09	4.486350e+00	4.601791e+02
2.430000e-06	5.172779e-07	6.742345e-09	3.762339e+00	4.393861e+02
2.440000e-06	4.175679e-07	6.422224e-09	3.037115e+00	4.181906e+02
2.450000e-06	3.177378e-07	6.089387e-09	2.311016e+00	3.965967e+02
2.460000e-06	2.177922e-07	5.754878e-09	1.584077e+00	3.746069e+02
2.470000e-06	1.176790e-07	5.417137e-09	8.559196e-01	3.522189e+02
2.480000e-06	1.747225e-08	5.069771e-09	1.270817e-01	3.294240e+02
2.490000e-06	-8.270612e-08	4.715107e-09	-6.015499e-01	3.062063e+02
2.500000e-06	-1.828604e-07	4.354848e-09	-1.330006e+00	2.825435e+02
2.510000e-06	-2.829898e-07	3.983773e-09	-2.058282e+00	2.584092e+02
2.520000e-06	-3.830251e-07	3.605088e-09	-2.785873e+00	2.337748e+02
2.530000e-06	-4.829474e-07	3.224042e-09	-3.512642e+00	2.086112e+02
2.540000e-06	-5.827357e-07	2.837613e-09	-4.238437e+00	1.828892e+02
2.550000e-06	-6.823457e-07	2.436841e-09	-4.962934e+00	1.565773e+02
2.560000e-06	-7.816818e-07	2.023267e-09	-5.685440e+00	1.296399e+02
2.570000e-06	-8.806828e-07	1.600744e-09	-6.405508e+00	1.020338e+02
2.580000e-06	-9.793793e-07	1.165957e-09	-7.123361e+00	7.370683e+01
2.590000e-06	-1.077815e-06	7.202094e-10	-7.839320e+00	4.459786e+01
2.600000e-06	-1.175982e-06	2.642450e-10	-8.553318e+00	1.464133e+01
2.610000e-06	-1.273708e-06	-2.048030e-10	-9.264113e+00	-1.622535e+01
2.620000e-06	-1.370881e-06	-6.901861e-10	-9.970885e+00	-4.805124e+01
2.630000e-06	-1.467571e-06	-1.193302e-09	-1.067415e+01	-8.085976e+01
2.640000e-06	-1.563887e-06	-1.712336e-09	-1.137469e+01	-1.146373e+02
2.650000e-06	-1.659806e-06	-2.244296e-09	-1.207234e+01	-1.493246e+02
2.660000e-06	-1.755068e-06	-2.787132e-09	-1.276521e+01	-1.848128e+02
2.670000e-06	-1.849421e-06	-3.339659e-09	-1.345147e+01	-2.209452e+02
2.680000e-06	-1.942919e-06	-3.899299e-09	-1.413151e+01	-2.575249e+02
2.690000e-06	-2.035683e-06	-4.461276e-09	-1.480622e+01	-2.943270e+02
2.700000e-06	-2.127699e-06	-5.023452e-09	-1.547548e+01	-3.311138e+02
2.710000e-06	-2.218917e-06	-5.583909e-09	-1.613894e+01	-3.676503e+02
2.720000e-06	-2.309332e-06	-6.136963e-09	-1.679656e+01	-4.037181e+02
2.730000e-06	-2.398881e-06	-6.679870e-09	-1.744788e+01	-4.391259e+02
2.740000e-06	-2.487661e-06	-7.210085e-09	-1.809361e+01	-4.737153e+02
2.750000e-06	-2.575787e-06	-7.725841e-09	-1.873458e+01	-5.073625e+02
2.760000e-06	-2.663040e-06	-8.224906e-09	-1.936920e+01	-5.399757e+02
2.770000e-06	-2.749219e-06	-8.705290e-09	-1.999601e+01	-5.714914e+02
2.780000e-06	-2.834339e-06	-9.170845e-09	-2.061512e+01	-6.018687e+02
2.790000e-06	-2.918488e-06	-9.620483e-09	-2.122716e+01	-6.310848e+02
2.800000e-06	-3.001642e-06	-1.005022e-08	-2.183197e+01	-6.591311e+02
2.810000e-06	-3.083795e-06	-1.045972e-08	-2.242950e+01	-6.860114e+02
2.820000e-06	-3.164959e-06	-1.085097e-08	-2.301983e+01	-7.117402e+02
2.830000e-06	-3.245073e-06	-1.122756e-08	-2.360253e+01	-7.363419e+02
2.840000e-06	-3.323980e-06	-1.159093e-08	-2.417645e+01	-7.598497e+02
2.850000e-06	-3.401468e-06	-1.193715e-08	-2.474004e+01	-7.823035e+02
2.860000e-06	-3.477522e-06	-1.226457e-08	-2.529321e+01	-8.037476e+02
2.870000e-06	-3.552284e-06	-1.257560e-08	-2.583698e+01	-8.242273e+02
2.880000e-06	-3.625738e-06	-1.287497e-08	-2.637123e+01	-8.437863e+02
2.890000e-06	-3.697942e-06	-1.316360e-08	-2.689640e+01	-8.624643e+02
2.900000e-06	-3.768805e-06	-1.343864e-08	-2.741181e+01	-8.802966e+02
2.910000e-06	-3.838126e-06	-1.370144e-08	-2.791601e+01	-8.973143e+02
2.920000e-06	-3.906028e-06	-1.395130e-08	-2.840988e+01	-9.135460e+02
2.930000e-06	-3.972618e-06	-1.418869e-08	-2.889421e+01	-9.290197e+02
2.940000e-06	-4.037895e-06	-1.441517e-08	-2.936899e+01	-9.437646e+02
2.950000e-06	-4.101776e-06	-1.463347e-08	-2.983363e+01	-9.578124e+02
2.960000e-06	-4.164079e-06	-1.484314e-08	-3.028677e+01	-9.711964e+02
2.970000e-06	-4.224739e-06	-1.504052e-08	-3.072798e+01	-9.839508e+02
2.980000e-06	-4.283933e-06	-1.522658e-08	-3.115851e+01	-9.961081e+02
2.990000e-06	-4.341695e-06	-1.540372e-08	-3.157863e+01	-1.007697e+03
3.000000e-06	-4.397963e-06	-1.557328e-08	-3.198789e+01	-1.018740e+03
3.010000e-06	-4.452463e-06	-1.573311e-08	-3.238429e+01	-1.029253e+03
3.020000e-06	-4.505021e-06	-1.588280e-08	-3.276656e+01	-1.039250e+03
3.030000e-06	-4.555758e-06	-1.602474e-08	-3.313559e+01	-1.048736e+03
3.040000e-06	-4.604664e-06	-1.616236e-08	-3.349130e+01	-1.057720e+03
3.050000e-06	-4.651779e-06	-1.629629e-08	-3.383398e+01	-1.066210e+03
3.060000e-06	-4.697298e-06	-1.642099e-08	-3.416506e+01	-1.074219e+03
3.070000e-06	-4.741358e-06	-1.653457e-08	-3.448552e+01	-1.081765e+03
3.080000e-06	-4.783971e-06	-1.664332e-08	-3.479546e+01	-1.088867e+03
3.090000e-06	-4.825130e-06	-1.674821e-08	-3.509483e+01	-1.095549e+03
3.100000e-06	-4.864663e-06	-1.684569e-08	-3.538236e+01	-1.101832e+03
3.110000e-06	-4.902305e-06	-1.693539e-08	-3.565614e+01	-1.107738e+03
3.120000e-06	-4.938100e-06	-1.702087e-08	-3.591650e+01	-1.113282e+03
3.130000e-06	-4.972229e-06	-1.710244e-08	-3.616472e+01	-1.118478e+03
3.140000e-06	-5.004702e-06	-1.717617e-08	-3.640091e+01	-1.123335e+03
3.150000e-06	-5.035341e-06	-1.724491e-08	-3.662376e+01	-1.127863e+03
3.160000e-06	-5.064047e-06	-1.730973e-08	-3.683255e+01	-1.132068e+03
3.170000e-06	-5.090972e-06	-1.737164e-08	-3.702838e+01	-1.135958e+03
3.180000e-06	-5.116174e-06	-1.742715e-08	-3.721169e+01	-1.139540e+03
3.190000e-06	-5.139621e-06	-1.747786e-08	-3.738223e+01	-1.142820e+03
3.200000e-06	-5.161130e-06	-1.752487e-08	-3.753867e+01	-1.145805e+03
3.210000e-06	-5.180714e-06	-1.756706e-08	-3.768111e+01	-1.148495e+03
3.220000e-06	-5.198583e-06	-1.760389e-08	-3.781107e+01	-1.150889e+03
3.230000e-06	-5.214664e-06	-1.763433e-08	-3.792804e+01	-1.152983e+03
3.240000e-06	-5.228581e-06	-1.766102e-08	-3.802926e+01	-1.154774e+03
3.250000e-06	-5.240268e-06	-1.768607e-08	-3.811427e+01	-1.156260e+03
3.260000e-06	-5.250096e-06	-1.770814e-08	-3.818575e+01	-1.157443e+03
3.270000e-06	-5.258145e-06	-1.772443e-08	-3.824429e+01	-1.158333e+03
3.280000e-06	-5.264205e-06	-1.773461e-08	-3.828837e+01	-1.158947e+03
3.290000e-06	-5.268343e-06	-1.773898e-08	-3.831846e+01	-1.159306e+03
3.300000e-06	-5.270814e-06	-1.774074e-08	-3.833644e+01	-1.159434e+03
3.310000e-06	-5.271580e-06	-1.773738e-08	-3.834201e+01	-1.159350e+03
