# Temperatura_=_35.05
# Concentracion g/m^3_=_24000.0
# C_Vs_to_Am_M_A/Vsm_=_65563218390.804596
# pendiente_HvsI_1/m_=_3716.3
# ordenada_HvsI_A/m_=_1297.0
# frecuencia_Hz_=_301597.1147761239

Tiempo_(s)	Campo_(V.s)	Magnetizacion_(V.s)	Campo_(kA/m)	Magnetizacion_(A/m)
0.000000e+00	-5.265456e-06	-1.700504e-08	-3.833568e+01	-1.111681e+03
1.000000e-08	-5.262615e-06	-1.699680e-08	-3.831500e+01	-1.111288e+03
2.000000e-08	-5.258059e-06	-1.698787e-08	-3.828183e+01	-1.110706e+03
3.000000e-08	-5.251943e-06	-1.697639e-08	-3.823730e+01	-1.109917e+03
4.000000e-08	-5.244254e-06	-1.695924e-08	-3.818132e+01	-1.108896e+03
5.000000e-08	-5.234752e-06	-1.693641e-08	-3.811214e+01	-1.107622e+03
6.000000e-08	-5.223269e-06	-1.690915e-08	-3.802853e+01	-1.106084e+03
7.000000e-08	-5.209934e-06	-1.687867e-08	-3.793145e+01	-1.104286e+03
8.000000e-08	-5.194485e-06	-1.688165e-08	-3.781897e+01	-1.102253e+03
9.000000e-08	-5.176793e-06	-1.686786e-08	-3.769016e+01	-1.100023e+03
1.000000e-07	-5.157122e-06	-1.680896e-08	-3.754695e+01	-1.097650e+03
1.100000e-07	-5.135645e-06	-1.676674e-08	-3.739058e+01	-1.095185e+03
1.200000e-07	-5.112545e-06	-1.668407e-08	-3.722240e+01	-1.092672e+03
1.300000e-07	-5.088034e-06	-1.660474e-08	-3.704395e+01	-1.090137e+03
1.400000e-07	-5.061927e-06	-1.665007e-08	-3.685387e+01	-1.087579e+03
1.500000e-07	-5.034097e-06	-1.656577e-08	-3.665125e+01	-1.084973e+03
1.600000e-07	-5.004809e-06	-1.650217e-08	-3.643802e+01	-1.082270e+03
1.700000e-07	-4.974007e-06	-1.656026e-08	-3.621376e+01	-1.079407e+03
1.800000e-07	-4.941259e-06	-1.641577e-08	-3.597533e+01	-1.076316e+03
1.900000e-07	-4.906645e-06	-1.632032e-08	-3.572332e+01	-1.072936e+03
2.000000e-07	-4.870472e-06	-1.632345e-08	-3.545996e+01	-1.069222e+03
2.100000e-07	-4.832583e-06	-1.622490e-08	-3.518411e+01	-1.065152e+03
2.200000e-07	-4.792997e-06	-1.619606e-08	-3.489589e+01	-1.060724e+03
2.300000e-07	-4.751582e-06	-1.615252e-08	-3.459437e+01	-1.055956e+03
2.400000e-07	-4.708245e-06	-1.601891e-08	-3.427885e+01	-1.050880e+03
2.500000e-07	-4.663148e-06	-1.592943e-08	-3.395051e+01	-1.045531e+03
2.600000e-07	-4.616256e-06	-1.582119e-08	-3.360912e+01	-1.039939e+03
2.700000e-07	-4.567526e-06	-1.576508e-08	-3.325433e+01	-1.034129e+03
2.800000e-07	-4.516759e-06	-1.570108e-08	-3.288472e+01	-1.028113e+03
2.900000e-07	-4.463994e-06	-1.557529e-08	-3.250056e+01	-1.021892e+03
3.000000e-07	-4.409532e-06	-1.546734e-08	-3.210404e+01	-1.015459e+03
3.100000e-07	-4.353485e-06	-1.537900e-08	-3.169598e+01	-1.008802e+03
3.200000e-07	-4.295764e-06	-1.529364e-08	-3.127574e+01	-1.001910e+03
3.300000e-07	-4.236404e-06	-1.516838e-08	-3.084356e+01	-9.947750e+02
3.400000e-07	-4.175619e-06	-1.505185e-08	-3.040101e+01	-9.873920e+02
3.500000e-07	-4.113440e-06	-1.494360e-08	-2.994832e+01	-9.797617e+02
3.600000e-07	-4.049880e-06	-1.480861e-08	-2.948556e+01	-9.718872e+02
3.700000e-07	-3.984892e-06	-1.469855e-08	-2.901240e+01	-9.637726e+02
3.800000e-07	-3.918256e-06	-1.458685e-08	-2.852726e+01	-9.554209e+02
3.900000e-07	-3.850081e-06	-1.444792e-08	-2.803090e+01	-9.468335e+02
4.000000e-07	-3.780692e-06	-1.429517e-08	-2.752571e+01	-9.380095e+02
4.100000e-07	-3.710136e-06	-1.414686e-08	-2.701202e+01	-9.289465e+02
4.200000e-07	-3.638428e-06	-1.402682e-08	-2.648994e+01	-9.196417e+02
4.300000e-07	-3.565410e-06	-1.389195e-08	-2.595832e+01	-9.100926e+02
4.400000e-07	-3.490794e-06	-1.373934e-08	-2.541508e+01	-9.002973e+02
4.500000e-07	-3.414687e-06	-1.357230e-08	-2.486097e+01	-8.902546e+02
4.600000e-07	-3.337226e-06	-1.339757e-08	-2.429701e+01	-8.799626e+02
4.700000e-07	-3.258461e-06	-1.323916e-08	-2.372356e+01	-8.694183e+02
4.800000e-07	-3.178435e-06	-1.308858e-08	-2.314092e+01	-8.586169e+02
4.900000e-07	-3.097200e-06	-1.293637e-08	-2.254948e+01	-8.475513e+02
5.000000e-07	-3.014866e-06	-1.275682e-08	-2.195004e+01	-8.362135e+02
5.100000e-07	-2.931592e-06	-1.256602e-08	-2.134375e+01	-8.245952e+02
5.200000e-07	-2.847443e-06	-1.237471e-08	-2.073109e+01	-8.126897e+02
5.300000e-07	-2.762382e-06	-1.218557e-08	-2.011180e+01	-8.004930e+02
5.400000e-07	-2.676418e-06	-1.200536e-08	-1.948593e+01	-7.880041e+02
5.500000e-07	-2.589588e-06	-1.181620e-08	-1.885376e+01	-7.752242e+02
5.600000e-07	-2.501899e-06	-1.161158e-08	-1.821533e+01	-7.621561e+02
5.700000e-07	-2.413244e-06	-1.139925e-08	-1.756986e+01	-7.488017e+02
5.800000e-07	-2.323496e-06	-1.119357e-08	-1.691645e+01	-7.351604e+02
5.900000e-07	-2.232746e-06	-1.098448e-08	-1.625573e+01	-7.212281e+02
6.000000e-07	-2.141178e-06	-1.076267e-08	-1.558906e+01	-7.069975e+02
6.100000e-07	-2.048876e-06	-1.053469e-08	-1.491705e+01	-6.924586e+02
6.200000e-07	-1.955857e-06	-1.030718e-08	-1.423981e+01	-6.776016e+02
6.300000e-07	-1.862127e-06	-1.007558e-08	-1.355740e+01	-6.624182e+02
6.400000e-07	-1.767776e-06	-9.839779e-09	-1.287047e+01	-6.469045e+02
6.500000e-07	-1.672879e-06	-9.602873e-09	-1.217956e+01	-6.310606e+02
6.600000e-07	-1.577445e-06	-9.355143e-09	-1.148475e+01	-6.148912e+02
6.700000e-07	-1.481476e-06	-9.094705e-09	-1.078603e+01	-5.984028e+02
6.800000e-07	-1.384907e-06	-8.831554e-09	-1.008295e+01	-5.816016e+02
6.900000e-07	-1.287715e-06	-8.575159e-09	-9.375340e+00	-5.644905e+02
7.000000e-07	-1.189992e-06	-8.315930e-09	-8.663859e+00	-5.470678e+02
7.100000e-07	-1.091856e-06	-8.046477e-09	-7.949370e+00	-5.293260e+02
7.200000e-07	-9.933542e-07	-7.767925e-09	-7.232215e+00	-5.112534e+02
7.300000e-07	-8.944770e-07	-7.481458e-09	-6.512330e+00	-4.928364e+02
7.400000e-07	-7.953151e-07	-7.191324e-09	-5.790372e+00	-4.740629e+02
7.500000e-07	-6.958984e-07	-6.899998e-09	-5.066558e+00	-4.549247e+02
7.600000e-07	-5.962024e-07	-6.605394e-09	-4.340712e+00	-4.354194e+02
7.700000e-07	-4.963057e-07	-6.301668e-09	-3.613403e+00	-4.155503e+02
7.800000e-07	-3.962335e-07	-5.989654e-09	-2.884818e+00	-3.953245e+02
7.900000e-07	-2.960552e-07	-5.673458e-09	-2.155460e+00	-3.747497e+02
8.000000e-07	-1.958187e-07	-5.355625e-09	-1.425678e+00	-3.538302e+02
8.100000e-07	-9.546289e-08	-5.033300e-09	-6.950272e-01	-3.325635e+02
8.200000e-07	4.961654e-09	-4.704506e-09	3.612382e-02	-3.109388e+02
8.300000e-07	1.053712e-07	-4.368785e-09	7.671654e-01	-2.889371e+02
8.400000e-07	2.057495e-07	-4.023629e-09	1.497980e+00	-2.665329e+02
8.500000e-07	3.060877e-07	-3.672542e-09	2.228502e+00	-2.436978e+02
8.600000e-07	4.063778e-07	-3.318527e-09	2.958674e+00	-2.204040e+02
8.700000e-07	5.065674e-07	-2.958110e-09	3.688115e+00	-1.966269e+02
8.800000e-07	6.065981e-07	-2.586559e-09	4.416398e+00	-1.723460e+02
8.900000e-07	7.064878e-07	-2.204673e-09	5.143656e+00	-1.475429e+02
9.000000e-07	8.061807e-07	-1.818123e-09	5.869480e+00	-1.221990e+02
9.100000e-07	9.055368e-07	-1.427364e-09	6.592852e+00	-9.629054e+01
9.200000e-07	1.004492e-06	-1.026481e-09	7.313304e+00	-6.978558e+01
9.300000e-07	1.103068e-06	-6.125443e-10	8.031001e+00	-4.264252e+01
9.400000e-07	1.201271e-06	-1.866382e-10	8.745977e+00	-1.481181e+01
9.500000e-07	1.298984e-06	2.522752e-10	9.457385e+00	1.375865e+01
9.600000e-07	1.396071e-06	7.002814e-10	1.016424e+01	4.311502e+01
9.700000e-07	1.492424e-06	1.156282e-09	1.086574e+01	7.328730e+01
9.800000e-07	1.588099e-06	1.624750e-09	1.156231e+01	1.042791e+02
9.900000e-07	1.683220e-06	2.108739e-09	1.225485e+01	1.360594e+02
1.000000e-06	1.777845e-06	2.607244e-09	1.294378e+01	1.685584e+02
1.010000e-06	1.871893e-06	3.113395e-09	1.362850e+01	2.016673e+02
1.020000e-06	1.965243e-06	3.622421e-09	1.430815e+01	2.352438e+02
1.030000e-06	2.057923e-06	4.135423e-09	1.498292e+01	2.691205e+02
1.040000e-06	2.149978e-06	4.651228e-09	1.565313e+01	3.031160e+02
1.050000e-06	2.241353e-06	5.166979e-09	1.631840e+01	3.370467e+02
1.060000e-06	2.331911e-06	5.681072e-09	1.697771e+01	3.707361e+02
1.070000e-06	2.421499e-06	6.190774e-09	1.762997e+01	4.040227e+02
1.080000e-06	2.509951e-06	6.691350e-09	1.827395e+01	4.367638e+02
1.090000e-06	2.597400e-06	7.177338e-09	1.891063e+01	4.688371e+02
1.100000e-06	2.684047e-06	7.652453e-09	1.954147e+01	5.001397e+02
1.110000e-06	2.769830e-06	8.117026e-09	2.016602e+01	5.305861e+02
1.120000e-06	2.854746e-06	8.566328e-09	2.078426e+01	5.601069e+02
1.130000e-06	2.938815e-06	8.998053e-09	2.139634e+01	5.886471e+02
1.140000e-06	3.021999e-06	9.414953e-09	2.200197e+01	6.161665e+02
1.150000e-06	3.104163e-06	9.818304e-09	2.260017e+01	6.426395e+02
1.160000e-06	3.185097e-06	1.020399e-08	2.318942e+01	6.680559e+02
1.170000e-06	3.264813e-06	1.057401e-08	2.376980e+01	6.924203e+02
1.180000e-06	3.343388e-06	1.092966e-08	2.434187e+01	7.157505e+02
1.190000e-06	3.420836e-06	1.126883e-08	2.490574e+01	7.380748e+02
1.200000e-06	3.497080e-06	1.159108e-08	2.546084e+01	7.594279e+02
1.210000e-06	3.572005e-06	1.190083e-08	2.600634e+01	7.798472e+02
1.220000e-06	3.645417e-06	1.219913e-08	2.654083e+01	7.993690e+02
1.230000e-06	3.717273e-06	1.248232e-08	2.706398e+01	8.180268e+02
1.240000e-06	3.787816e-06	1.274940e-08	2.757757e+01	8.358498e+02
1.250000e-06	3.857122e-06	1.300519e-08	2.808216e+01	8.528648e+02
1.260000e-06	3.925143e-06	1.325189e-08	2.857740e+01	8.690976e+02
1.270000e-06	3.991816e-06	1.348624e-08	2.906281e+01	8.845749e+02
1.280000e-06	4.056841e-06	1.371047e-08	2.953624e+01	8.993266e+02
1.290000e-06	4.120251e-06	1.392440e-08	2.999790e+01	9.133853e+02
1.300000e-06	4.182285e-06	1.412589e-08	3.044954e+01	9.267857e+02
1.310000e-06	4.242956e-06	1.431790e-08	3.089127e+01	9.395622e+02
1.320000e-06	4.302306e-06	1.450193e-08	3.132337e+01	9.517460e+02
1.330000e-06	4.360066e-06	1.467767e-08	3.174390e+01	9.633630e+02
1.340000e-06	4.416075e-06	1.484554e-08	3.215168e+01	9.744324e+02
1.350000e-06	4.470492e-06	1.500576e-08	3.254787e+01	9.849668e+02
1.360000e-06	4.523297e-06	1.515933e-08	3.293232e+01	9.949741e+02
1.370000e-06	4.574235e-06	1.530533e-08	3.330317e+01	1.004460e+03
1.380000e-06	4.623226e-06	1.544330e-08	3.365986e+01	1.013433e+03
1.390000e-06	4.670430e-06	1.557257e-08	3.400353e+01	1.021903e+03
1.400000e-06	4.715986e-06	1.569197e-08	3.433521e+01	1.029887e+03
1.410000e-06	4.760019e-06	1.580214e-08	3.465580e+01	1.037407e+03
1.420000e-06	4.802414e-06	1.590747e-08	3.496446e+01	1.044487e+03
1.430000e-06	4.842947e-06	1.601084e-08	3.525957e+01	1.051154e+03
1.440000e-06	4.881722e-06	1.610735e-08	3.554187e+01	1.057431e+03
1.450000e-06	4.918909e-06	1.619466e-08	3.581261e+01	1.063336e+03
1.460000e-06	4.954531e-06	1.627663e-08	3.607196e+01	1.068886e+03
1.470000e-06	4.988391e-06	1.635504e-08	3.631848e+01	1.074088e+03
1.480000e-06	5.020377e-06	1.642887e-08	3.655136e+01	1.078950e+03
1.490000e-06	5.050635e-06	1.649640e-08	3.677166e+01	1.083477e+03
1.500000e-06	5.079248e-06	1.655955e-08	3.697998e+01	1.087676e+03
1.510000e-06	5.106077e-06	1.661885e-08	3.717531e+01	1.091555e+03
1.520000e-06	5.130931e-06	1.667198e-08	3.735626e+01	1.095123e+03
1.530000e-06	5.153883e-06	1.672043e-08	3.752336e+01	1.098388e+03
1.540000e-06	5.175094e-06	1.676440e-08	3.767780e+01	1.101358e+03
1.550000e-06	5.194586e-06	1.680421e-08	3.781971e+01	1.104035e+03
1.560000e-06	5.212142e-06	1.683804e-08	3.794752e+01	1.106417e+03
1.570000e-06	5.227757e-06	1.686494e-08	3.806121e+01	1.108500e+03
1.580000e-06	5.241568e-06	1.688951e-08	3.816177e+01	1.110278e+03
1.590000e-06	5.253385e-06	1.691293e-08	3.824780e+01	1.111748e+03
1.600000e-06	5.262976e-06	1.693179e-08	3.831763e+01	1.112913e+03
1.610000e-06	5.270510e-06	1.694567e-08	3.837248e+01	1.113785e+03
1.620000e-06	5.276220e-06	1.695461e-08	3.841405e+01	1.114383e+03
1.630000e-06	5.280207e-06	1.695839e-08	3.844308e+01	1.114733e+03
1.640000e-06	5.282362e-06	1.696017e-08	3.845876e+01	1.114861e+03
1.650000e-06	5.282531e-06	1.696068e-08	3.846000e+01	1.114792e+03
1.660000e-06	5.280903e-06	1.695652e-08	3.844815e+01	1.114540e+03
1.670000e-06	5.277691e-06	1.695015e-08	3.842476e+01	1.114107e+03
1.680000e-06	5.272849e-06	1.694163e-08	3.838951e+01	1.113482e+03
1.690000e-06	5.266140e-06	1.693152e-08	3.834066e+01	1.112644e+03
1.700000e-06	5.257671e-06	1.691777e-08	3.827900e+01	1.111570e+03
1.710000e-06	5.247628e-06	1.690075e-08	3.820588e+01	1.110240e+03
1.720000e-06	5.235924e-06	1.688914e-08	3.812067e+01	1.108644e+03
1.730000e-06	5.222348e-06	1.683311e-08	3.802183e+01	1.106793e+03
1.740000e-06	5.206648e-06	1.677041e-08	3.790753e+01	1.104712e+03
1.750000e-06	5.188567e-06	1.675638e-08	3.777588e+01	1.102447e+03
1.760000e-06	5.167946e-06	1.672352e-08	3.762575e+01	1.100049e+03
1.770000e-06	5.145129e-06	1.673869e-08	3.745963e+01	1.097570e+03
1.780000e-06	5.121134e-06	1.670892e-08	3.728493e+01	1.095050e+03
1.790000e-06	5.096388e-06	1.657943e-08	3.710476e+01	1.092510e+03
1.800000e-06	5.070133e-06	1.662244e-08	3.691361e+01	1.089945e+03
1.810000e-06	5.042072e-06	1.657755e-08	3.670931e+01	1.087322e+03
1.820000e-06	5.012426e-06	1.645886e-08	3.649347e+01	1.084590e+03
1.830000e-06	4.980838e-06	1.654333e-08	3.626349e+01	1.081683e+03
1.840000e-06	4.947268e-06	1.646998e-08	3.601908e+01	1.078534e+03
1.850000e-06	4.912117e-06	1.635311e-08	3.576316e+01	1.075084e+03
1.860000e-06	4.875179e-06	1.635503e-08	3.549423e+01	1.071295e+03
1.870000e-06	4.836304e-06	1.621390e-08	3.521120e+01	1.067147e+03
1.880000e-06	4.795647e-06	1.617370e-08	3.491519e+01	1.062643e+03
1.890000e-06	4.753166e-06	1.615079e-08	3.460590e+01	1.057806e+03
1.900000e-06	4.709132e-06	1.605010e-08	3.428531e+01	1.052668e+03
1.910000e-06	4.663455e-06	1.605784e-08	3.395275e+01	1.047263e+03
1.920000e-06	4.615985e-06	1.588420e-08	3.360714e+01	1.041623e+03
1.930000e-06	4.566995e-06	1.575567e-08	3.325047e+01	1.035768e+03
1.940000e-06	4.516322e-06	1.573328e-08	3.288154e+01	1.029707e+03
1.950000e-06	4.463728e-06	1.560475e-08	3.249862e+01	1.023441e+03
1.960000e-06	4.409070e-06	1.553490e-08	3.210067e+01	1.016960e+03
1.970000e-06	4.352642e-06	1.541423e-08	3.168985e+01	1.010253e+03
1.980000e-06	4.294799e-06	1.531031e-08	3.126872e+01	1.003309e+03
1.990000e-06	4.235531e-06	1.520729e-08	3.083721e+01	9.961201e+02
2.000000e-06	4.174850e-06	1.505479e-08	3.039542e+01	9.886833e+02
2.010000e-06	4.112516e-06	1.499050e-08	2.994159e+01	9.809997e+02
2.020000e-06	4.048502e-06	1.484574e-08	2.947553e+01	9.730728e+02
2.030000e-06	3.983040e-06	1.471154e-08	2.899892e+01	9.649065e+02
2.040000e-06	3.916158e-06	1.458847e-08	2.851198e+01	9.565037e+02
2.050000e-06	3.848029e-06	1.444809e-08	2.801596e+01	9.478651e+02
2.060000e-06	3.778474e-06	1.434638e-08	2.750956e+01	9.389894e+02
2.070000e-06	3.707359e-06	1.417816e-08	2.699180e+01	9.298742e+02
2.080000e-06	3.634961e-06	1.403679e-08	2.646470e+01	9.205165e+02
2.090000e-06	3.561318e-06	1.387863e-08	2.592853e+01	9.109142e+02
2.100000e-06	3.486447e-06	1.373692e-08	2.538343e+01	9.010653e+02
2.110000e-06	3.410290e-06	1.361823e-08	2.482896e+01	8.909687e+02
2.120000e-06	3.332665e-06	1.345213e-08	2.426380e+01	8.806223e+02
2.130000e-06	3.253590e-06	1.328473e-08	2.368809e+01	8.700228e+02
2.140000e-06	3.173300e-06	1.308871e-08	2.310353e+01	8.591648e+02
2.150000e-06	3.091914e-06	1.291909e-08	2.251099e+01	8.480409e+02
2.160000e-06	3.009441e-06	1.275453e-08	2.191054e+01	8.366430e+02
2.170000e-06	2.926040e-06	1.260173e-08	2.130333e+01	8.249630e+02
2.180000e-06	2.841702e-06	1.243605e-08	2.068930e+01	8.129947e+02
2.190000e-06	2.756216e-06	1.222008e-08	2.006691e+01	8.007347e+02
2.200000e-06	2.669526e-06	1.201767e-08	1.943575e+01	7.881826e+02
2.210000e-06	2.581817e-06	1.182764e-08	1.879718e+01	7.753401e+02
2.220000e-06	2.493246e-06	1.164195e-08	1.815233e+01	7.622099e+02
2.230000e-06	2.403797e-06	1.143103e-08	1.750108e+01	7.487935e+02
2.240000e-06	2.313509e-06	1.121841e-08	1.684373e+01	7.350896e+02
2.250000e-06	2.222494e-06	1.101240e-08	1.618109e+01	7.210935e+02
2.260000e-06	2.130854e-06	1.079244e-08	1.551390e+01	7.067970e+02
2.270000e-06	2.038548e-06	1.057062e-08	1.484186e+01	6.921902e+02
2.280000e-06	1.945437e-06	1.035286e-08	1.416395e+01	6.772631e+02
2.290000e-06	1.851407e-06	1.012185e-08	1.347935e+01	6.620085e+02
2.300000e-06	1.756588e-06	9.868835e-09	1.278901e+01	6.464232e+02
2.310000e-06	1.661218e-06	9.626945e-09	1.209467e+01	6.305085e+02
2.320000e-06	1.565304e-06	9.397271e-09	1.139635e+01	6.142694e+02
2.330000e-06	1.468815e-06	9.151518e-09	1.069386e+01	5.977129e+02
2.340000e-06	1.371876e-06	8.881055e-09	9.988081e+00	5.808445e+02
2.350000e-06	1.274562e-06	8.610465e-09	9.279577e+00	5.636664e+02
2.360000e-06	1.176803e-06	8.346475e-09	8.567830e+00	5.461754e+02
2.370000e-06	1.078626e-06	8.077217e-09	7.853045e+00	5.283631e+02
2.380000e-06	9.801611e-07	7.808110e-09	7.136162e+00	5.102172e+02
2.390000e-06	8.814261e-07	7.536482e-09	6.417311e+00	4.917242e+02
2.400000e-06	7.824070e-07	7.248972e-09	5.696393e+00	4.728724e+02
2.410000e-06	6.831747e-07	6.944871e-09	4.973922e+00	4.536548e+02
2.420000e-06	5.838252e-07	6.643376e-09	4.250598e+00	4.340704e+02
2.430000e-06	4.843498e-07	6.347531e-09	3.526357e+00	4.141236e+02
2.440000e-06	3.847291e-07	6.041428e-09	2.801059e+00	3.938218e+02
2.450000e-06	2.849964e-07	5.722917e-09	2.074945e+00	3.731723e+02
2.460000e-06	1.851150e-07	5.403862e-09	1.347748e+00	3.521782e+02
2.470000e-06	8.515353e-08	5.082193e-09	6.199688e-01	3.308354e+02
2.480000e-06	-1.478235e-08	4.751107e-09	-1.076244e-01	3.091311e+02
2.490000e-06	-1.147349e-07	4.413493e-09	-8.353388e-01	2.870448e+02
2.500000e-06	-2.146947e-07	4.070524e-09	-1.563106e+00	2.645500e+02
2.510000e-06	-3.145982e-07	3.720443e-09	-2.290464e+00	2.416182e+02
2.520000e-06	-4.144214e-07	3.362115e-09	-3.017237e+00	2.182222e+02
2.530000e-06	-5.141372e-07	2.999959e-09	-3.743228e+00	1.943381e+02
2.540000e-06	-6.137172e-07	2.631653e-09	-4.468230e+00	1.699461e+02
2.550000e-06	-7.131547e-07	2.251910e-09	-5.192195e+00	1.450282e+02
2.560000e-06	-8.123699e-07	1.861085e-09	-5.914541e+00	1.195649e+02
2.570000e-06	-9.113266e-07	1.462696e-09	-6.635005e+00	9.353095e+01
2.580000e-06	-1.010002e-06	1.057473e-09	-7.353420e+00	6.689243e+01
2.590000e-06	-1.108303e-06	6.419446e-10	-8.069109e+00	3.960572e+01
2.600000e-06	-1.206202e-06	2.152845e-10	-8.781876e+00	1.162017e+01
2.610000e-06	-1.303665e-06	-2.239305e-10	-9.491464e+00	-1.711585e+01
2.620000e-06	-1.400712e-06	-6.765744e-10	-1.019803e+01	-4.664594e+01
2.630000e-06	-1.497298e-06	-1.142846e-09	-1.090123e+01	-7.699525e+01
2.640000e-06	-1.593342e-06	-1.619547e-09	-1.160049e+01	-1.081606e+02
2.650000e-06	-1.688844e-06	-2.103917e-09	-1.229580e+01	-1.401028e+02
2.660000e-06	-1.783758e-06	-2.599730e-09	-1.298683e+01	-1.727435e+02
2.670000e-06	-1.877874e-06	-3.109444e-09	-1.367205e+01	-2.059663e+02
2.680000e-06	-1.971090e-06	-3.626944e-09	-1.435072e+01	-2.396225e+02
2.690000e-06	-2.063465e-06	-4.146014e-09	-1.502327e+01	-2.735408e+02
2.700000e-06	-2.155081e-06	-4.666300e-09	-1.569028e+01	-3.075385e+02
2.710000e-06	-2.245999e-06	-5.185569e-09	-1.635222e+01	-3.414325e+02
2.720000e-06	-2.336131e-06	-5.698919e-09	-1.700843e+01	-3.750493e+02
2.730000e-06	-2.425420e-06	-6.205263e-09	-1.765851e+01	-4.082309e+02
2.740000e-06	-2.513890e-06	-6.704173e-09	-1.830263e+01	-4.408392e+02
2.750000e-06	-2.601618e-06	-7.191596e-09	-1.894134e+01	-4.727560e+02
2.760000e-06	-2.688529e-06	-7.665376e-09	-1.957411e+01	-5.038824e+02
2.770000e-06	-2.774377e-06	-8.128324e-09	-2.019913e+01	-5.341365e+02
2.780000e-06	-2.859063e-06	-8.580230e-09	-2.081569e+01	-5.634519e+02
2.790000e-06	-2.942732e-06	-9.016569e-09	-2.142486e+01	-5.917769e+02
2.800000e-06	-3.025496e-06	-9.434427e-09	-2.202742e+01	-6.190744e+02
2.810000e-06	-3.107287e-06	-9.835061e-09	-2.262292e+01	-6.453219e+02
2.820000e-06	-3.188045e-06	-1.022208e-08	-2.321089e+01	-6.705127e+02
2.830000e-06	-3.267742e-06	-1.059453e-08	-2.379112e+01	-6.946542e+02
2.840000e-06	-3.346141e-06	-1.095037e-08	-2.436191e+01	-7.177669e+02
2.850000e-06	-3.423043e-06	-1.128859e-08	-2.492181e+01	-7.398806e+02
2.860000e-06	-3.498600e-06	-1.161032e-08	-2.547191e+01	-7.610311e+02
2.870000e-06	-3.572874e-06	-1.191845e-08	-2.601267e+01	-7.812558e+02
2.880000e-06	-3.645854e-06	-1.221469e-08	-2.654401e+01	-8.005905e+02
2.890000e-06	-3.717598e-06	-1.249951e-08	-2.706635e+01	-8.190676e+02
2.900000e-06	-3.787927e-06	-1.277325e-08	-2.757839e+01	-8.367160e+02
2.910000e-06	-3.856726e-06	-1.303461e-08	-2.807928e+01	-8.535618e+02
2.920000e-06	-3.924129e-06	-1.328093e-08	-2.857002e+01	-8.696310e+02
2.930000e-06	-3.990215e-06	-1.351419e-08	-2.905116e+01	-8.849509e+02
2.940000e-06	-4.054963e-06	-1.373759e-08	-2.952256e+01	-8.995519e+02
2.950000e-06	-4.118278e-06	-1.395246e-08	-2.998354e+01	-9.134672e+02
2.960000e-06	-4.179945e-06	-1.415799e-08	-3.043251e+01	-9.267318e+02
2.970000e-06	-4.239988e-06	-1.435294e-08	-3.086966e+01	-9.393794e+02
2.980000e-06	-4.298610e-06	-1.453816e-08	-3.129646e+01	-9.514404e+02
2.990000e-06	-4.355820e-06	-1.471517e-08	-3.171298e+01	-9.629394e+02
3.000000e-06	-4.411478e-06	-1.488396e-08	-3.211821e+01	-9.738940e+02
3.010000e-06	-4.465321e-06	-1.504281e-08	-3.251022e+01	-9.843155e+02
3.020000e-06	-4.517276e-06	-1.519162e-08	-3.288848e+01	-9.942112e+02
3.030000e-06	-4.567466e-06	-1.533151e-08	-3.325390e+01	-1.003587e+03
3.040000e-06	-4.615815e-06	-1.546602e-08	-3.360591e+01	-1.012452e+03
3.050000e-06	-4.662320e-06	-1.559543e-08	-3.394449e+01	-1.020816e+03
3.060000e-06	-4.707252e-06	-1.571676e-08	-3.427162e+01	-1.028700e+03
3.070000e-06	-4.750775e-06	-1.582952e-08	-3.458849e+01	-1.036124e+03
3.080000e-06	-4.792860e-06	-1.593962e-08	-3.489490e+01	-1.043114e+03
3.090000e-06	-4.833429e-06	-1.604532e-08	-3.519026e+01	-1.049696e+03
3.100000e-06	-4.872346e-06	-1.614102e-08	-3.547361e+01	-1.055893e+03
3.110000e-06	-4.909401e-06	-1.622879e-08	-3.574339e+01	-1.061722e+03
3.120000e-06	-4.944646e-06	-1.631254e-08	-3.599999e+01	-1.067197e+03
3.130000e-06	-4.978254e-06	-1.639234e-08	-3.624468e+01	-1.072326e+03
3.140000e-06	-5.010177e-06	-1.646454e-08	-3.647710e+01	-1.077117e+03
3.150000e-06	-5.040214e-06	-1.653095e-08	-3.669579e+01	-1.081574e+03
3.160000e-06	-5.068377e-06	-1.659470e-08	-3.690083e+01	-1.085704e+03
3.170000e-06	-5.094747e-06	-1.665419e-08	-3.709282e+01	-1.089516e+03
3.180000e-06	-5.119352e-06	-1.670810e-08	-3.727195e+01	-1.093019e+03
3.190000e-06	-5.142171e-06	-1.675839e-08	-3.743809e+01	-1.096221e+03
3.200000e-06	-5.163022e-06	-1.680568e-08	-3.758990e+01	-1.099129e+03
3.210000e-06	-5.182002e-06	-1.684860e-08	-3.772809e+01	-1.101743e+03
3.220000e-06	-5.199248e-06	-1.688521e-08	-3.785365e+01	-1.104062e+03
3.230000e-06	-5.214618e-06	-1.691493e-08	-3.796555e+01	-1.106081e+03
3.240000e-06	-5.227815e-06	-1.694046e-08	-3.806163e+01	-1.107794e+03
3.250000e-06	-5.238914e-06	-1.696298e-08	-3.814244e+01	-1.109199e+03
3.260000e-06	-5.248258e-06	-1.698171e-08	-3.821047e+01	-1.110301e+03
3.270000e-06	-5.255736e-06	-1.699633e-08	-3.826491e+01	-1.111113e+03
3.280000e-06	-5.261159e-06	-1.700684e-08	-3.830439e+01	-1.111656e+03
3.290000e-06	-5.264750e-06	-1.701316e-08	-3.833054e+01	-1.111956e+03
3.300000e-06	-5.266656e-06	-1.701369e-08	-3.834442e+01	-1.112042e+03
3.310000e-06	-5.266783e-06	-1.700984e-08	-3.834535e+01	-1.111933e+03
