# Temperatura_=_73.0
# Concentracion g/m^3_=_24000.0
# C_Vs_to_Am_M_A/Vsm_=_65563218390.804596
# pendiente_HvsI_1/m_=_3716.3
# ordenada_HvsI_A/m_=_1297.0
# frecuencia_Hz_=_301599.96662760765

Tiempo_(s)	Campo_(V.s)	Magnetizacion_(V.s)	Campo_(kA/m)	Magnetizacion_(A/m)
0.000000e+00	-5.280173e-06	-1.938996e-08	-3.833848e+01	-1.266497e+03
1.000000e-08	-5.277818e-06	-1.937752e-08	-3.832137e+01	-1.265997e+03
2.000000e-08	-5.273672e-06	-1.936624e-08	-3.829128e+01	-1.265308e+03
3.000000e-08	-5.267940e-06	-1.935092e-08	-3.824965e+01	-1.264411e+03
4.000000e-08	-5.260671e-06	-1.932945e-08	-3.819688e+01	-1.263275e+03
5.000000e-08	-5.251592e-06	-1.930538e-08	-3.813095e+01	-1.261863e+03
6.000000e-08	-5.240518e-06	-1.927914e-08	-3.805055e+01	-1.260144e+03
7.000000e-08	-5.227630e-06	-1.925315e-08	-3.795697e+01	-1.258104e+03
8.000000e-08	-5.212714e-06	-1.922456e-08	-3.784867e+01	-1.255758e+03
9.000000e-08	-5.195610e-06	-1.915128e-08	-3.772448e+01	-1.253145e+03
1.000000e-07	-5.176475e-06	-1.910728e-08	-3.758554e+01	-1.250333e+03
1.100000e-07	-5.155385e-06	-1.909230e-08	-3.743241e+01	-1.247402e+03
1.200000e-07	-5.132594e-06	-1.902802e-08	-3.726693e+01	-1.244434e+03
1.300000e-07	-5.108427e-06	-1.902262e-08	-3.709146e+01	-1.241493e+03
1.400000e-07	-5.082727e-06	-1.899025e-08	-3.690485e+01	-1.238610e+03
1.500000e-07	-5.055319e-06	-1.882043e-08	-3.670584e+01	-1.235776e+03
1.600000e-07	-5.026414e-06	-1.884021e-08	-3.649597e+01	-1.232940e+03
1.700000e-07	-4.996002e-06	-1.881097e-08	-3.627516e+01	-1.230014e+03
1.800000e-07	-4.963633e-06	-1.866513e-08	-3.604013e+01	-1.226888e+03
1.900000e-07	-4.929295e-06	-1.873116e-08	-3.579081e+01	-1.223452e+03
2.000000e-07	-4.893393e-06	-1.864514e-08	-3.553013e+01	-1.219607e+03
2.100000e-07	-4.855880e-06	-1.848861e-08	-3.525775e+01	-1.215287e+03
2.200000e-07	-4.816654e-06	-1.849538e-08	-3.497294e+01	-1.210465e+03
2.300000e-07	-4.775542e-06	-1.839746e-08	-3.467443e+01	-1.205154e+03
2.400000e-07	-4.732489e-06	-1.826522e-08	-3.436183e+01	-1.199397e+03
2.500000e-07	-4.687652e-06	-1.817963e-08	-3.403627e+01	-1.193260e+03
2.600000e-07	-4.641083e-06	-1.806734e-08	-3.369815e+01	-1.186809e+03
2.700000e-07	-4.592666e-06	-1.800499e-08	-3.334660e+01	-1.180105e+03
2.800000e-07	-4.542137e-06	-1.788116e-08	-3.297972e+01	-1.173184e+03
2.900000e-07	-4.489605e-06	-1.775189e-08	-3.259829e+01	-1.166062e+03
3.000000e-07	-4.435464e-06	-1.765292e-08	-3.220518e+01	-1.158728e+03
3.100000e-07	-4.379830e-06	-1.753571e-08	-3.180124e+01	-1.151161e+03
3.200000e-07	-4.322496e-06	-1.741765e-08	-3.138494e+01	-1.143331e+03
3.300000e-07	-4.263455e-06	-1.728502e-08	-3.095625e+01	-1.135213e+03
3.400000e-07	-4.202881e-06	-1.718237e-08	-3.051644e+01	-1.126794e+03
3.500000e-07	-4.140899e-06	-1.704215e-08	-3.006640e+01	-1.118072e+03
3.600000e-07	-4.077553e-06	-1.688768e-08	-2.960645e+01	-1.109059e+03
3.700000e-07	-4.012708e-06	-1.675998e-08	-2.913562e+01	-1.099773e+03
3.800000e-07	-3.946255e-06	-1.660681e-08	-2.865312e+01	-1.090231e+03
3.900000e-07	-3.878303e-06	-1.645924e-08	-2.815973e+01	-1.080446e+03
4.000000e-07	-3.809045e-06	-1.630858e-08	-2.765685e+01	-1.070418e+03
4.100000e-07	-3.738615e-06	-1.615922e-08	-2.714547e+01	-1.060138e+03
4.200000e-07	-3.667116e-06	-1.600568e-08	-2.662634e+01	-1.049589e+03
4.300000e-07	-3.594274e-06	-1.582933e-08	-2.609744e+01	-1.038749e+03
4.400000e-07	-3.519777e-06	-1.565368e-08	-2.555653e+01	-1.027600e+03
4.500000e-07	-3.443804e-06	-1.546800e-08	-2.500490e+01	-1.016132e+03
4.600000e-07	-3.366517e-06	-1.528514e-08	-2.444373e+01	-1.004341e+03
4.700000e-07	-3.287909e-06	-1.511232e-08	-2.387297e+01	-9.922353e+02
4.800000e-07	-3.207978e-06	-1.493234e-08	-2.329260e+01	-9.798275e+02
4.900000e-07	-3.126788e-06	-1.473801e-08	-2.270310e+01	-9.671317e+02
5.000000e-07	-3.044477e-06	-1.452688e-08	-2.210545e+01	-9.541579e+02
5.100000e-07	-2.961212e-06	-1.432398e-08	-2.150088e+01	-9.409089e+02
5.200000e-07	-2.877097e-06	-1.411892e-08	-2.089013e+01	-9.273781e+02
5.300000e-07	-2.792074e-06	-1.390430e-08	-2.027279e+01	-9.135516e+02
5.400000e-07	-2.706145e-06	-1.369130e-08	-1.964888e+01	-8.994106e+02
5.500000e-07	-2.619370e-06	-1.347372e-08	-1.901882e+01	-8.849359e+02
5.600000e-07	-2.531692e-06	-1.324325e-08	-1.838221e+01	-8.701124e+02
5.700000e-07	-2.443032e-06	-1.300221e-08	-1.773846e+01	-8.549313e+02
5.800000e-07	-2.353295e-06	-1.276802e-08	-1.708689e+01	-8.393910e+02
5.900000e-07	-2.262551e-06	-1.252706e-08	-1.642802e+01	-8.234959e+02
6.000000e-07	-2.170996e-06	-1.227297e-08	-1.576325e+01	-8.072527e+02
6.100000e-07	-2.078725e-06	-1.202054e-08	-1.509328e+01	-7.906677e+02
6.200000e-07	-1.985713e-06	-1.177178e-08	-1.441794e+01	-7.737429e+02
6.300000e-07	-1.891956e-06	-1.151083e-08	-1.373718e+01	-7.564751e+02
6.400000e-07	-1.797585e-06	-1.123337e-08	-1.305197e+01	-7.388552e+02
6.500000e-07	-1.702634e-06	-1.095531e-08	-1.236254e+01	-7.208710e+02
6.600000e-07	-1.607061e-06	-1.067578e-08	-1.166861e+01	-7.025090e+02
6.700000e-07	-1.510919e-06	-1.038697e-08	-1.097054e+01	-6.837578e+02
6.800000e-07	-1.414212e-06	-1.009208e-08	-1.026837e+01	-6.646101e+02
6.900000e-07	-1.316875e-06	-9.798804e-09	-9.561612e+00	-6.450631e+02
7.000000e-07	-1.218894e-06	-9.497089e-09	-8.850194e+00	-6.251175e+02
7.100000e-07	-1.120424e-06	-9.183220e-09	-8.135218e+00	-6.047751e+02
7.200000e-07	-1.021610e-06	-8.867724e-09	-7.417746e+00	-5.840368e+02
7.300000e-07	-9.225003e-07	-8.546324e-09	-6.698125e+00	-5.628995e+02
7.400000e-07	-8.230896e-07	-8.213711e-09	-5.976320e+00	-5.413555e+02
7.500000e-07	-7.233806e-07	-7.873476e-09	-5.252349e+00	-5.193925e+02
7.600000e-07	-6.234684e-07	-7.531054e-09	-4.526902e+00	-4.969959e+02
7.700000e-07	-5.234355e-07	-7.182706e-09	-3.800580e+00	-4.741506e+02
7.800000e-07	-4.232764e-07	-6.824098e-09	-3.073341e+00	-4.508446e+02
7.900000e-07	-3.230021e-07	-6.460609e-09	-2.345265e+00	-4.270699e+02
8.000000e-07	-2.226296e-07	-6.094323e-09	-1.616477e+00	-4.028237e+02
8.100000e-07	-1.221718e-07	-5.718524e-09	-8.870697e-01	-3.781068e+02
8.200000e-07	-2.164166e-08	-5.332943e-09	-1.571366e-01	-3.529207e+02
8.300000e-07	7.896815e-08	-4.942850e-09	5.733749e-01	-3.272643e+02
8.400000e-07	1.795653e-07	-4.544795e-09	1.303795e+00	-3.011300e+02
8.500000e-07	2.800872e-07	-4.136538e-09	2.033667e+00	-2.745003e+02
8.600000e-07	3.805275e-07	-3.720344e-09	2.762948e+00	-2.473464e+02
8.700000e-07	4.808937e-07	-3.298238e-09	3.491691e+00	-2.196266e+02
8.800000e-07	5.811479e-07	-2.866842e-09	4.219620e+00	-1.912881e+02
8.900000e-07	6.812615e-07	-2.424628e-09	4.946529e+00	-1.622679e+02
9.000000e-07	7.811938e-07	-1.973530e-09	5.672121e+00	-1.324955e+02
9.100000e-07	8.808734e-07	-1.509217e-09	6.395878e+00	-1.018963e+02
9.200000e-07	9.802592e-07	-1.027620e-09	7.117502e+00	-7.039491e+01
9.300000e-07	1.079276e-06	-5.299334e-10	7.836450e+00	-3.791974e+01
9.400000e-07	1.177934e-06	-1.905251e-11	8.552790e+00	-4.408603e+00
9.500000e-07	1.276126e-06	5.071326e-10	9.265744e+00	3.018462e+01
9.600000e-07	1.373685e-06	1.049817e-09	9.974105e+00	6.588217e+01
9.700000e-07	1.470540e-06	1.608561e-09	1.067735e+01	1.026743e+02
9.800000e-07	1.566715e-06	2.182035e-09	1.137566e+01	1.405117e+02
9.900000e-07	1.662274e-06	2.770609e-09	1.206950e+01	1.793001e+02
1.000000e-06	1.757235e-06	3.373588e-09	1.275899e+01	2.188977e+02
1.010000e-06	1.851578e-06	3.984903e-09	1.344400e+01	2.591178e+02
1.020000e-06	1.945292e-06	4.602544e-09	1.412445e+01	2.997348e+02
1.030000e-06	2.038389e-06	5.222257e-09	1.480041e+01	3.404958e+02
1.040000e-06	2.130795e-06	5.838959e-09	1.547136e+01	3.811346e+02
1.050000e-06	2.222525e-06	6.447623e-09	1.613739e+01	4.213874e+02
1.060000e-06	2.313538e-06	7.046541e-09	1.679822e+01	4.610073e+02
1.070000e-06	2.403660e-06	7.635425e-09	1.745258e+01	4.997772e+02
1.080000e-06	2.492792e-06	8.209456e-09	1.809975e+01	5.375175e+02
1.090000e-06	2.580909e-06	8.765595e-09	1.873956e+01	5.740904e+02
1.100000e-06	2.668084e-06	9.303062e-09	1.937252e+01	6.093991e+02
1.110000e-06	2.754371e-06	9.820294e-09	1.999904e+01	6.433836e+02
1.120000e-06	2.839745e-06	1.031691e-08	2.061893e+01	6.760147e+02
1.130000e-06	2.924164e-06	1.079208e-08	2.123188e+01	7.072873e+02
1.140000e-06	3.007697e-06	1.124650e-08	2.183840e+01	7.372142e+02
1.150000e-06	3.090349e-06	1.167994e-08	2.243852e+01	7.658210e+02
1.160000e-06	3.171900e-06	1.209335e-08	2.303065e+01	7.931432e+02
1.170000e-06	3.252201e-06	1.248919e-08	2.361370e+01	8.192234e+02
1.180000e-06	3.331246e-06	1.286651e-08	2.418764e+01	8.441099e+02
1.190000e-06	3.409127e-06	1.322721e-08	2.475312e+01	8.678550e+02
1.200000e-06	3.485861e-06	1.357220e-08	2.531027e+01	8.905133e+02
1.210000e-06	3.561395e-06	1.390131e-08	2.585871e+01	9.121392e+02
1.220000e-06	3.635536e-06	1.421574e-08	2.639703e+01	9.327844e+02
1.230000e-06	3.708071e-06	1.451463e-08	2.692370e+01	9.524965e+02
1.240000e-06	3.779181e-06	1.479770e-08	2.744002e+01	9.713178e+02
1.250000e-06	3.848999e-06	1.506802e-08	2.794695e+01	9.892855e+02
1.260000e-06	3.917544e-06	1.532772e-08	2.844465e+01	1.006433e+03
1.270000e-06	3.984784e-06	1.557579e-08	2.893287e+01	1.022794e+03
1.280000e-06	4.050450e-06	1.581066e-08	2.940966e+01	1.038399e+03
1.290000e-06	4.114487e-06	1.603459e-08	2.987462e+01	1.053285e+03
1.300000e-06	4.177085e-06	1.624941e-08	3.032913e+01	1.067488e+03
1.310000e-06	4.238336e-06	1.645493e-08	3.077387e+01	1.081047e+03
1.320000e-06	4.298206e-06	1.664960e-08	3.120857e+01	1.093997e+03
1.330000e-06	4.356591e-06	1.683458e-08	3.163250e+01	1.106370e+03
1.340000e-06	4.413284e-06	1.701333e-08	3.204414e+01	1.118191e+03
1.350000e-06	4.468290e-06	1.718489e-08	3.244353e+01	1.129478e+03
1.360000e-06	4.521709e-06	1.734821e-08	3.283139e+01	1.140238e+03
1.370000e-06	4.573366e-06	1.750364e-08	3.320647e+01	1.150475e+03
1.380000e-06	4.622992e-06	1.765260e-08	3.356679e+01	1.160189e+03
1.390000e-06	4.670673e-06	1.779438e-08	3.391300e+01	1.169381e+03
1.400000e-06	4.716714e-06	1.792618e-08	3.424729e+01	1.178059e+03
1.410000e-06	4.761229e-06	1.804801e-08	3.457051e+01	1.186234e+03
1.420000e-06	4.804195e-06	1.816259e-08	3.488247e+01	1.193925e+03
1.430000e-06	4.845325e-06	1.827162e-08	3.518112e+01	1.201155e+03
1.440000e-06	4.884626e-06	1.837336e-08	3.546648e+01	1.207951e+03
1.450000e-06	4.922335e-06	1.846883e-08	3.574027e+01	1.214336e+03
1.460000e-06	4.958485e-06	1.855894e-08	3.600275e+01	1.220332e+03
1.470000e-06	4.992948e-06	1.864330e-08	3.625298e+01	1.225954e+03
1.480000e-06	5.025503e-06	1.872200e-08	3.648936e+01	1.231214e+03
1.490000e-06	5.056216e-06	1.879538e-08	3.671236e+01	1.236120e+03
1.500000e-06	5.085287e-06	1.886525e-08	3.692344e+01	1.240678e+03
1.510000e-06	5.112703e-06	1.893044e-08	3.712250e+01	1.244896e+03
1.520000e-06	5.138194e-06	1.898981e-08	3.730759e+01	1.248780e+03
1.530000e-06	5.161685e-06	1.904404e-08	3.747815e+01	1.252339e+03
1.540000e-06	5.183371e-06	1.909127e-08	3.763561e+01	1.255581e+03
1.550000e-06	5.203326e-06	1.913234e-08	3.778050e+01	1.258507e+03
1.560000e-06	5.221496e-06	1.916792e-08	3.791243e+01	1.261119e+03
1.570000e-06	5.237752e-06	1.919934e-08	3.803047e+01	1.263410e+03
1.580000e-06	5.252053e-06	1.922865e-08	3.813430e+01	1.265372e+03
1.590000e-06	5.264434e-06	1.925427e-08	3.822420e+01	1.266997e+03
1.600000e-06	5.274715e-06	1.927398e-08	3.829885e+01	1.268281e+03
1.610000e-06	5.282880e-06	1.928810e-08	3.835813e+01	1.269229e+03
1.620000e-06	5.289140e-06	1.929655e-08	3.840358e+01	1.269856e+03
1.630000e-06	5.293618e-06	1.930033e-08	3.843610e+01	1.270190e+03
1.640000e-06	5.296246e-06	1.930048e-08	3.845518e+01	1.270264e+03
1.650000e-06	5.296910e-06	1.929639e-08	3.846000e+01	1.270110e+03
1.660000e-06	5.295741e-06	1.929184e-08	3.845151e+01	1.269756e+03
1.670000e-06	5.292921e-06	1.928673e-08	3.843104e+01	1.269215e+03
1.680000e-06	5.288468e-06	1.927675e-08	3.839870e+01	1.268482e+03
1.690000e-06	5.282229e-06	1.926568e-08	3.835340e+01	1.267536e+03
1.700000e-06	5.274208e-06	1.924896e-08	3.829516e+01	1.266343e+03
1.710000e-06	5.264586e-06	1.922402e-08	3.822530e+01	1.264867e+03
1.720000e-06	5.253356e-06	1.919390e-08	3.814377e+01	1.263078e+03
1.730000e-06	5.240268e-06	1.914927e-08	3.804873e+01	1.260970e+03
1.740000e-06	5.225048e-06	1.915320e-08	3.793822e+01	1.258561e+03
1.750000e-06	5.207476e-06	1.912007e-08	3.781064e+01	1.255898e+03
1.760000e-06	5.187472e-06	1.904164e-08	3.766539e+01	1.253053e+03
1.770000e-06	5.165202e-06	1.901161e-08	3.750369e+01	1.250107e+03
1.780000e-06	5.141432e-06	1.890369e-08	3.733110e+01	1.247139e+03
1.790000e-06	5.116862e-06	1.888032e-08	3.715270e+01	1.244208e+03
1.800000e-06	5.090999e-06	1.894139e-08	3.696492e+01	1.241337e+03
1.810000e-06	5.063380e-06	1.881103e-08	3.676438e+01	1.238508e+03
1.820000e-06	5.034210e-06	1.882533e-08	3.655258e+01	1.235659e+03
1.830000e-06	5.003116e-06	1.884706e-08	3.632681e+01	1.232699e+03
1.840000e-06	4.969869e-06	1.866069e-08	3.608541e+01	1.229515e+03
1.850000e-06	4.934986e-06	1.872505e-08	3.583213e+01	1.225998e+03
1.860000e-06	4.898428e-06	1.870957e-08	3.556669e+01	1.222054e+03
1.870000e-06	4.859963e-06	1.850777e-08	3.528740e+01	1.217627e+03
1.880000e-06	4.819699e-06	1.851621e-08	3.499505e+01	1.212697e+03
1.890000e-06	4.777601e-06	1.843192e-08	3.468939e+01	1.207285e+03
1.900000e-06	4.733907e-06	1.836308e-08	3.437213e+01	1.201440e+03
1.910000e-06	4.688623e-06	1.829261e-08	3.404333e+01	1.195229e+03
1.920000e-06	4.641449e-06	1.808757e-08	3.370080e+01	1.188719e+03
1.930000e-06	4.592618e-06	1.809349e-08	3.334625e+01	1.181965e+03
1.940000e-06	4.542211e-06	1.797091e-08	3.298026e+01	1.175000e+03
1.950000e-06	4.489966e-06	1.780736e-08	3.260091e+01	1.167832e+03
1.960000e-06	4.435746e-06	1.776457e-08	3.220723e+01	1.160450e+03
1.970000e-06	4.379691e-06	1.761786e-08	3.180022e+01	1.152828e+03
1.980000e-06	4.322069e-06	1.751399e-08	3.138184e+01	1.144937e+03
1.990000e-06	4.262968e-06	1.733614e-08	3.095271e+01	1.136755e+03
2.000000e-06	4.202456e-06	1.721942e-08	3.051335e+01	1.128269e+03
2.010000e-06	4.140382e-06	1.713805e-08	3.006264e+01	1.119483e+03
2.020000e-06	4.076596e-06	1.694669e-08	2.959950e+01	1.110409e+03
2.030000e-06	4.011330e-06	1.684974e-08	2.912561e+01	1.101065e+03
2.040000e-06	3.944687e-06	1.667375e-08	2.864173e+01	1.091470e+03
2.050000e-06	3.876774e-06	1.651175e-08	2.814863e+01	1.081632e+03
2.060000e-06	3.807491e-06	1.637206e-08	2.764558e+01	1.071550e+03
2.070000e-06	3.736618e-06	1.619985e-08	2.713098e+01	1.061213e+03
2.080000e-06	3.664320e-06	1.607045e-08	2.660603e+01	1.050603e+03
2.090000e-06	3.590794e-06	1.587062e-08	2.607217e+01	1.039697e+03
2.100000e-06	3.516056e-06	1.572876e-08	2.552951e+01	1.028480e+03
2.110000e-06	3.439960e-06	1.556262e-08	2.497699e+01	1.016941e+03
2.120000e-06	3.362420e-06	1.535674e-08	2.441398e+01	1.005081e+03
2.130000e-06	3.283452e-06	1.517074e-08	2.384061e+01	9.929084e+02
2.140000e-06	3.203255e-06	1.497399e-08	2.325831e+01	9.804369e+02
2.150000e-06	3.121989e-06	1.479784e-08	2.266825e+01	9.676799e+02
2.160000e-06	3.039664e-06	1.458291e-08	2.207051e+01	9.546464e+02
2.170000e-06	2.956349e-06	1.440186e-08	2.146557e+01	9.413368e+02
2.180000e-06	2.872034e-06	1.420925e-08	2.085337e+01	9.277432e+02
2.190000e-06	2.786599e-06	1.397262e-08	2.023304e+01	9.138500e+02
2.200000e-06	2.700028e-06	1.374444e-08	1.960446e+01	8.996381e+02
2.210000e-06	2.612430e-06	1.353597e-08	1.896843e+01	8.850889e+02
2.220000e-06	2.523838e-06	1.332951e-08	1.832518e+01	8.701883e+02
2.230000e-06	2.434330e-06	1.307476e-08	1.767527e+01	8.549292e+02
2.240000e-06	2.344014e-06	1.283213e-08	1.701950e+01	8.393115e+02
2.250000e-06	2.252962e-06	1.260414e-08	1.635839e+01	8.233403e+02
2.260000e-06	2.161278e-06	1.235748e-08	1.569269e+01	8.070225e+02
2.270000e-06	2.068930e-06	1.209184e-08	1.502216e+01	7.903637e+02
2.280000e-06	1.975772e-06	1.183631e-08	1.434576e+01	7.733650e+02
2.290000e-06	1.881712e-06	1.158325e-08	1.366280e+01	7.560217e+02
2.300000e-06	1.786821e-06	1.130332e-08	1.297382e+01	7.383240e+02
2.310000e-06	1.691231e-06	1.102382e-08	1.227976e+01	7.202590e+02
2.320000e-06	1.595106e-06	1.075630e-08	1.158180e+01	7.018135e+02
2.330000e-06	1.498530e-06	1.047493e-08	1.088058e+01	6.829769e+02
2.340000e-06	1.401484e-06	1.016487e-08	1.017595e+01	6.637429e+02
2.350000e-06	1.304013e-06	9.860761e-09	9.468223e+00	6.441094e+02
2.360000e-06	1.206158e-06	9.567572e-09	8.757720e+00	6.240776e+02
2.370000e-06	1.107866e-06	9.260375e-09	8.044034e+00	6.036495e+02
2.380000e-06	1.009153e-06	8.939830e-09	7.327296e+00	5.828252e+02
2.390000e-06	9.101699e-07	8.618048e-09	6.608596e+00	5.616007e+02
2.400000e-06	8.110022e-07	8.289378e-09	5.888555e+00	5.399671e+02
2.410000e-06	7.116482e-07	7.948886e-09	5.167161e+00	5.179116e+02
2.420000e-06	6.120627e-07	7.608517e-09	4.444088e+00	4.954191e+02
2.430000e-06	5.122739e-07	7.266283e-09	3.719537e+00	4.724751e+02
2.440000e-06	4.123621e-07	6.906748e-09	2.994094e+00	4.490681e+02
2.450000e-06	3.123447e-07	6.534966e-09	2.267884e+00	4.251916e+02
2.460000e-06	2.121438e-07	6.166293e-09	1.540342e+00	4.008435e+02
2.470000e-06	1.118044e-07	5.792182e-09	8.117934e-01	3.760250e+02
2.480000e-06	1.143893e-08	5.405636e-09	8.305620e-02	3.507375e+02
2.490000e-06	-8.888963e-08	5.011741e-09	-6.454132e-01	3.249787e+02
2.500000e-06	-1.891565e-07	4.612721e-09	-1.373435e+00	2.987392e+02
2.510000e-06	-2.893820e-07	4.202959e-09	-2.101155e+00	2.719991e+02
2.520000e-06	-3.895598e-07	3.785268e-09	-2.828531e+00	2.447269e+02
2.530000e-06	-4.896147e-07	3.365740e-09	-3.555012e+00	2.168785e+02
2.540000e-06	-5.894464e-07	2.931233e-09	-4.279874e+00	1.883985e+02
2.550000e-06	-6.890703e-07	2.478626e-09	-5.003227e+00	1.592223e+02
2.560000e-06	-7.885125e-07	2.019650e-09	-5.725261e+00	1.292782e+02
2.570000e-06	-8.877253e-07	1.557252e-09	-6.445629e+00	9.849109e+01
2.580000e-06	-9.866669e-07	1.078284e-09	-7.164027e+00	6.678591e+01
2.590000e-06	-1.085299e-06	5.761195e-10	-7.880178e+00	3.409263e+01
2.600000e-06	-1.183548e-06	5.887876e-11	-8.593549e+00	3.518871e-01
2.610000e-06	-1.281333e-06	-4.732093e-10	-9.303549e+00	-3.447799e+01
2.620000e-06	-1.378666e-06	-1.024061e-09	-1.001027e+01	-7.041307e+01
2.630000e-06	-1.475583e-06	-1.591880e-09	-1.071396e+01	-1.074357e+02
2.640000e-06	-1.572061e-06	-2.172772e-09	-1.141448e+01	-1.454874e+02
2.650000e-06	-1.668024e-06	-2.769328e-09	-1.211125e+01	-1.844636e+02
2.660000e-06	-1.763401e-06	-3.380180e-09	-1.280377e+01	-2.242127e+02
2.670000e-06	-1.858096e-06	-3.996928e-09	-1.349133e+01	-2.645389e+02
2.680000e-06	-1.951904e-06	-4.617507e-09	-1.417246e+01	-3.052096e+02
2.690000e-06	-2.044823e-06	-5.242243e-09	-1.484713e+01	-3.459679e+02
2.700000e-06	-2.136944e-06	-5.866061e-09	-1.551600e+01	-3.865468e+02
2.710000e-06	-2.228315e-06	-6.481765e-09	-1.617943e+01	-4.266848e+02
2.720000e-06	-2.318875e-06	-7.085734e-09	-1.683697e+01	-4.661406e+02
2.730000e-06	-2.408582e-06	-7.675963e-09	-1.748833e+01	-5.047045e+02
2.740000e-06	-2.497520e-06	-8.250913e-09	-1.813408e+01	-5.422057e+02
2.750000e-06	-2.585700e-06	-8.809911e-09	-1.877435e+01	-5.785155e+02
2.760000e-06	-2.673051e-06	-9.349053e-09	-1.940859e+01	-6.135452e+02
2.770000e-06	-2.759393e-06	-9.863873e-09	-2.003551e+01	-6.472421e+02
2.780000e-06	-2.844526e-06	-1.035603e-08	-2.065364e+01	-6.795828e+02
2.790000e-06	-2.928572e-06	-1.083033e-08	-2.126388e+01	-7.105664e+02
2.800000e-06	-3.011745e-06	-1.128429e-08	-2.186779e+01	-7.402088e+02
2.810000e-06	-3.093971e-06	-1.171587e-08	-2.246482e+01	-7.685380e+02
2.820000e-06	-3.175177e-06	-1.212960e-08	-2.305444e+01	-7.955912e+02
2.830000e-06	-3.255373e-06	-1.252914e-08	-2.363674e+01	-8.214122e+02
2.840000e-06	-3.334412e-06	-1.291118e-08	-2.421062e+01	-8.460505e+02
2.850000e-06	-3.412011e-06	-1.327014e-08	-2.477405e+01	-8.695591e+02
2.860000e-06	-3.488147e-06	-1.361214e-08	-2.532686e+01	-8.919925e+02
2.870000e-06	-3.562890e-06	-1.394099e-08	-2.586957e+01	-9.134049e+02
2.880000e-06	-3.636343e-06	-1.425337e-08	-2.640290e+01	-9.338473e+02
2.890000e-06	-3.708633e-06	-1.455179e-08	-2.692778e+01	-9.533661e+02
2.900000e-06	-3.779589e-06	-1.483870e-08	-2.744298e+01	-9.720024e+02
2.910000e-06	-3.848994e-06	-1.511318e-08	-2.794692e+01	-9.897926e+02
2.920000e-06	-3.916926e-06	-1.537270e-08	-2.844016e+01	-1.006770e+03
2.930000e-06	-3.983549e-06	-1.562025e-08	-2.892390e+01	-1.022967e+03
2.940000e-06	-4.048825e-06	-1.585911e-08	-2.939786e+01	-1.038416e+03
2.950000e-06	-4.112757e-06	-1.608797e-08	-2.986206e+01	-1.053153e+03
2.960000e-06	-4.175112e-06	-1.630740e-08	-3.031481e+01	-1.067216e+03
2.970000e-06	-4.235745e-06	-1.651639e-08	-3.075505e+01	-1.080642e+03
2.980000e-06	-4.294865e-06	-1.671462e-08	-3.118431e+01	-1.093467e+03
2.990000e-06	-4.352578e-06	-1.690265e-08	-3.160336e+01	-1.105721e+03
3.000000e-06	-4.408831e-06	-1.708095e-08	-3.201180e+01	-1.117427e+03
3.010000e-06	-4.463377e-06	-1.725026e-08	-3.240785e+01	-1.128601e+03
3.020000e-06	-4.516020e-06	-1.741125e-08	-3.279009e+01	-1.139250e+03
3.030000e-06	-4.566815e-06	-1.756500e-08	-3.315890e+01	-1.149376e+03
3.040000e-06	-4.615752e-06	-1.771320e-08	-3.351422e+01	-1.158979e+03
3.050000e-06	-4.662861e-06	-1.785418e-08	-3.385627e+01	-1.168061e+03
3.060000e-06	-4.708393e-06	-1.798600e-08	-3.418688e+01	-1.176631e+03
3.070000e-06	-4.752498e-06	-1.810809e-08	-3.450711e+01	-1.184701e+03
3.080000e-06	-4.795134e-06	-1.822630e-08	-3.481669e+01	-1.192292e+03
3.090000e-06	-4.836174e-06	-1.834140e-08	-3.511467e+01	-1.199428e+03
3.100000e-06	-4.875586e-06	-1.844775e-08	-3.540084e+01	-1.206135e+03
3.110000e-06	-4.913204e-06	-1.854419e-08	-3.567397e+01	-1.212436e+03
3.120000e-06	-4.948966e-06	-1.863394e-08	-3.593364e+01	-1.218351e+03
3.130000e-06	-4.983025e-06	-1.871893e-08	-3.618093e+01	-1.223896e+03
3.140000e-06	-5.015446e-06	-1.879845e-08	-3.641634e+01	-1.229081e+03
3.150000e-06	-5.046020e-06	-1.887341e-08	-3.663833e+01	-1.233913e+03
3.160000e-06	-5.074664e-06	-1.894356e-08	-3.684631e+01	-1.238398e+03
3.170000e-06	-5.101588e-06	-1.900819e-08	-3.704180e+01	-1.242545e+03
3.180000e-06	-5.126801e-06	-1.906684e-08	-3.722487e+01	-1.246359e+03
3.190000e-06	-5.150156e-06	-1.912092e-08	-3.739445e+01	-1.249851e+03
3.200000e-06	-5.171536e-06	-1.917132e-08	-3.754968e+01	-1.253025e+03
3.210000e-06	-5.191066e-06	-1.921777e-08	-3.769149e+01	-1.255886e+03
3.220000e-06	-5.208862e-06	-1.925842e-08	-3.782070e+01	-1.258430e+03
3.230000e-06	-5.224766e-06	-1.929268e-08	-3.793618e+01	-1.260653e+03
3.240000e-06	-5.238523e-06	-1.932196e-08	-3.803606e+01	-1.262544e+03
3.250000e-06	-5.250181e-06	-1.934736e-08	-3.812071e+01	-1.264097e+03
3.260000e-06	-5.259990e-06	-1.936732e-08	-3.819193e+01	-1.265309e+03
3.270000e-06	-5.267979e-06	-1.938116e-08	-3.824993e+01	-1.266187e+03
3.280000e-06	-5.273989e-06	-1.939003e-08	-3.829358e+01	-1.266750e+03
3.290000e-06	-5.278065e-06	-1.939464e-08	-3.832317e+01	-1.267026e+03
3.300000e-06	-5.280392e-06	-1.939758e-08	-3.834007e+01	-1.267049e+03
3.310000e-06	-5.280994e-06	-1.939706e-08	-3.834444e+01	-1.266851e+03
